1 0.4059620475663648 0.694862227164315 0.14896410596659315 0.19081234318714835
24 0.9161496113953187 0.16926666534823437 0.04092662033662686 0.07875172403418088
10 0.9110380422461282 0.4911205969184536 0.10351115989476611 0.07286205968437398
10 0.7803078886859586 0.49023831203443297 0.10351115989476622 0.07286205968437398
2 0.9010170922216245 0.6049379484398485 0.05861870768413513 0.13857757832127315
32 0.7107735862674269 0.6608639236690214 0.026234346865556923 0.03914882666913111
32 0.6005860565670138 0.6584016325025321 0.026234346865556923 0.03914882666913111
25 0.4859524397898987 0.5222211219509276 0.05163205325771758 0.13165518758966738
25 0.4228439785393588 0.41030418629986465 0.050118895443983624 0.13165518758966738
26 0.36593033133528047 0.2799582643482282 0.05010762523806489 0.20088192099945082
25 0.1380609973451909 0.9303908729368686 0.051336273380982456 0.10113091693070442
31 0.18170926613407357 0.6791443956807821 0.04756698844355012 0.07970226227618105
35 0.3119156468365004 0.9546030529182322 0.050975532000470336 0.06851002970122222
