20 0.34806883871365957 0.2441948968228484 0.24795615395285892 0.28800326924391084
1 0.5094455604976484 0.8747120475663648 0.19081234318714835 0.14896410596659315
25 0.33680445528426095 0.9547024397898987 0.13165518758966732 0.05163205325771758
25 0.224887519633198 0.8915939785393587 0.13165518758966738 0.050118895443983624
25 0.7449742062702019 0.606810997345191 0.10113091693070442 0.051336273380982456
24 0.9355196534140295 0.6875153190116945 0.09989761306569567 0.04902382863409571
31 0.4937277290141153 0.6504592661340736 0.0797022622761811 0.04756698844355012
35 0.7691863862515655 0.7806656468365004 0.06851002970122222 0.050975532000470336
14 0.5397213086803239 0.4769239681925548 0.20818373093224146 0.03038667064097078
16 0.14446066597232582 0.29635172955730926 0.062212287894369445 0.181823537606002
