23 0.7397787754632419 0.5709075865157669 0.10060587116418562 0.0536281991626133
25 0.8516918872038408 0.8819299004207719 0.10455053219277488 0.050456283043663674
25 0.4144295155417263 0.4350916270541621 0.10455053219277588 0.050663562181887944
14 0.9429296541999246 0.8813723987295949 0.048036108266287125 0.15577717401632296
31 0.9160761392423278 0.11926944426835356 0.0733171813063942 0.04649212729286567
19 0.8876223902825155 0.21974461671983964 0.0534183963384417 0.021836245371294916
17 0.09585710519139923 0.14685396874595041 0.11258384673128785 0.14648398014992103
18 0.14468434683091214 0.4697461311274406 0.06346550437618625 0.06233510114010199
14 0.08412784725726208 0.8819547740052343 0.048036108266287236 0.1557771740163233
32 0.07679606192226912 0.249540355313507 0.04144329964453852 0.02617839767908381
34 0.05201308718235065 0.45845898237118166 0.09011179629759924 0.054327683873242494
