14 0.12613742894028712 0.836730193751676 0.18345619128908797 0.056955208327113094
32 0.8656093352755712 0.10778253140791172 0.03190021454024927 0.04886684502907457
14 0.12574081357959055 0.09946567217508961 0.1832925913829726 0.056748714030777636
19 0.5657899644770559 0.17092721724543125 0.02578916045270463 0.06960267777764395
34 0.6380326673849425 0.13925614832733635 0.04128000539904808 0.1123733480307425
27 0.7757736745078393 0.49896989735912634 0.050541788061281734 0.10108357612255481
18 0.6141980975149746 0.7650636004857063 0.0736048695697854 0.07428376901121247
19 0.5657856743357654 0.9085088377449668 0.02578916045270463 0.06960267777764406
34 0.6380283772436485 0.876837768826872 0.04128000539904808 0.11237334803074239
33 0.8852499684135691 0.8451474814138198 0.04952562914416847 0.04775352565313318
