17 0.1292267039103886 0.40814560246897785 0.13119615346782326 0.3421090131437111
32 0.15297745307440874 0.6164509156880797 0.04517669769532898 0.029652855953150925
18 0.07240021804831637 0.8762782868704374 0.07428376901121207 0.07360486956978529
19 0.2158454553075804 0.9246907100496451 0.06960267777764478 0.02578916045270463
34 0.18440009641307997 0.8524480071417614 0.11192192798355147 0.04128000539904808
17 0.489594165307913 0.32458475950516785 0.12134698880187972 0.17591358646042754
32 0.5121220755582224 0.4446560057711593 0.043450661630127285 0.02857408341238854
18 0.4307187273903319 0.8768293926511272 0.07428376901121397 0.0736048695697854
19 0.5741639646495931 0.9252418158303342 0.06960267777764484 0.02578916045270463
34 0.5424928957315008 0.8529991129224535 0.11237334803074267 0.04128000539904797
33 0.5115014588423994 0.6059374042954826 0.04775352565313257 0.04952562914416847
18 0.8356259497316946 0.8761842846897021 0.07428376901121392 0.0736048695697854
32 0.9150912795465558 0.6617916185911742 0.04345066163012545 0.028574083412387763
