17 0.7311899627562781 0.24564560246897787 0.13119615346782332 0.3421090131437111
32 0.7074392135922579 0.4539509156880797 0.04517669769532895 0.029652855953150925
18 0.7880164486183503 0.7137782868704374 0.07428376901121214 0.0736048695697854
19 0.6445712113590862 0.762190710049645 0.06960267777764484 0.02578916045270463
34 0.6760165702535867 0.6899480071417614 0.1119219279835515 0.04128000539904797
17 0.37082250135875366 0.16208475950516787 0.12134698880187977 0.17591358646042754
32 0.34829459110844424 0.28215600577115935 0.04345066163012723 0.02857408341238854
18 0.42969793927633476 0.7143293926511273 0.07428376901121403 0.07360486956978529
19 0.28625270201707353 0.7627418158303343 0.06960267777764484 0.02578916045270463
34 0.31792377093516583 0.6904991129224534 0.11237334803074261 0.04128000539904797
33 0.34891520782426727 0.44343740429548256 0.04775352565313262 0.04952562914416847
