17 0.15826036473986815 0.5840595373200675 0.1759135864604282 0.12134698880187877
32 0.2783316110058589 0.5615316270697586 0.028574083412387763 0.04345066163012534
18 0.7105049978858261 0.6429349752376476 0.07360486956978463 0.07428376901121303
19 0.7589174210650342 0.4994897379783883 0.02578916045270463 0.06960267777764384
34 0.6866747181571526 0.5311608068964848 0.04128000539904797 0.11237334803074261
33 0.43961300953018106 0.5621522437855816 0.04952562914416847 0.04775352565313251
17 0.1588581953578856 0.2211556613943576 0.1759135864604282 0.12134698880187877
32 0.27892944162387645 0.1986277511440524 0.028574083412387763 0.04345066163012534
18 0.711102828503843 0.2800310993119415 0.07360486956978463 0.07428376901121303
19 0.7595152516830506 0.13658586205267936 0.025789160452705295 0.06960267777764384
34 0.6872725487751694 0.16825693097077304 0.04128000539904808 0.11237334803074261
33 0.4402108401481982 0.19924836785987549 0.04952562914416769 0.04775352565313262
