19 0.9582788292689475 0.8902796424210706 0.06960267777764428 0.025789160452704518
18 0.6987924869084448 0.8421781031841065 0.07428376901121203 0.07360486956978463
19 0.5553472496491823 0.8905905263633158 0.06960267777764428 0.02578916045270463
34 0.5865668985200929 0.8183478234554322 0.11147050793636348 0.04128000539904797
17 0.6407452029118538 0.2901264594571803 0.12134698880187833 0.1759135864604282
32 0.6182172926615448 0.41019770572317144 0.0434506616301249 0.02857408341238854
33 0.6191539541751352 0.5710164578243162 0.047753525653133067 0.04952562914416847
18 0.2742380224307184 0.8764180346145721 0.07428376901121303 0.07360486956978463
19 0.1307927851714562 0.9248304577937803 0.06960267777764395 0.02578916045270463
34 0.16201243404236387 0.8525877548858972 0.11147050793636315 0.04128000539904808
32 0.19434993679545443 0.3668454441319895 0.047018069504132676 0.03144075045399708
