23 0.6200845227535143 0.20608623869234277 0.06188101292103532 0.12088256892578597
18 0.4999681290232936 0.9014251188516516 0.07360486956978463 0.07428376901121303
19 0.5483805522025029 0.7579798815923846 0.02578916045270463 0.06960267777764384
34 0.4761378492946179 0.7891995304632924 0.04128000539904808 0.11147050793636304
32 0.024807288737985544 0.8209908149592858 0.03144075045399708 0.047018069504131565
32 0.06766113037515781 0.45950249054768433 0.02857408341238854 0.04345066163012534
18 0.4998345172551243 0.5409058387155762 0.07360486956978529 0.07428376901121303
19 0.5482469404343333 0.3974606014563127 0.02578916045270463 0.06960267777764484
34 0.4760042375264518 0.42913167037440964 0.04128000539904808 0.11237334803074261
33 0.22894252889947958 0.4601231072635102 0.04952562914416847 0.04775352565313262
