14 0.1988250188947161 0.6235480526714364 0.16025293454952597 0.056565705742141814
14 0.19872416756772326 0.2599302455377045 0.16025293454952563 0.05656570574214226
19 0.5866696315320432 0.9150927354124576 0.02365098333112181 0.06523207900936545
18 0.6326750272390531 0.683454057132973 0.07142979531655913 0.04829846581805164
19 0.5861100199032976 0.5527522094789837 0.0236509833311217 0.06523207900936501
34 0.6447236728252278 0.5877265077843898 0.045721651530409746 0.09804376355199762
18 0.6331256573011612 0.3220487473230051 0.07142979531655913 0.04649594556962311
19 0.5865606499654046 0.18914628479322243 0.023650983331120923 0.0652320790093649
34 0.6451743028873349 0.22722245809863634 0.04572165153041041 0.09804376355199762
32 0.8315543419304252 0.2517796420640941 0.029063341110060814 0.047122607294760144
32 0.8311819203914943 0.6147665020093911 0.029063341110060037 0.0471226072947597
33 0.8395971279069747 0.9779731398340321 0.043816725719148075 0.043816725719148075
