21 0.17269319091799246 0.9413826835892312 0.11497475281542743 0.05977669670713581
17 0.4435280464853979 0.3541381186665998 0.13057295367702482 0.18749830345677554
32 0.4666000964111068 0.4829987076469447 0.0453557551178449 0.02930972334602655
18 0.33960140857911986 0.7128865422570911 0.08396495797182413 0.0926207662762294
32 0.467847448510711 0.7079072929447492 0.04535575511784484 0.029309723346025884
19 0.5279368792604893 0.7835979560513546 0.06746686614304376 0.026889724936473347
17 0.7682609252023965 0.35478323027014724 0.13057295367702482 0.18749830345677632
32 0.791332975128105 0.48364381925049177 0.045355755117844954 0.02930972334602655
18 0.664334287296118 0.7135316538606368 0.08396495797182413 0.0926207662762295
32 0.7925803272277094 0.7096716278057909 0.04535575511784484 0.02930972334602655
19 0.8526697579774876 0.784243067654901 0.06746686614304354 0.026889724936473347
