15 0.8941361524967298 0.732101225384172 0.0598660336490026 0.0667303136800014
15 0.09036343915153897 0.7323098034452422 0.06081863444698008 0.06213943013928661
13 0.3700492111547322 0.20344108444913997 0.0246739183237205 0.0387632552009119
20 0.5186387273462639 0.5846558734213565 0.027314806455295174 0.05809931525416958
20 0.45956037009809964 0.5846706865254612 0.026464959449929406 0.058023065662781204
17 0.15227094634154661 0.7199021368215738 0.012176073133230176 0.02924791821296393
2 0.12386552029523917 0.18684945864848765 0.020496833800775823 0.019242636041078773
14 0.0906909654637679 0.5713625958045738 0.005111514218891658 0.031154150521435765
2 0.1249242305364385 0.2845064195417143 0.018063565856084998 0.010578882538650601
32 0.15437085486813976 0.6991666671212603 0.004197907710096393 0.005287437507185981
2 0.05589942163563083 0.28758924535736957 0.018578103517789494 0.016898997636668796
29 0.32181699453797125 0.3385811766264877 0.013046677761866042 0.017050091488321387
12 0.2723494683312039 0.41028841763195273 0.029363010749488935 0.0427396115877085
2 0.05522107488908235 0.33641167424921326 0.019613594691947796 0.021287535361969902
2 0.12483361975460382 0.3395429757399184 0.01833997621899338 0.015483894765383343
18 0.7218870590082321 0.7122993346993495 0.006143964798223633 0.011326097288989923
32 0.4393228401045382 0.7357860121248027 0.004201587634110409 0.0053994380066580035
23 0.2579071286475749 0.6340354347836551 0.010592121239844482 0.010425703855906656
18 0.43199970029633156 0.6487329342952551 0.006731901669072174 0.012559182476070498
23 0.749372478514969 0.6341408047294529 0.010808972445030667 0.010780034473212172
18 0.23058263221362307 0.7122863046890341 0.0059001654823821305 0.011454610131981999
19 0.24206420611859694 0.7050207036120423 0.00569813164290752 0.00438543577675264
19 0.7335100102539965 0.7051272653800116 0.005523389608865954 0.004421435624587742
31 0.5076648641929489 0.48706120941357134 0.009824835870287126 0.009903533831145752
16 0.4376974905763112 0.5740278662340975 0.00651838440396434 0.0365324092400791
18 0.08423344160888441 0.6544784004317563 0.006817339147412607 0.012785023863571367
4 0.13138108346411267 0.3125277248421118 0.005174639295330587 0.009159857887742342
24 0.409653149254383 0.1940476906533677 0.011911878368678219 0.011324813203548023
24 0.3010115594249665 0.4602172318832282 0.014265281587993471 0.011216811159248535
31 0.19074624950394134 0.491455199982727 0.008916925187795993 0.008131603410170607
1 0.5112499908290958 0.42529117443910475 0.03445030822269528 0.04917253212720855
23 0.3490448349603054 0.2720880066618959 0.01123991317198185 0.010508988861778928
32 0.09150220899040803 0.6977074160099096 0.004191510498231822 0.005146357188876715
22 0.1768260012207414 0.24678217598740396 0.011210678690276801 0.0106086666095219
22 0.2869646748620525 0.6654069239153962 0.01077156211350815 0.0104557241626495
4 0.06241464921712275 0.31256407247616613 0.005142982638201467 0.009141037494191716
24 0.2561121946776827 0.48792007691084976 0.0115242349243779 0.0105997413459141
2 0.2886039317309103 0.18790149435194956 0.01819479249259176 0.017165582221526313
2 0.28829348830719487 0.2844515185662473 0.018818010855915484 0.010578882538650589
2 0.2879240608949911 0.3419005563060354 0.019586450566540375 0.01084450718541285
4 0.2951463068173663 0.3289218905154027 0.005174639295330587 0.009159857887742342
22 0.37662098779102926 0.2721627244628101 0.01123991317198185 0.010508988861778928
11 0.3618109979915606 0.23217525509230896 0.0104339221323252 0.007771395739903891
9 0.34587374323710973 0.19556934380895474 0.00845811639574185 0.008089160716099511
4 0.4426516628330296 0.31252439865208 0.005174639295330587 0.009159857887742342
22 0.4880965805896581 0.24677884979737233 0.011210678690276801 0.0106086666095219
2 0.43647874150685084 0.1879935452199958 0.01819479249259176 0.017165582221526313
2 0.4361682980831356 0.2845435694342936 0.018818010855915484 0.010578882538650589
2 0.4357988706709318 0.34199260717408164 0.019586450566540375 0.01084450718541285
13 0.6082052120389093 0.203949202845927 0.0246739183237205 0.0387632552009119
29 0.5599729954221484 0.3390892950232747 0.013046677761866042 0.017050091488321387
24 0.64800915013856 0.194655809050155 0.011911878368678219 0.011324813203548023
23 0.5872008358444828 0.2725961250586829 0.01123991317198185 0.010508988861778928
2 0.5277702328757322 0.18840961274873652 0.016174191971302734 0.0171655822215263
2 0.5269072143868556 0.2847555039095156 0.0182180108559155 0.010578882538650589
2 0.5276089150049387 0.34225867470282445 0.01672874411500631 0.010544507185412898
4 0.5333023077015436 0.3294300089121897 0.005174639295330587 0.009159857887742342
22 0.6147769886752065 0.27267084285959714 0.01123991317198185 0.010508988861778928
11 0.599966998875738 0.2326833734890959 0.0104339221323252 0.007771395739903891
9 0.584029744121287 0.1960774622057417 0.00845811639574185 0.008089160716099511
13 0.7544241047922613 0.20276000628621596 0.0246739183237205 0.0384632552009119
29 0.7067478121419012 0.33665009846356353 0.012758525694670113 0.015284034375805007
24 0.7937283802834503 0.19434351852882883 0.011611878368678198 0.011124813203548
23 0.7338532356848401 0.2707141613426295 0.011139913171981899 0.010508988861778928
2 0.6738854776944905 0.1872926416493174 0.01810950740565018 0.017119188345726462
2 0.6735261071402077 0.2829163073498043 0.018618010855915502 0.010578882538650589
2 0.6731350727668406 0.34043080560513794 0.01951421409790674 0.012582265392162846
4 0.6802212004548958 0.3269908123524782 0.005174639295330587 0.009159857887742342
22 0.7610464026895728 0.270741978933682 0.01123991317198185 0.010508988861778928
11 0.7464385922220749 0.23121593943665394 0.0104339221323252 0.00747139573990389
9 0.730623328214992 0.19501857930618638 0.00845811639574185 0.008089160716099511
36 0.3118696596183102 0.49383997153185616 0.0257567733781264 0.011234477768994399
35 0.23107512815402828 0.5084725937334952 0.00783922306458854 0.010834081132554445
26 0.13390447399402788 0.43829093456533735 0.024016116409371735 0.010627317943526565
1 0.20015933906798275 0.4253246841131585 0.03534518974463044 0.049462468348874127
11 0.2022182222586541 0.3786246456839175 0.010495031954162199 0.0077004119051410904
11 0.4957462043563145 0.38406470541882953 0.010137192428550091 0.0077004119051410904
26 0.44753747909250996 0.4383124726513493 0.02741941308294192 0.010516985309729996
35 0.46682551557648927 0.5033439601356686 0.00784264960299645 0.010750177690473199
24 0.44628442010378927 0.4826297667403804 0.0114424573815114 0.0107640579888268
27 0.12809548496720485 0.7292573146236134 0.0089304312900737 0.008724287552098841
34 0.09434651187828023 0.6569619420286794 0.009742181084786876 0.010869279916900789
19 0.09714563024021525 0.6464921519862454 0.006255771023502454 0.004667639442565117
22 0.14384938530443606 0.602413115124384 0.0106720643366201 0.0104202740715501
14 0.15341319231597825 0.5714060001968209 0.005111514218891658 0.031154150521435765
18 0.1470556684610943 0.6545218048240034 0.006817339147412607 0.012785023863571367
34 0.1570687387304907 0.6570053464209273 0.009742181084786876 0.010869279916900789
19 0.15986785709242557 0.6465355563784927 0.006255771023502454 0.004667639442565117
17 0.20588142294919923 0.7199275257851773 0.012176073133230176 0.02924791821296393
32 0.20798133147579245 0.6991920560848638 0.004197907710096393 0.005287437507185981
14 0.20702366892363092 0.5714313891604244 0.005111514218891658 0.031154150521435765
18 0.20066614506874692 0.6545471937876068 0.006817339147412607 0.012785023863571367
34 0.21067921533814338 0.6570307353845308 0.009742181084786876 0.010869279916900789
19 0.21347833370007827 0.6465609453420962 0.006255771023502454 0.004667639442565117
14 0.23617618087697284 0.5717315955079738 0.005111514218891658 0.031154150521435765
31 0.2389774943187222 0.7252711107467863 0.00795246063776976 0.009373687751050425
17 0.32705755585990204 0.7198814865797156 0.012176073133230176 0.02924791821296393
32 0.3291574643864954 0.6991460168794024 0.004197907710096393 0.005287437507185981
14 0.3281998018343339 0.571385349954963 0.005111514218891658 0.031154150521435765
18 0.3218422779794499 0.6545011545821455 0.006817339147412607 0.012785023863571367
34 0.3317553482488463 0.6569846961790692 0.009542181084786881 0.010869279916900789
19 0.33465446661078135 0.6465149061366346 0.006255771023502454 0.004667639442565117
17 0.3643353265166024 0.7199061041789556 0.012176073133230176 0.02924791821296393
32 0.3664352350431957 0.6991706344786424 0.004197907710096393 0.005287437507185981
14 0.36547757249103413 0.5714099675542029 0.005111514218891658 0.031154150521435765
18 0.3591200486361504 0.6545257721813857 0.006817339147412607 0.012785023863571367
34 0.36908311890554657 0.6570093137783094 0.00964218108478688 0.010869279916900789
19 0.37193223726748154 0.6465395237358748 0.006255771023502454 0.004667639442565117
17 0.40108878117576197 0.7198287657406788 0.012176073133230176 0.02924791821296393
32 0.4031886897023552 0.6990932960403654 0.004197907710096393 0.005287437507185981
14 0.4022310271501938 0.5713326291159259 0.005111514218891658 0.031154150521435765
18 0.39587350329531007 0.6544484337431087 0.006817339147412607 0.012785023863571367
34 0.40583657356470637 0.6569319753400328 0.00964218108478688 0.010869279916900789
19 0.4086856919266413 0.6464621852975978 0.006255771023502454 0.004667639442565117
34 0.4419269247432539 0.6521353781581525 0.009518958107648108 0.01066014148354517
19 0.44490975799458465 0.6406908445900886 0.006255771023502454 0.004667639442565117
22 0.5004706392394762 0.5617020066103579 0.010686303375298401 0.0105394332318436
14 0.4799197375215588 0.5375142654937012 0.0221211871633736 0.00620127859928051
24 0.4706687014016464 0.6359859587517822 0.0115261813168869 0.0113816399687264
24 0.5002777154689652 0.6359859587517823 0.0115261813168869 0.0113816399687264
32 0.5426957210342404 0.7357419735630769 0.004201587634110409 0.0053994380066580035
18 0.535345472171063 0.6545552287891929 0.006731901669072174 0.012559182476070498
16 0.5411432624510425 0.5739428667828406 0.00671838440396434 0.0363324092400791
34 0.5455684317631181 0.6568771240797452 0.009863982443639173 0.010869279916900643
19 0.5482555298693161 0.6465131390840267 0.006255771023502454 0.004667639442565117
17 0.5805413288360537 0.7198829874692937 0.012176073133230176 0.02924791821296393
32 0.5826412373626468 0.6991475177689798 0.004197907710096393 0.005287437507185981
14 0.5816835748104853 0.5713868508445406 0.005111514218891658 0.031154150521435765
18 0.5753260509556015 0.654502655471723 0.006817339147412607 0.012785023863571367
34 0.5852593012645303 0.6566909633135584 0.00964218108478688 0.010869279916900789
19 0.5881382395869331 0.6465164070262124 0.006255771023502454 0.004667639442565117
22 0.6282326814564128 0.6024505153439096 0.0106166749974796 0.0104489546887285
17 0.6533099341136201 0.7198796133521376 0.012176073133230176 0.02924791821296393
32 0.6554098426402133 0.6991441436518235 0.004197907710096393 0.005287437507185981
14 0.6544521800880517 0.5713834767273843 0.005111514218891658 0.031154150521435765
18 0.6480946562331681 0.654499281354567 0.006817339147412607 0.012785023863571367
34 0.6579779065420966 0.6572375891964023 0.009542181084786881 0.0107692799169008
19 0.6610568448644991 0.6465130329090562 0.00615577102350245 0.004667639442565117
17 0.6948565787960974 0.7198500319972144 0.012176073133230176 0.02924791821296393
32 0.6969564873226907 0.6991145622968997 0.004197907710096393 0.005287437507185981
14 0.695998824770529 0.5713538953724607 0.005111514218891658 0.031154150521435765
18 0.6896413009156456 0.6544696999996432 0.006817339147412607 0.012785023863571367
34 0.6996438310664449 0.6569127740863898 0.009542181084786881 0.0107692799169008
19 0.7026034895469767 0.6464834515541327 0.00615577102350245 0.004667639442565117
14 0.7274933957485139 0.5714864659497656 0.005111514218891658 0.031154150521435765
22 0.7778280136895804 0.665491030922051 0.01074336853200168 0.01078003447321217
31 0.7303286515093532 0.7254265459833817 0.00787246956346408 0.009110070157031344
17 0.8181559341939669 0.7198123370083921 0.012176073133230176 0.02924791821296393
32 0.8202558427205604 0.6990768673080773 0.004197907710096393 0.005287437507185981
14 0.8192981801683987 0.5713162003836382 0.005111514218891658 0.031154150521435765
18 0.8129406563135149 0.6544320050108204 0.006817339147412607 0.012785023863571367
34 0.8229431864643146 0.6568750790975671 0.009542181084786881 0.0107692799169008
19 0.8259028449448463 0.6464457565653103 0.00615577102350245 0.004667639442565117
17 0.8540195669280568 0.7198751894306921 0.012176073133230176 0.02924791821296393
32 0.8561194754546502 0.6991397197303775 0.004197907710096393 0.005287437507185981
14 0.8551618129024885 0.571379052805938 0.005111514218891658 0.031154150521435765
18 0.848804289047605 0.6544948574331205 0.006817339147412607 0.012785023863571367
34 0.8588068191984044 0.6569379315198676 0.009542181084786881 0.0107692799169008
19 0.8617664776789361 0.6465086089876104 0.00615577102350245 0.004667639442565117
14 0.8935155893294655 0.5714458549740192 0.005111514218891658 0.031154150521435765
18 0.8871580654745814 0.6545616596012016 0.006817339147412607 0.012785023863571367
34 0.8972806589867125 0.6570047336879483 0.009782307807450798 0.010769279916900803
19 0.900120254105913 0.6465754111556915 0.00615577102350245 0.004667639442565117
32 0.8944944396271852 0.6962595026302202 0.004197907710096393 0.005287437507185981
27 0.9332604278668352 0.7278116238508011 0.00901707869000628 0.008665302422092083
22 0.9469133249529232 0.6024849850326006 0.0108632053335046 0.010497120186111299
22 0.20014861386624974 0.6024834133597617 0.0106720643366201 0.0104202740715501
