12 0.3969628820239389 0.4918252390777214 0.02537037373261485 0.01882516041274078
12 0.39646043474744647 0.07298676541394575 0.0245703737326148 0.0263921318549305
11 0.10561867659697326 0.32960270186062096 0.0060531088682645295 0.0165898786033519
11 0.10568867824729003 0.23393215597062447 0.006072986744812254 0.016834602292017675
13 0.16224826799041206 0.34037176038642186 0.0237129735018921 0.03098496367759364
13 0.16223147398073806 0.21691250572810758 0.023812973501892102 0.0307204792804192
29 0.16903958487590465 0.1235250006607996 0.010686946267275298 0.0136974623804772
30 0.2656587170554581 0.14292942361836272 0.0424917381691163 0.013345142188115399
24 0.22322391098249245 0.12135517031214439 0.0094265481230489 0.0087316415869848
23 0.1609505627995692 0.1792614795735082 0.009547282694118399 0.0089500804596884
22 0.18293224710222591 0.17930566095479997 0.0093722495562418 0.0088384432222719
2 0.13364248412260518 0.12286289722385352 0.010182338476722399 0.009475420807763
4 0.13108645182718384 0.1355395279573974 0.00509960602994166 0.0133170845807308
3 0.13240020440158426 0.20487769259112906 0.0204680260024625 0.0127417053555481
2 0.1355099767204254 0.23433357534186428 0.013817171778994799 0.0118797383901786
24 0.19713220727809877 0.324065689223713 0.013582417216513501 0.008862542157522
29 0.1689826176501303 0.31117306903249337 0.010580119497026702 0.013869297816836702
2 0.1346448397431732 0.3301463276888509 0.012017701985020399 0.009627545597675799
4 0.13159109720255427 0.3150717209308289 0.005887578976782571 0.0114226746908959
3 0.1312703660682564 0.35839025415655806 0.0179409836389088 0.0125417053555481
4 0.13160161777424828 0.4218355774599889 0.00598757897678257 0.0116226746908959
2 0.13530652575708746 0.44035788020061795 0.013464992440282899 0.009727545597675899
23 0.16624446001521945 0.3875701265949995 0.009634396641806901 0.009004709482596929
22 0.19123783243989845 0.38753361305674205 0.009634396641806901 0.0089158990182041
29 0.16909374128004487 0.4472946258871699 0.01089698873247984 0.013881169720821918
30 0.2683137067422931 0.4297238807287443 0.0424283918975323 0.0128309112768386
36 0.41760234240826505 0.043700031107805196 0.020339850706468 0.0092201970038772
24 0.4143257245385394 0.033359082870421906 0.0137529458605047 0.0089673644928812
36 0.4174824040241286 0.5216302240615557 0.020426003990741202 0.0092855102150234
24 0.41425142935189674 0.5360994203195033 0.013968810978219498 0.0089412230208546
11 0.30731662401794935 0.3296027018606209 0.0060531088682645295 0.0165898786033519
11 0.30738662566826613 0.23393215597062444 0.006072986744812254 0.016834602292017675
13 0.3639462154113881 0.3403717603864218 0.0237129735018921 0.030984963677593638
13 0.3639294214017142 0.21691250572810755 0.023812973501892102 0.030720479280419197
29 0.3707375322968807 0.12352500066079955 0.010686946267275298 0.0136974623804772
24 0.42512185840346844 0.12135517031214432 0.0094265481230489 0.0087316415869848
23 0.3626485102205453 0.17926147957350813 0.009547282694118399 0.0089500804596884
22 0.38463019452320196 0.17930566095479994 0.0093722495562418 0.0088384432222719
2 0.33534043154358123 0.12286289722385346 0.010182338476722399 0.009475420807763
4 0.33278439924815983 0.13553952795739732 0.00509960602994166 0.0133170845807308
3 0.3340981518225604 0.20487769259112898 0.0204680260024625 0.0127417053555481
2 0.3372079241414015 0.23433357534186425 0.013817171778994799 0.0118797383901786
24 0.3989301546990747 0.3240656892237129 0.013582417216513501 0.008862542157522
29 0.3706805650711064 0.3111730690324933 0.010580119497026702 0.013869297816836702
2 0.3363427871641493 0.3301463276888507 0.012017701985020399 0.009627545597675799
4 0.3332890446235303 0.31507172093082875 0.005887578976782571 0.0114226746908959
3 0.3329683134892324 0.35839025415655784 0.0179409836389088 0.012541705355548098
4 0.33329956519522447 0.42183557745998895 0.00598757897678257 0.0116226746908959
2 0.3370044731780635 0.44035788020061795 0.013464992440282899 0.009727545597675899
23 0.3679424074361954 0.3875701265949994 0.009634396641806901 0.009004709482596929
22 0.3929357798608746 0.38753361305674194 0.009634396641806901 0.0089158990182041
29 0.37079168870102097 0.44729462588716973 0.01089698873247984 0.013881169720821918
11 0.48668741577210944 0.3294945375513318 0.0060531088682645295 0.0165898786033519
11 0.48675741742242623 0.23382399166133552 0.006072986744812254 0.016834602292017675
13 0.5433170071655483 0.34026359607713297 0.0237129735018921 0.030984963677593638
13 0.5433002131558743 0.21680434141881857 0.023812973501892102 0.030720479280419197
29 0.5501083240510407 0.12341683635151066 0.010686946267275298 0.0136974623804772
30 0.6365591468095775 0.1429680111590005 0.0424917381691163 0.013345142188115399
24 0.6042926501576289 0.12124700600285543 0.0094265481230489 0.0087316415869848
23 0.5420193019747055 0.17915331526421927 0.009547282694118399 0.0089500804596884
22 0.564000986277362 0.17919749664551102 0.0093722495562418 0.0088384432222719
2 0.5147112232977414 0.12275473291456458 0.010182338476722399 0.009475420807763
4 0.5121551910023203 0.13543136364810843 0.00509960602994166 0.0133170845807308
3 0.5134689435767203 0.20476952828184 0.0204680260024625 0.0127417053555481
2 0.5165787158955615 0.23422541103257527 0.013817171778994799 0.0118797383901786
24 0.578200946453235 0.3239575249144241 0.013582417216513501 0.008862542157522
29 0.5500513568252664 0.31106490472320425 0.010580119497026702 0.013869297816836702
2 0.5157135789183095 0.3300381633795618 0.012017701985020399 0.009627545597675799
4 0.5126598363776904 0.31496355662153996 0.005887578976782571 0.0114226746908959
3 0.5123391052433925 0.358282089847269 0.0179409836389088 0.012541705355548098
4 0.5126703569493843 0.4217274131507001 0.00598757897678257 0.0116226746908959
2 0.5163752649322235 0.44024971589132916 0.013464992440282899 0.009727545597675899
23 0.5473131991903557 0.38746196228571045 0.009634396641806901 0.009004709482596929
22 0.5723065716150346 0.3874254487474532 0.009634396641806901 0.0089158990182041
29 0.5501624804551811 0.4471864615778808 0.01089698873247984 0.013881169720821918
30 0.6386878081994591 0.4482869968436709 0.0424283918975323 0.0128309112768386
11 0.6603606644990911 0.3301373591916029 0.0060531088682645295 0.0165898786033519
11 0.6604306661494078 0.23446681330160657 0.006072986744812254 0.016834602292017675
13 0.7169902558925298 0.340906417717404 0.0237129735018921 0.030984963677593638
13 0.7169734618828558 0.21744716305908965 0.023812973501892102 0.030720479280419197
29 0.7237815727780225 0.12405965799178173 0.010686946267275298 0.0136974623804772
24 0.7780658988846103 0.12188982764312647 0.0094265481230489 0.0087316415869848
23 0.7156925507016874 0.17979613690449037 0.009547282694118399 0.0089500804596884
22 0.7376742350043439 0.179840318285782 0.0093722495562418 0.0088384432222719
2 0.688384472024723 0.12339755455483567 0.010182338476722399 0.009475420807763
4 0.685828439729302 0.13607418528837947 0.00509960602994166 0.0133170845807308
3 0.687142192303702 0.2054123499221111 0.0204680260024625 0.0127417053555481
2 0.6902519646225432 0.2348682326728463 0.013817171778994799 0.0118797383901786
24 0.7518741951802167 0.324600346554695 0.013582417216513501 0.008862542157522
29 0.7237246055522479 0.31170772636347527 0.010580119497026702 0.013869297816836702
2 0.6893868276452909 0.33068098501983295 0.012017701985020399 0.009627545597675799
4 0.6863330851046722 0.3156063782618111 0.005887578976782571 0.0114226746908959
3 0.6860123539703743 0.35892491148754013 0.0179409836389088 0.012541705355548098
4 0.6863436056763661 0.42237023479097113 0.00598757897678257 0.0116226746908959
2 0.690048513659205 0.4408925375316002 0.013464992440282899 0.009727545597675899
23 0.7209864479173373 0.3881047839259814 0.009634396641806901 0.009004709482596929
22 0.745979820342016 0.38806827038772423 0.009634396641806901 0.0089158990182041
29 0.7238357291821629 0.4478292832181518 0.01089698873247984 0.013881169720821918
