15 0.07618440294060658 0.7279758467174468 0.0757473923442525 0.0736545268393792
15 0.9182086948757661 0.7280669491185081 0.07571782154840316 0.07384463452171647
20 0.4637952846905873 0.5728566824843155 0.0283768198733125 0.06176683853436573
17 0.1380826183877888 0.7196533092360715 0.0127286045644016 0.0353922104321032
20 0.5240708455067488 0.5729260545244608 0.0294117047400765 0.061286545698111115
14 0.23751209803483767 0.5588083961996033 0.0054260353335351475 0.03347011441916704
32 0.1402023676805078 0.6951580798060012 0.004517097504944332 0.0051798580350822885
14 0.9152711718277753 0.5587620433060522 0.00542175064225267 0.0334571544822243
2 0.17110941987307593 0.2940410712576146 0.0158542672219739 0.0111549931315011
14 0.20287138225210208 0.558822352101722 0.005416095237570525 0.03336324970696711
14 0.13945572705796283 0.5587275785814158 0.00548683651599965 0.0334117314405814
14 0.07322779741473626 0.5587380974870423 0.00538934680109372 0.0334154733252885
2 0.17111050082131182 0.23466282411076914 0.0159215188291797 0.011305405686716301
14 0.270391937831807 0.5587000772056671 0.0054135601497959885 0.03319992025262928
32 0.4310014311108724 0.7343578053592065 0.00431727251438697 0.005708444334620767
0 0.2243102824967253 0.4269722887797449 0.0100695069294026 0.0239367360047378
18 0.06622772406432598 0.6477983693159556 0.00709491549969776 0.0133409341381091
18 0.5615177995041459 0.6477151201348395 0.006995653410874348 0.013293569387664
4 0.1757043177324703 0.26511660305141715 0.00670420943103969 0.011991228999314301
2 0.617713739765895 0.288556888350341 0.015894226899816576 0.02218241504583065
32 0.9160528751098588 0.6869552844904164 0.004464675822717311 0.005282701277976765
19 0.5752912961382987 0.6390792050909265 0.00672166500856337 0.00484612592173696
2 0.1711564994615034 0.1545725877278484 0.0159003485603068 0.022409383413130302
23 0.629421612925231 0.5896057755971962 0.0115123779247683 0.011057294857865501
23 0.16229399821792653 0.5973161158853348 0.0113922901541721 0.0111846877003776
23 0.0987280227246074 0.594169098490043 0.0115260980769412 0.01116581279834
16 0.42943124114541403 0.5616321574043972 0.00701773302123212 0.0390736476181783
23 0.49167196035821376 0.6205943216327657 0.0115343591798056 0.0114140188622115
23 0.9456334142970484 0.5896428036332909 0.011534522025488601 0.011175448678843701
32 0.07408617421366595 0.6868992860554164 0.004287843779286117 0.005219321592970426
23 0.8447880068758817 0.23793784455206685 0.012206478251561601 0.00827399685963772
23 0.20040673013867857 0.28681681197351816 0.0097592448769331 0.009147425927080401
24 0.5370745244890309 0.6373325605808275 0.0096947586357798 0.009175057218937
19 0.08010609640239466 0.6390908492794822 0.006529054643030299 0.0047977111311983504
27 0.9489527747631683 0.6810075457423578 0.0096968476098126 0.009257932169955827
24 0.2707880817856831 0.45964501009680475 0.0099788602455042 0.0096335901877315
29 0.3022328803384102 0.26977313831975197 0.01288007619067733 0.01616808573338552
6 0.32524628079206147 0.15733582115682385 0.0204647795640867 0.030287372634987698
22 0.21755500780291054 0.28681069696479417 0.0097592448769331 0.009147425927080401
2 0.26166006177748324 0.2940586434652377 0.0158542672219739 0.0111549931315011
3 0.26425249729036265 0.23372932186449857 0.021104227958457254 0.013207554594503648
4 0.26625495963687745 0.26513417525904037 0.00670420943103969 0.011991228999314301
2 0.26170714136591056 0.15459015993547165 0.0159003485603068 0.022409383413130302
23 0.31563850697561413 0.20330345485975784 0.0097592448769331 0.009147425927080401
22 0.33278678463984596 0.20329733985103374 0.0097592448769331 0.009147425927080401
24 0.3492104208797499 0.15647085973330904 0.007491498215933749 0.007111241753072099
2 0.3964981261719677 0.2941177553498455 0.0158542672219739 0.0111549931315011
2 0.39649920712020353 0.23473950820300007 0.0159215188291797 0.011305405686716301
4 0.40109302403136193 0.2651932871436481 0.00670420943103969 0.011991228999314301
2 0.39654520576039515 0.15464927182007923 0.0159003485603068 0.022409383413130302
23 0.42580284057347373 0.2868510924074679 0.0097592448769331 0.009147425927080401
22 0.44295111823770555 0.28684497739874415 0.0097592448769331 0.009147425927080401
29 0.5300277533706662 0.26981848891882104 0.01288007619067733 0.01616808573338552
6 0.5530411538243174 0.15738117175589295 0.0204647795640867 0.030287372634987698
2 0.48945493480973923 0.2941039940643069 0.0158542672219739 0.0111549931315011
3 0.4920473703226185 0.2337746724635677 0.021104227958457254 0.013207554594503648
4 0.4940498326691335 0.26517952585810944 0.00670420943103969 0.011991228999314301
2 0.4895020143981666 0.1546355105345407 0.0159003485603068 0.022409383413130302
23 0.54343338000787 0.20334880545882697 0.0097592448769331 0.009147425927080401
22 0.5605816576721019 0.20334269045010284 0.0097592448769331 0.009147425927080401
24 0.5770052939120058 0.15651621033237811 0.007491498215933749 0.0071112417530720985
4 0.621156182869573 0.2650364412354074 0.00871919963238382 0.0122353004839474
2 0.6176820894257321 0.21392588239865284 0.015894226899816583 0.012667578643889031
4 0.818133645918949 0.27472779676863746 0.004955297785229789 0.00884472285225394
3 0.8211827160649271 0.30117404772555817 0.011018905606576519 0.011169796387753915
11 0.8417375262504733 0.1722479133827148 0.00509169731166451 0.013927103557431599
11 0.5417380014970118 0.3346311340139224 0.0051850723307275606 0.0135990977602648
26 0.18629911993628834 0.43359116123775143 0.02021089117313347 0.009364362773338993
35 0.25413902776448377 0.4418490672400997 0.006772998887785539 0.009202091067708409
31 0.22731605337395624 0.46664363629498135 0.0100697420919885 0.00753903680603077
0 0.44984081799749037 0.4269618132221561 0.0100695069294026 0.0239367360047378
24 0.49631861728644816 0.45963453453921604 0.0099788602455042 0.0096335901877315
26 0.4118587107704961 0.4335806856801627 0.02015278050624983 0.00936436277333899
35 0.4796695632652488 0.4418385916825109 0.006772998887785539 0.009202091067708409
31 0.4528465888747211 0.4666331607373926 0.0100697420919885 0.0075390368060307715
7 0.48070661611902954 0.3513717111599613 0.027093120104640198 0.036327794804468336
22 0.12070442038280876 0.594195509485472 0.0115260980769412 0.01116581279834
34 0.07718852575596755 0.6521608727691631 0.010860494428007501 0.00751193423763036
27 0.1066718515506013 0.6772570287457387 0.00970570574369659 0.0093083576122555
22 0.18412370027828232 0.5972140493585755 0.0113922901541721 0.0111846877003776
18 0.1323853362399817 0.6478243946772336 0.00709491549969776 0.0133409341381091
19 0.14626370857805032 0.6391168746407605 0.006529054643030299 0.0047977111311983504
34 0.14334613793162326 0.6521868981304412 0.010860494428007501 0.00751193423763036
17 0.2015874320168426 0.719591386209579 0.0127286045644016 0.0353922104321032
32 0.20370718130956167 0.6950961567795086 0.004517097504944332 0.0051798580350822885
18 0.19589014986903552 0.6477624716507409 0.00709491549969776 0.0133409341381091
19 0.20976852220710415 0.6390549516142677 0.006529054643030299 0.0047977111311983504
34 0.20685095156067707 0.6521249751039484 0.010860494428007501 0.00751193423763036
17 0.23608934507208446 0.7196161478678923 0.0127286045644016 0.0353922104321032
32 0.23820909436480353 0.6951209184378218 0.004517097504944332 0.0051798580350822885
18 0.23039206292427733 0.647787233309054 0.00709491549969776 0.0133409341381091
19 0.24427043526234604 0.639079713272581 0.006529054643030299 0.0047977111311983504
34 0.2413528646159189 0.6521497367622616 0.010860494428007501 0.00751193423763036
23 0.29404305556081883 0.6565883512486483 0.0113922901541721 0.0111846877003776
22 0.31436386762151086 0.6565326785976887 0.0113922901541721 0.0111846877003776
18 0.26352864512421287 0.6810391443947641 0.00709491549969776 0.0133409341381091
19 0.27715459974766404 0.6724233345888682 0.006529054643030299 0.0047977111311983504
31 0.27449788303573713 0.6895542467823251 0.0104604944280075 0.00761193423763036
24 0.32128514863774116 0.7642703643700551 0.0109922901541721 0.0105846877003776
20 0.28750683725039305 0.732818563288659 0.0271989977397041 0.044979859247514
14 0.354465931026256 0.5588802695004768 0.0054260353335351475 0.03347011441916704
17 0.3530431780635027 0.7196880211687656 0.0127286045644016 0.0353922104321032
32 0.3551629273562218 0.695192791738695 0.004517097504944332 0.0051798580350822885
18 0.34734589591569554 0.6478591066099274 0.00709491549969776 0.0133409341381091
19 0.36122426825376436 0.6391515865734543 0.006529054643030299 0.0047977111311983504
34 0.35830669760733713 0.6522216100631348 0.010860494428007501 0.00751193423763036
14 0.39346163950305596 0.5588387287309947 0.0054260353335351475 0.03347011441916704
17 0.3920388865403026 0.7196464803992838 0.0127286045644016 0.0353922104321032
32 0.39415863583302163 0.695151250969213 0.004517097504944332 0.0051798580350822885
18 0.38634160439249543 0.6478175658404456 0.00709491549969776 0.0133409341381091
19 0.4002199767305645 0.6391100458039722 0.006529054643030299 0.0047977111311983504
34 0.3973024060841371 0.6521800692936527 0.010860494428007501 0.00751193423763036
18 0.4233069802878079 0.6477251514176807 0.006994915499697761 0.0133409341381091
19 0.43693535262587685 0.639017631381207 0.006529054643030299 0.0047977111311983504
34 0.43413977272681714 0.6520876548708864 0.010616512933272 0.007511934237630359
24 0.4543635291941472 0.6345227756048446 0.0098772207149243 0.009206652675933201
14 0.483782542945394 0.5220279463459233 0.021234944125416103 0.00747156291153862
22 0.5121482208908275 0.6205325713840764 0.0115343591798056 0.0114140188622115
16 0.5677361278171741 0.5616200897168622 0.00701773302123212 0.0390736476181783
34 0.5723731829876666 0.6521429005475021 0.010616512933272 0.007511934237630359
32 0.5692327131791227 0.7344540663851528 0.00431727251438697 0.005708444334620767
14 0.6066140967670353 0.5588125805879778 0.0052260353335351496 0.03347011441916704
17 0.6052913438042818 0.719620332256267 0.0127286045644016 0.0353922104321032
32 0.6074110930970013 0.6951251028261964 0.004517097504944332 0.0051798580350822885
18 0.5995940616564749 0.6477914176974285 0.00709491549969776 0.0133409341381091
19 0.6134724339945438 0.6390838976609556 0.006529054643030299 0.0047977111311983504
34 0.6105548633481166 0.652153921150636 0.010860494428007501 0.00751193423763036
22 0.6513661218333876 0.5896057755971962 0.0115123779247683 0.011057294857865501
14 0.6671632151609498 0.5587999856921742 0.0052260353335351496 0.03347011441916704
17 0.6658404621981966 0.7196077373604634 0.0127286045644016 0.0353922104321032
32 0.667960211490916 0.6951125079303929 0.004517097504944332 0.0051798580350822885
18 0.6601431800503896 0.6477788228016249 0.00709491549969776 0.0133409341381091
19 0.6740215523884581 0.639071302765152 0.006529054643030299 0.0047977111311983504
34 0.6711039817420316 0.6521413262548323 0.010860494428007501 0.00751193423763036
14 0.7062226289096323 0.5587022382839126 0.0054135601497959885 0.03319992025262928
23 0.7298737466386442 0.6565905123268937 0.0113922901541721 0.0111846877003776
22 0.7501945586993363 0.6565348396759341 0.0113922901541721 0.0111846877003776
18 0.6993593362020383 0.6810413054730097 0.00709491549969776 0.0133409341381091
19 0.7131852908254891 0.6724254956671137 0.006529054643030299 0.0047977111311983504
31 0.7103285741135624 0.6895564078605707 0.0104604944280075 0.00761193423763036
24 0.7571158397155665 0.7642725254483003 0.0109922901541721 0.0105846877003776
20 0.7233375283282183 0.7328707243669049 0.0271989977397041 0.044879859247514
14 0.7999731564379401 0.5588338228907578 0.0052260353335351496 0.03347011441916704
17 0.7986504034751867 0.7196415745590471 0.0127286045644016 0.0353922104321032
32 0.8007701527679064 0.6951463451289768 0.004517097504944332 0.0051798580350822885
18 0.7929531213273804 0.6478126600002087 0.00709491549969776 0.0133409341381091
19 0.8068314936654487 0.6391051399637359 0.006529054643030299 0.0047977111311983504
34 0.8039139230190215 0.652175163453416 0.010860494428007501 0.00751193423763036
14 0.8346496271123263 0.5588475038559193 0.0052260353335351496 0.03347011441916704
17 0.8333268741495731 0.7196552555242084 0.0127286045644016 0.0353922104321032
32 0.8354466234422927 0.6951600260941381 0.004517097504944332 0.0051798580350822885
18 0.8276295920017666 0.6478263409653704 0.00709491549969776 0.0133409341381091
19 0.8415079643398349 0.6391188209288974 0.006529054643030299 0.0047977111311983504
34 0.8385403936934082 0.6521888444185774 0.010760494428007502 0.00751193423763036
14 0.869495714720253 0.5587751259678237 0.0052260353335351496 0.03347011441916704
17 0.8681729617574999 0.7195828776361124 0.0127286045644016 0.0353922104321032
32 0.8702927110502194 0.6950876482060425 0.004517097504944332 0.0051798580350822885
18 0.862475679609693 0.6477539630772751 0.00709491549969776 0.0133409341381091
19 0.8763540519477615 0.6390464430408015 0.006529054643030299 0.0047977111311983504
34 0.8733864813013351 0.6521164665304815 0.010760494428007502 0.00751193423763036
18 0.9082646053276047 0.6477827700240186 0.00709491549969776 0.0133409341381091
19 0.922142977665673 0.639075249987545 0.006529054643030299 0.0047977111311983504
34 0.9191754070192465 0.652145273477225 0.010760494428007502 0.00751193423763036
22 0.9673548699009065 0.5896428036332908 0.011534522025488601 0.011175448678843701
11 0.4439845421692232 0.4033299013535033 0.006760557807118637 0.004978968803654878
11 0.21847940873572427 0.4034097947273025 0.006760557807118637 0.004978968803654878
