7 0.40486998499619015 0.12261452481377223 0.03155713359993794 0.04414538921329397
17 0.11050263555509517 0.7550391844295761 0.01310689316468361 0.03684665301743474
20 0.5212856663211242 0.6036034781564802 0.03027233269043104 0.06409031224668857
29 0.4298843839332936 0.2630135250010019 0.014631936092711099 0.01860559941289363
14 0.2099331061967936 0.5806885311097355 0.0051035232596212 0.0338010563239171
20 0.4591050826366478 0.6035740136380197 0.029198829169550033 0.0640951882593981
14 0.11202893392550185 0.5890326329394061 0.0056607629859397 0.034885352842690204
3 0.3822509822491124 0.09595629909946965 0.022541627063708897 0.0163374308001523
32 0.11285293441076265 0.729871008240198 0.004518460125252504 0.005720444926821997
1 0.585741847851694 0.4674531280542392 0.02575671018233344 0.03651414422049069
19 0.07702474910764046 0.6720568327427974 0.006874553985867487 0.005036300279765901
23 0.4878096955307222 0.6529153514684074 0.011980898286029171 0.011750592821613018
31 0.5840345840643634 0.5268939371736296 0.011027632571454232 0.00796471478488079
3 0.38144940129221844 0.27451801311137397 0.0240280237428848 0.012309217480941902
18 0.20360551549830933 0.7444848918731389 0.006503449842439243 0.01260179668799687
23 0.23597868773848352 0.6487579553803614 0.0120593055406886 0.011701793490845
18 0.6900170997940297 0.7445294356253724 0.006459296083369097 0.012761314966891792
3 0.5772194703463247 0.3459665940516796 0.02267961806252247 0.016331746496488764
23 0.1382322055574534 0.6551916467031211 0.011970175726154799 0.011881139347036192
32 0.07083198947904222 0.7703704530965035 0.004528907104043468 0.005821948281459476
19 0.21628874204540857 0.7365725736369808 0.006056437978781022 0.004721678106910296
18 0.062771164889519 0.6809900777520513 0.007297245562115656 0.013786064288949235
4 0.5792659494848689 0.3640737968014631 0.005912869715747715 0.010639794131808843
3 0.5772324894846863 0.09597410152910374 0.022474881781432598 0.0161109178796933
16 0.43207276742425177 0.5919963511517261 0.00738304492305561 0.0407295059912903
19 0.7027479535132557 0.7364978536955593 0.006174961772581342 0.004820897538687455
12 0.6480464701538685 0.31392860772628955 0.02906268774803064 0.04652384869787419
11 0.37237754983790905 0.14160794665815593 0.014481194829449394 0.01052372951681587
24 0.45405969763993076 0.11072184829346586 0.010648878628727574 0.009957937607309706
4 0.384347535445099 0.26058033227278327 0.00589581596352384 0.0106182733448945
23 0.4993090010032741 0.18886292132870644 0.012449568856464099 0.0115925039832329
22 0.5232820900979771 0.18878955727025243 0.012449568856464099 0.0115925039832329
2 0.48617361671643144 0.3093337681038955 0.00808346695907951 0.02053824631507631
11 0.5672904413229007 0.14237664681283493 0.0145811948294494 0.0104237295168159
3 0.5772618439126687 0.275614762455099 0.022555325222181427 0.011841620861515407
4 0.5792571803141174 0.2616778675779594 0.00589581596352384 0.0106182733448945
24 0.7025978379028516 0.28753446891926776 0.012475161313554537 0.012094288646738
36 0.711705291350071 0.30058138989092 0.030572930543077064 0.011845775866325568
11 0.5672730162411027 0.4319900035834487 0.014627733176974498 0.010584239222238032
22 0.6213859926526188 0.39132131620645055 0.012497031118011037 0.01207399934886297
26 0.6332454762263027 0.47867010692140305 0.024041983680936737 0.011768471717729625
35 0.6225382441076617 0.5005048362851872 0.008600709636275294 0.012277684436285274
24 0.6452001139167307 0.5205621594771831 0.013041076006631087 0.012334263627235912
4 0.38434623194703355 0.36393994725730466 0.005780627399602916 0.010499515145980853
1 0.39102657729325807 0.4671968429163925 0.02532107423843063 0.036240300936289487
11 0.37236706420777305 0.43134164390197177 0.014456489560387944 0.010329634410970517
22 0.3362938638890132 0.4134173720263162 0.012497031118011037 0.011700576688589023
23 0.31391801767947575 0.41329289780622475 0.01236502022591927 0.011576102468497631
26 0.3404797998914393 0.47691063096189795 0.023621148958268633 0.011638339578543296
31 0.3891163807876973 0.5254951373214902 0.011027632571454232 0.00796471478488079
35 0.42759562063189266 0.49588430597189137 0.008600709636275294 0.012077684436285301
24 0.4502074904409616 0.518641629163888 0.0127410760066311 0.0121342636272359
16 0.0692450159043328 0.591944221971252 0.007158951383377215 0.040664655958597716
34 0.0740927136967996 0.6855227020521906 0.011200924177474638 0.007561037336128749
19 0.119108674755277 0.6720568327427974 0.006874553985867487 0.005036300279765901
18 0.10485509053715555 0.6809900777520513 0.007297245562115656 0.013786064288949233
34 0.1161766393444361 0.6855227020521906 0.011200924177474638 0.0075610373361287495
22 0.15839386907690775 0.6551350675121707 0.011970175726154799 0.011881139347036192
17 0.17607390891751215 0.7550859440915189 0.01310689316468361 0.03684665301743474
14 0.17760020728791878 0.5890793926013491 0.0056607629859397 0.034885352842690204
32 0.17842420777317966 0.7299177679021408 0.004518460125252504 0.005720444926821997
19 0.18467994811769406 0.67210359240474 0.006874553985867487 0.005036300279765901
18 0.1704263638995725 0.6810368374139943 0.007297245562115656 0.013786064288949233
34 0.18174791270685314 0.6855694617141335 0.011200924177474638 0.0075610373361287495
17 0.30840720269418176 0.7550463689078266 0.01310689316468361 0.03684665301743474
14 0.30993350106458833 0.5890398174176572 0.0056607629859397 0.034885352842690204
32 0.31075750154984916 0.729878192718449 0.004518460125252504 0.005720444926821997
19 0.31701324189436364 0.672064017221048 0.006874553985867487 0.005036300279765901
18 0.30275965767624197 0.6809972622303019 0.007297245562115656 0.013786064288949233
34 0.31408120648352267 0.6855298865304411 0.011200924177474638 0.0075610373361287495
17 0.3486652023560544 0.7550463689078266 0.01310689316468361 0.03684665301743474
14 0.350191500726461 0.5890398174176571 0.0056607629859397 0.034885352842690204
32 0.35101550121172204 0.7298781927184487 0.004518460125252504 0.005720444926821997
19 0.3572712415562363 0.672064017221048 0.006874553985867487 0.005036300279765901
18 0.34301765733811473 0.6809972622303019 0.007297245562115656 0.013786064288949233
34 0.3543392061453953 0.6855298865304411 0.011200924177474638 0.0075610373361287495
17 0.3889734776063146 0.7550463689078265 0.01310689316468361 0.03684665301743474
14 0.3904997759767213 0.5890398174176571 0.0056607629859397 0.034885352842690204
32 0.3913237764619823 0.7298781927184486 0.004518460125252504 0.005720444926821997
19 0.39757951680649656 0.672064017221048 0.006874553985867487 0.005036300279765901
18 0.3833259325883749 0.6809972622303018 0.007297245562115656 0.013786064288949233
34 0.39464748139565564 0.6855298865304411 0.011200924177474638 0.0075610373361287495
31 0.21400104872410444 0.7606570485231301 0.011028472646195796 0.007869394647000575
22 0.2559903512579379 0.6488145345713123 0.011759305540688601 0.011701793490845
19 0.4399160216132313 0.6655637270019805 0.006874553985867487 0.005036300279765901
18 0.4256624373951098 0.6744969720112344 0.007297245562115656 0.013786064288949233
34 0.4369839862023905 0.6790295963113736 0.011200924177474638 0.0075610373361287495
32 0.4336662393928477 0.7704534635097404 0.004518460125252504 0.005720444926821997
24 0.44934370868391293 0.6640531536418521 0.010182658343158693 0.00977276934601676
14 0.47978567231508046 0.5512223239705804 0.021985285059092727 0.00780886354442515
22 0.5079931790323404 0.6529153514684074 0.011980898286029171 0.011750592821613018
24 0.497996269405397 0.670335255644085 0.01027337001456388 0.009545154132097621
17 0.5668214103169078 0.7550225632226955 0.01310689316468361 0.03684665301743474
14 0.5683477086873144 0.5890160117325263 0.0056607629859397 0.034885352842690204
32 0.5691717091725753 0.7298543870333175 0.004518460125252504 0.005720444926821997
19 0.5754274495170896 0.672040211535917 0.006874553985867487 0.005036300279765901
18 0.561173865298968 0.6809734565451706 0.007297245562115656 0.013786064288949233
34 0.5724954141062489 0.68550608084531 0.011200924177474638 0.0075610373361287495
23 0.5935938197771057 0.6564531913166445 0.0120593055406886 0.011701793490845
22 0.6120054832965603 0.6565097705075956 0.011759305540688601 0.011701793490845
17 0.6257529086139784 0.7550356793026579 0.01310689316468361 0.03684665301743474
14 0.6272792069843851 0.5890291278124887 0.0056607629859397 0.034885352842690204
32 0.6281032074696461 0.7298675031132799 0.004518460125252504 0.005720444926821997
19 0.6343589478141602 0.6720533276158795 0.006874553985867487 0.005036300279765901
18 0.6201053635960387 0.6809865726251328 0.007297245562115656 0.013786064288949233
31 0.6314269124033195 0.685519196925272 0.011200924177474638 0.0075610373361287495
17 0.6583732600061895 0.7550675505099731 0.01310689316468361 0.03684665301743474
14 0.659899558376596 0.5890609990198039 0.0056607629859397 0.034885352842690204
32 0.6607235588618569 0.7298993743205954 0.004518460125252504 0.005720444926821997
19 0.6669792992063711 0.6720851988231946 0.006874553985867487 0.005036300279765901
18 0.6527257149882495 0.6810184438324484 0.007297245562115656 0.013786064288949233
34 0.6640472637955304 0.6855510681325876 0.011200924177474638 0.0075610373361287495
23 0.7203031750652004 0.6583194093639001 0.0120593055406886 0.011701793490845
22 0.7404156774792355 0.6583759885548512 0.011759305540688601 0.011701793490845
14 0.6965152812462542 0.5793626043310772 0.005100716777063057 0.03098138866709729
31 0.7005722439802285 0.7606414760702067 0.010876930502918719 0.007949142530251306
17 0.7838134089832693 0.7550880733370685 0.01310689316468361 0.03684665301743474
14 0.7853397073536759 0.5890815218468992 0.0056607629859397 0.034885352842690204
32 0.7861637078389367 0.7299198971476906 0.004518460125252504 0.005720444926821997
19 0.7924194481834509 0.6721057216502905 0.006874553985867487 0.005036300279765901
18 0.7781658639653294 0.681038966659544 0.007297245562115656 0.013786064288949233
34 0.78948741277261 0.6855715909596829 0.011200924177474638 0.0075610373361287495
17 0.8292097922630559 0.7551085961641637 0.01310689316468361 0.03684665301743474
14 0.8307360906334625 0.5891020446739943 0.0056607629859397 0.034885352842690204
32 0.8315600911187233 0.7299404199747859 0.004518460125252504 0.005720444926821997
19 0.8378158314632376 0.6721262444773857 0.006874553985867487 0.005036300279765901
18 0.8235622472451163 0.6810594894866391 0.007297245562115656 0.013786064288949233
34 0.8348837960523963 0.6855921137867779 0.011200924177474638 0.0075610373361287495
32 0.031021614152713064 0.6860354405349312 0.004528907104043468 0.005821948281459476
