15 0.7876659459621931 0.7161460073655707 0.06648405553576348 0.05975180901752954
15 0.08314171235258008 0.7161868351082994 0.06618385549062868 0.059568268534067596
17 0.1361885930888571 0.7043197514427184 0.0113183827511082 0.027536175726702798
14 0.2470923221684209 0.5633848369260295 0.00481350501523776 0.0296300223532345
14 0.6394121831598705 0.5632540693917107 0.004823965556670306 0.02960991446292432
14 0.07859962968643741 0.5631894564385884 0.00477341065092622 0.0295490688333628
31 0.3675378418129789 0.4536337329252367 0.011195207294971466 0.011693586321850849
24 0.45304723980786626 0.4146518827753611 0.013516624584424743 0.0105323966051582
18 0.3780039799398359 0.6377929180433347 0.00774236470978995 0.0139415704483115
20 0.4076791514630116 0.5599802909407271 0.0234399494540851 0.04432273845651217
30 0.5628226565474069 0.08506807904435876 0.0407971788106992 0.0086310547431604
1 0.5713622006941427 0.3879243469055055 0.03361343423470252 0.04681414405204364
4 0.14356050187310365 0.2575423798724445 0.004933610258056928 0.008868194451541385
19 0.39140527396877517 0.6290683019334214 0.0060202587821756 0.00456119376068681
24 0.2575920152881317 0.14135248614333207 0.0112193708442474 0.0103598963435541
30 0.4936507508778602 0.08505144331617201 0.040945080942726204 0.008597175079371801
23 0.26164853625815443 0.684851741225687 0.013179296205986799 0.010639543294920199
18 0.07132590396723498 0.6434928204220346 0.007668448639851881 0.013930549715595658
23 0.20615148238875 0.21031547195759348 0.011040321582837999 0.00828059607326696
23 0.6539390716872687 0.6779686116279667 0.013136208961943402 0.011064571236463401
23 0.30706248803019365 0.2019022151210147 0.010984314631397301 0.00854054554471538
24 0.6202600635574259 0.4401922528849053 0.0109707622342837 0.0105094812557887
32 0.07926953577075829 0.6817123075818435 0.00397482492514923 0.0048582020117911105
8 0.14284765042932057 0.14340236671775575 0.006675522890056892 0.00835480864767575
8 0.11184631921086068 0.22983413871512443 0.00661503333760735 0.0079242875520988
4 0.11257625602758947 0.2575782304195607 0.004933610258056928 0.008868194451541385
8 0.11184631921086068 0.28635200982040643 0.00661503333760735 0.0079242875520988
8 0.14363058561998265 0.2864652424722204 0.005124035314224554 0.007924287552098792
29 0.17694368174549335 0.26661732888332024 0.0128653934897827 0.0161195681408945
22 0.22077946591657657 0.21034377086336048 0.010040321582838001 0.00828059607326696
11 0.20699123201115427 0.18125353054423737 0.0100163005642465 0.00740403183224274
6 0.2138623114319747 0.15459577031012744 0.0241074314954214 0.0458878322057569
4 0.2823803888932501 0.25751548773160515 0.004933610258056928 0.008868194451541385
8 0.2824120767607294 0.229684857324785 0.0050009862901882 0.0076177352246860315
8 0.2816675374494671 0.14337547457691643 0.006675522890056892 0.00835480864767575
8 0.2824504726401291 0.286438350331381 0.005124035314224554 0.007924287552098792
22 0.32178693887656334 0.20189346387756768 0.0097843146313973 0.00854054554471538
4 0.3612150200929338 0.25748401164187995 0.004933610258056928 0.008868194451541385
24 0.47524653350796187 0.14129411791276747 0.0112193708442474 0.0103598963435541
23 0.4238060006085801 0.21025710372702883 0.011040321582837999 0.00828059607326696
8 0.36050216864915074 0.1433439984871912 0.006675522890056892 0.00835480864767575
8 0.36128510383981277 0.2864068742416558 0.005124035314224554 0.007924287552098792
29 0.3944981999653235 0.2666089606527552 0.0126653934897827 0.0160195681408945
22 0.43843398413640666 0.21028540263279585 0.010040321582838001 0.00828059607326696
11 0.4246457502309843 0.18119516231367266 0.0100163005642465 0.007404031832242741
6 0.43151682965180477 0.1545374020795629 0.0241074314954214 0.0458878322057569
23 0.5287299977368438 0.202002474341291 0.012690016370144946 0.008540545544715375
4 0.49958683251393593 0.2575229592002806 0.004933610258056928 0.008868194451541385
8 0.499618520381415 0.22969232879346058 0.0050009862901882 0.0076177352246860315
8 0.49887398107015285 0.14338294604559193 0.006675522890056892 0.00835480864767575
8 0.4996569162608147 0.2864458218000565 0.005124035314224554 0.007924287552098792
22 0.545963798256568 0.20190093534624445 0.01244127310906347 0.008540545544715382
4 0.5862413141755077 0.2575485251463576 0.004933610258056928 0.008868194451541385
24 0.7000228275905357 0.14135863141724514 0.0107193708442474 0.0103598963435541
23 0.6488322946911542 0.21032161723150633 0.011040321582837999 0.00828059607326696
8 0.5855284627317249 0.14340851199166882 0.006675522890056892 0.00835480864767575
8 0.586311397922387 0.28647138774613323 0.005124035314224554 0.007924287552098792
29 0.6195244940478976 0.26667347415723275 0.0126653934897827 0.0160195681408945
22 0.6634602782189809 0.2103499161372735 0.010040321582838001 0.00828059607326696
11 0.6496720443135586 0.18125967581815033 0.0100163005642465 0.007404031832242741
12 0.6577384601521956 0.15460191558404046 0.021716758659784858 0.045887832205756894
4 0.72729748387538 0.25754391277961824 0.00493955166328272 0.00893799854849491
22 0.7523803971740993 0.23215029915407656 0.012736999714554713 0.008726688037922904
23 0.7523803971740992 0.21944198330916012 0.012809164018886321 0.00842255498440425
11 0.759982029907244 0.15162827709265167 0.00525793771680989 0.0141135547036313
26 0.5188020856279599 0.4002358237249636 0.01918848065720377 0.010332123736643188
35 0.6007635728760594 0.4597830245371714 0.00758213505422073 0.0106400567354109
31 0.5674353433142214 0.45465510677868337 0.009286430786943512 0.009689004864895085
11 0.5787454819459955 0.3380647446471363 0.00985411280382889 0.007372205952743
24 0.4194050699684729 0.44108646193892803 0.010834382035734256 0.010128815243882199
35 0.40003369126098337 0.4607689535854424 0.0074821350542207295 0.0106400567354109
26 0.31788966376407723 0.40067217390404736 0.01925171271591463 0.009873349072390113
1 0.37057901677810656 0.38820659898781995 0.03343005405419068 0.047000085905299534
11 0.3778202990877639 0.33780384056656004 0.00985411280382889 0.007372205952743
7 0.4423979163186506 0.34207094655194153 0.0241950543929192 0.0244058294576512
27 0.10843237296825224 0.7090184813468164 0.008737248417026538 0.008350897643944649
34 0.08274930387971174 0.6446215855729958 0.0110123051358429 0.0100753576788414
19 0.08472886158683647 0.634557783529696 0.00596219169821011 0.00466591633215079
32 0.1382194088085482 0.6844962969913246 0.00397482492514923 0.0048582020117911105
18 0.13017050138125685 0.6434735199594744 0.007668448639851881 0.013930549715595658
34 0.14158157899601964 0.6446022851104359 0.010987660540415074 0.010075357678841396
19 0.14357345900085836 0.6345384830671362 0.00596219169821011 0.00466591633215079
22 0.1164568811294385 0.608905118329551 0.012695658230571 0.00851331411884201
22 0.1699130389053605 0.6037507188628171 0.012495658230571001 0.00851331411884201
14 0.13739938977444013 0.5649339503687564 0.00477341065092622 0.029649068833362803
17 0.18700357961780165 0.7042859999004254 0.0113183827511082 0.027536175726702798
32 0.1890343953374929 0.6844625454490315 0.00397482492514923 0.0048582020117911105
18 0.18098548791020141 0.6434397684171813 0.007668448639851881 0.013930549715595658
34 0.19239656552496423 0.6445685335681428 0.010987660540415074 0.010075357678841396
19 0.19438844552980292 0.6345047315248431 0.00596219169821011 0.00466591633215079
14 0.1882143763033847 0.5649001988264631 0.00477341065092622 0.029649068833362803
17 0.21759849530119957 0.7042790460436303 0.0113183827511082 0.027536175726702798
32 0.21962931102089084 0.6844555915922363 0.00397482492514923 0.0048582020117911105
18 0.2115804035935993 0.6434328145603861 0.007668448639851881 0.013930549715595658
34 0.22299148120836215 0.6445615797113478 0.010987660540415074 0.010075357678841396
19 0.22498336121320084 0.634497777668048 0.00596219169821011 0.00466591633215079
14 0.21880929198678264 0.564893244969668 0.00477341065092622 0.029649068833362803
18 0.23465099148379384 0.7059551014300434 0.007897983961840941 0.013930549715595701
19 0.2526459115990345 0.6969211484808343 0.00546219169821011 0.00396591633215079
31 0.25036314437384094 0.7108442817215095 0.00844322360681531 0.007814288877366961
20 0.23971538922774102 0.7431227765829717 0.025453432602374485 0.018154573114683204
22 0.2796488919476461 0.6848812397335512 0.0133792962059868 0.010639543294920199
17 0.32110536350290425 0.7043068707732271 0.0113183827511082 0.027536175726702798
32 0.32313617922259547 0.6844834163218332 0.00397482492514923 0.0048582020117911105
18 0.3150872717953039 0.6434606392899831 0.007668448639851881 0.013930549715595658
34 0.32649834941006667 0.6445894044409447 0.010987660540415074 0.010075357678841396
19 0.3284902294149054 0.634525602397645 0.00596219169821011 0.00466591633215079
14 0.32231616018848736 0.5649210696992648 0.00477341065092622 0.029649068833362803
17 0.3557677078009728 0.7043329652295334 0.0113183827511082 0.027536175726702798
32 0.35779852352066405 0.6845095107781396 0.00397482492514923 0.0048582020117911105
18 0.3497496160933724 0.6434867337462894 0.007668448639851881 0.013930549715595658
34 0.3611606937081354 0.6446154988972509 0.010987660540415074 0.010075357678841396
19 0.36315257371297394 0.6345516968539516 0.00596219169821011 0.00466591633215079
14 0.35697850448655577 0.5649471641555712 0.00477341065092622 0.029649068833362803
32 0.3860480857254442 0.6416550656521999 0.00397482492514923 0.0048582020117911105
32 0.3860243505427696 0.7274091608389526 0.00397482492514923 0.00525820201179111
16 0.38457456138409396 0.5687379474611306 0.00611806016378796 0.0372619949636871
14 0.42208392494872216 0.5306462447849672 0.0195390134342724 0.00669037636704642
22 0.4286845846102229 0.573471329843822 0.0095957806443098 0.00841331411884201
18 0.49045003483927113 0.6378207160073387 0.007742364709789951 0.0139415704483115
19 0.5038513288682105 0.6290960998974254 0.0060202587821756 0.00456119376068681
32 0.49849414062487946 0.6416828636162042 0.00397482492514923 0.0048582020117911105
32 0.49847040544220483 0.7274369588029566 0.00397482492514923 0.00525820201179111
16 0.49702061628352934 0.5687657454251344 0.00611806016378796 0.0372619949636871
20 0.47858872661835555 0.5599714986533592 0.0234399494540851 0.04432273845651217
17 0.530020707423827 0.704254219662728 0.0113183827511082 0.027536175726702798
32 0.5320515231435187 0.684430765211334 0.00397482492514923 0.0048582020117911105
18 0.524002615716227 0.6434079881794839 0.007668448639851881 0.013930549715595658
34 0.5354136933309899 0.6445367533304451 0.010987660540415074 0.010075357678841396
19 0.5374055733358287 0.6344729512871459 0.00596219169821011 0.00466591633215079
14 0.5312315041094103 0.5648684185887654 0.00477341065092622 0.029649068833362803
22 0.5637477737334379 0.603726011388187 0.012595780644309799 0.00841331411884201
17 0.5807997252811972 0.7042626723499077 0.0113183827511082 0.027536175726702798
32 0.5828305410008888 0.6844392178985139 0.00397482492514923 0.0048582020117911105
18 0.574781633573597 0.6434164408666638 0.007668448639851881 0.013930549715595658
34 0.5861927111883599 0.6445452060176252 0.010987660540415074 0.010075357678841396
19 0.5881845911931984 0.6344814039743257 0.00596219169821011 0.00466591633215079
14 0.5820105219667804 0.5648768712759452 0.00477341065092622 0.029649068833362803
17 0.6120872340942841 0.7042708955794655 0.0113183827511082 0.027536175726702798
32 0.614118049813976 0.6844474411280718 0.00397482492514923 0.0048582020117911105
18 0.606069142386684 0.6434246640962215 0.007668448639851881 0.013930549715595658
34 0.6174802200014468 0.6445534292471828 0.010987660540415074 0.010075357678841396
19 0.6194721000062856 0.6344896272038835 0.00596219169821011 0.00466591633215079
14 0.6132980307798676 0.5648850945055031 0.00477341065092622 0.029649068833362803
22 0.6719079834658755 0.6779686116279668 0.013136208961943402 0.011064571236463401
18 0.6315441136970925 0.7058675336890815 0.00769798396184094 0.013930549715595701
19 0.644940107574271 0.6969356472666326 0.00546219169821011 0.00396591633215079
31 0.6425573403490782 0.710756713980548 0.00844322360681531 0.007814288877366961
17 0.7127064498349105 0.7043188538863796 0.0113183827511082 0.027536175726702798
32 0.7147372655546026 0.6844953994349858 0.00397482492514923 0.0048582020117911105
18 0.7066883581273108 0.6434726224031354 0.007668448639851881 0.013930549715595658
34 0.7180994357420737 0.6446013875540967 0.010987660540415074 0.010075357678841396
19 0.7200913157469122 0.6345375855107973 0.00596219169821011 0.00466591633215079
14 0.7139172465204942 0.5649330528124169 0.00477341065092622 0.029649068833362803
17 0.7440418545117075 0.7043305306662279 0.0113183827511082 0.027536175726702798
32 0.7460726702313992 0.6845070762148342 0.00397482492514923 0.0048582020117911105
18 0.7380237628041073 0.6434842991829837 0.007668448639851881 0.013930549715595658
34 0.7494348404188704 0.6446130643339455 0.010987660540415074 0.010075357678841396
19 0.7514267204237091 0.6345492622906455 0.00596219169821011 0.00466591633215079
14 0.745252651197291 0.5649447295922653 0.00477341065092622 0.029649068833362803
18 0.7758320075989235 0.6433929862254985 0.007668448639851881 0.013930549715595658
34 0.7872430852136866 0.6445217513764606 0.010987660540415074 0.010075357678841396
19 0.7892349652185249 0.63445794933316 0.00596219169821011 0.00466591633215079
14 0.7830608959921073 0.5631034166347804 0.00477341065092622 0.0297490688333628
32 0.7837785148959766 0.6815642126118646 0.00397482492514923 0.0048582020117911105
27 0.8128957078367016 0.7090413909716838 0.00904456652201875 0.008644388578758475
22 0.8288301904490225 0.6102571874625737 0.012531627427457545 0.008631222026274156
