12 0.27250620516405044 0.09471809882465684 0.027866789503007933 0.029849834217254026
12 0.28093284276603214 0.5948925976805356 0.0287641074187124 0.024483107938859387
11 0.15360242373974617 0.2857273738743625 0.0069722164567307095 0.018991740475703758
11 0.15360119105285458 0.39475887113143343 0.00701446002133715 0.0190227383770949
13 0.2182277173844117 0.26709313700540444 0.0271761358628495 0.036372136729863495
13 0.21814590676491985 0.4081173041912434 0.0271761358628495 0.0364721367298635
24 0.23595553687837015 0.0494157478362603 0.0156962925724603 0.0104761633469072
36 0.23221946872228616 0.0659153768091624 0.0231604322093163 0.0102192407118796
36 0.30416436247947715 0.6272484268191169 0.023060432209316303 0.0099192407118796
24 0.30056977424757014 0.6438316351397666 0.0158962925724603 0.010176163346907201
2 0.18708369053867727 0.15896486354954298 0.014632761769099965 0.01050556608231596
4 0.18268321872704474 0.17366737323471595 0.005845374670212877 0.0154967892848483
3 0.155652765284001 0.2522677004615279 0.02557583355033396 0.014378128833862126
2 0.1878220966935359 0.2542617356208966 0.016070182861440324 0.010814771807354372
2 0.18756912554491337 0.28612196965598347 0.015685271359752766 0.012739375419084653
29 0.22592001251116883 0.15984177513543454 0.012270475990929699 0.0158407646757471
24 0.3070675824111526 0.1573065760171187 0.010809254318539201 0.0103133390012014
28 0.3642103928838348 0.18595450959724188 0.026770720243813502 0.0191938354038158
23 0.21653917705951145 0.2234019223264227 0.010624839710062901 0.0101170534861834
22 0.23604993619054873 0.2234534300306791 0.010482935353715498 0.009908040067186201
29 0.22596143982483943 0.3728076374186338 0.0121929138612029 0.0157819261940857
24 0.25798293431617847 0.3884254144008497 0.0156948055821629 0.0100133390012014
23 0.22260647670676945 0.4596762986737057 0.010724839710062899 0.0100170534861834
22 0.24200202649276975 0.4596804071268611 0.010682935353715499 0.010008040067186199
29 0.22596648651922943 0.5289333046456468 0.012292913861202901 0.0158819261940857
3 0.15403357585791821 0.42813344766590206 0.0222191089797064 0.0141499533459561
4 0.18314744843756267 0.3782893727716175 0.00687878472944337 0.0128966251547309
2 0.18507896878774524 0.424184421265784 0.0106115025653285 0.0187347993105919
4 0.1831617246451987 0.5000913160144335 0.00667878472944337 0.0128966251547309
2 0.18746152128933946 0.5214145262518116 0.015313784386264899 0.0109943356937352
2 0.18533739976697433 0.399449096277779 0.0110703370194007 0.019034799310592102
11 0.402760455164892 0.28565994563014735 0.0069722164567307095 0.018991740475703758
11 0.40268563680327896 0.3948275969469993 0.00701446002133715 0.0190227383770949
13 0.4941068076708311 0.26709477117855285 0.0271761358628495 0.036372136729863495
13 0.49402499705133907 0.40811893836439184 0.0271761358628495 0.0364721367298635
2 0.46296278082509656 0.15896649772269136 0.014632761769099965 0.01050556608231596
4 0.45856230901346406 0.17366900740786448 0.005845374670212877 0.0154967892848483
3 0.4048107967091469 0.25220027221731267 0.02557583355033396 0.014378128833862126
2 0.46370118697995516 0.254263369794045 0.016070182861440324 0.010814771807354372
2 0.4634482158313327 0.286123603829132 0.015685271359752766 0.012739375419084653
29 0.5017991027975881 0.1598434093085829 0.012270475990929699 0.0158407646757471
24 0.5829466726975717 0.1573082101902672 0.010809254318539201 0.0103133390012014
28 0.6400894831702538 0.18595614377039035 0.026770720243813502 0.0191938354038158
23 0.49241826734593075 0.22340355649957114 0.010624839710062901 0.0101170534861834
22 0.5119290264769681 0.22345506420382752 0.010482935353715498 0.009908040067186201
29 0.5018405301112587 0.3728092715917823 0.0121929138612029 0.0157819261940857
24 0.5338620246025977 0.3884270485739982 0.0156948055821629 0.0100133390012014
23 0.49848556699318886 0.4596779328468542 0.010724839710062899 0.0100170534861834
22 0.5178811167791889 0.45968204130000956 0.010682935353715499 0.010008040067186199
29 0.5018455768056489 0.5289349388187957 0.012292913861202901 0.0158819261940857
3 0.4031180216083423 0.428202173481468 0.0222191089797064 0.0141499533459561
4 0.459026538723982 0.37829100694476586 0.00687878472944337 0.0128966251547309
2 0.46095805907416443 0.42418605543893234 0.0106115025653285 0.0187347993105919
4 0.4590408149316179 0.5000929501875819 0.00667878472944337 0.0128966251547309
2 0.4633406115757586 0.5214161604249601 0.015313784386264897 0.0109943356937352
2 0.46121649005339366 0.39945073045092755 0.0110703370194007 0.019034799310592102
11 0.6804017200694713 0.28567067624481696 0.0069722164567307095 0.018991740475703758
11 0.6804004873825801 0.39470217350188813 0.00701446002133715 0.0190227383770949
13 0.7450270137141368 0.2670364393758591 0.0271761358628495 0.036372136729863495
13 0.7449452030946452 0.40806060656169796 0.0271761358628495 0.0364721367298635
2 0.7138829868684023 0.1589081659199975 0.014632761769099965 0.01050556608231596
4 0.70948251505677 0.1736106756051706 0.005845374670212877 0.0154967892848483
3 0.6824520616137264 0.2522110028319824 0.02557583355033396 0.014378128833862126
2 0.7146213930232611 0.2542050379913512 0.016070182861440324 0.010814771807354372
2 0.7143684218746387 0.2860652720264381 0.015685271359752766 0.012739375419084653
29 0.7527193088408939 0.15978507750588908 0.012270475990929699 0.0158407646757471
24 0.833866878740878 0.15724987838757326 0.010809254318539201 0.0103133390012014
23 0.7433384733892364 0.22334522469687737 0.010624839710062901 0.0101170534861834
22 0.7628492325202739 0.22339673240113359 0.010482935353715498 0.009908040067186201
29 0.7527607361545647 0.37275093978908835 0.0121929138612029 0.0157819261940857
24 0.7847822306459036 0.3883687167713043 0.0156948055821629 0.0100133390012014
23 0.7494057730364946 0.45961960104416016 0.010724839710062899 0.0100170534861834
22 0.768801322822495 0.4596237094973155 0.010682935353715499 0.010008040067186199
29 0.7527657828489543 0.5288766070161014 0.012292913861202901 0.0158819261940857
3 0.6808328721876434 0.42807675003635665 0.0222191089797064 0.0141499533459561
4 0.7099467447672881 0.37823267514207204 0.00687878472944337 0.0128966251547309
2 0.7118782651174703 0.4241277236362385 0.0106115025653285 0.0187347993105919
4 0.7099610209749236 0.5000346183848882 0.00667878472944337 0.0128966251547309
2 0.7142608176190643 0.521357828622266 0.015313784386264897 0.0109943356937352
2 0.7121366960966996 0.39939239864823356 0.0110703370194007 0.019034799310592102
