11 0.43956765877998527 0.06411651500978954 0.12598031753460504 0.02069470960938586
22 0.20010727516629978 0.10852344996261233 0.08098801141681777 0.047096041798165705
23 0.20060563145344668 0.030948746837057922 0.08057389821891903 0.047009516754005345
6 0.5591431346464142 0.1360906069376857 0.41647434075627043 0.12543722593724405
24 0.6196920711817672 0.31829336136982234 0.0917116512454601 0.04458036928218784
2 0.725826757260436 0.4442930337995894 0.11076676227710713 0.08500987531086579
22 0.41112553379374644 0.6396154496038184 0.08060824654244503 0.0482594091903108
23 0.41049606242134035 0.562003726908332 0.08239289823177731 0.048471882146502554
2 0.17497954595015436 0.43726675191921616 0.13271490768076177 0.059626347892294596
3 0.1749610991412648 0.7704798341273031 0.13266773178666913 0.0833212603265957
2 0.7251387735846891 0.7652720564833466 0.11076676227710736 0.08500987531086535
11 0.43902668771446657 0.9496084333343092 0.12598031753460492 0.020694709609385686
23 0.2000646603879278 0.9164406651615756 0.08057389821891903 0.04700951675400589
