11 0.11894649991192066 0.2619299773692131 0.028739901742221297 0.097131883477311
22 0.1806168964193695 0.44655594540749577 0.06540490972209376 0.06244243737389105
23 0.0728845634902204 0.44617170852223753 0.0652847475495218 0.06212315261836826
29 0.05745899789293667 0.8784893061527178 0.09664791906014403 0.1154468163278557
6 0.21890095054384337 0.16973628064026466 0.17420169774299082 0.32110521650746066
24 0.47193611549086584 0.12305254175691481 0.0619112544696413 0.07071045379639465
22 0.9181740873086522 0.2838590947430568 0.06702054314587413 0.06214963546444813
23 0.810390343230351 0.28434442246085734 0.06731561623455684 0.06352561691399633
2 0.637161123179677 0.46592963579053215 0.08280644725233732 0.10232430907319245
2 0.6369507647408514 0.6973070091117146 0.08322716413002007 0.10105249055435428
4 0.6596401446466928 0.5875874417244018 0.04189401018488892 0.06919141807673168
