11 0.8443202038799558 0.2329481519071947 0.016110137642626032 0.11769351691873708
22 0.12329070694803057 0.8299183434510988 0.03783198789328224 0.07304500365698108
23 0.0624485664689895 0.83048875331202 0.03799855177048583 0.07466220654583278
2 0.2217966627799901 0.5453680743072076 0.06664177261034077 0.10037383149555174
11 0.36630343761048817 0.8046350755772613 0.016223199092840423 0.11415994206222224
6 0.42272607145808094 0.6962790270760775 0.09833397657875809 0.37739773594457093
24 0.5655602361412081 0.6414112253267574 0.034947878957879874 0.08310660742489784
2 0.6641372010869435 0.5458159087152354 0.06664177261034077 0.10037383149555146
11 0.808643975917442 0.805082909985289 0.016223199092840423 0.11415994206222202
12 0.865980937477733 0.6952939309629367 0.09650532115336152 0.37453187490223083
