35 0.7020395113743472 0.5666282024141394 0.06751838105531105 0.024953387248203618
24 0.5223896655570468 0.6139217668563233 0.10045164038479382 0.024873908743020867
3 0.8432040395147926 0.2010587435592638 0.15552408880896718 0.02881009323414649
2 0.8529246662746537 0.0815822899966977 0.15867598912526482 0.024054083879111496
2 0.8662024657235055 0.26640700028402686 0.11066252830339351 0.028394424400120355
4 0.8352271470024657 0.2354117681790181 0.055108642936627206 0.01960447520654815
11 0.508849853535156 0.14371432284543834 0.03862790652169901 0.027357855937988174
22 0.4267595778434745 0.19571548307397255 0.08790756354930962 0.017587337390516045
23 0.57075946583185 0.19560726014060975 0.08774605940739688 0.01749740866647534
29 0.591492219592828 0.31737245331937225 0.12989977545704245 0.03251638140358537
6 0.374505929534698 0.11774734080817244 0.23413604391180198 0.09044146926482324
16 0.9231632447569471 0.7838857276453093 0.056261628418791454 0.08427279489628048
32 0.9106322966994627 0.9660508361356674 0.03586858782721791 0.01275566964649466
19 0.8612234586525294 0.9364546091444151 0.05318777271490416 0.00997536593607995
14 0.63042987511803 0.7777812845186726 0.04462368384850246 0.07182474827790641
23 0.42059389923646723 0.9214753219365521 0.09214137318053217 0.02366589387186213
22 0.25140173320967985 0.9214470167649936 0.0930785891025454 0.023498208501147255
32 0.6235754215917029 0.9796800327963755 0.03586858782721791 0.012755669646494328
19 0.5741665835447707 0.9500838058051243 0.053187772714904824 0.00997536593607995
18 0.6876611881669775 0.9685290269126512 0.0575739435272713 0.028603027906037526
14 0.11704903351215679 0.7779323994499265 0.04462368384850324 0.07182474827790652
32 0.1101945799858301 0.9798311477276306 0.03586858782721791 0.012755669646494328
19 0.060785741938896076 0.9502349207363792 0.05318777271490416 0.00997536593607995
18 0.1742803465611062 0.9686801418439046 0.05757394352727119 0.028603027906037193
