0 0.4731117498531642 0.8805105880279018 0.06765366376857429 0.15166331864465576
35 0.42250168411710604 0.512213509294586 0.021277106180355276 0.07691654398608683
24 0.38217568820020875 0.30755745783238664 0.021209336920133826 0.11443391999879449
31 0.3693171610628925 0.9034949566724453 0.014959432441690401 0.08149245718403364
3 0.734213281223433 0.6730273124142875 0.02456561935706736 0.17717213047468428
2 0.8360877547454999 0.6841009934484151 0.020510293519524936 0.18076275684233467
2 0.678492517416748 0.6992269847619421 0.024211189321999727 0.1260661036716315
4 0.704921348020918 0.6639400832152631 0.016716227597914468 0.06277944305234817
11 0.7831093816302772 0.2921329833312583 0.0233273342760848 0.044004684718858544
22 0.7387693408703262 0.1986162223784636 0.01499626649342689 0.10014378118620992
23 0.7388616197590159 0.36266005081943353 0.014919586602594959 0.09995979661428733
29 0.6350355973210196 0.38627868239329505 0.027725875162492142 0.1479810628832975
6 0.8052507538013061 0.13908917247359376 0.07711709538726108 0.2667264089984265
16 0.23725182657892402 0.7641163704007714 0.07185722672790817 0.06409291735620581
32 0.08192436272993031 0.7498411878151389 0.010876428709674979 0.040861285033936934
19 0.10716029795456034 0.6935549290876799 0.008505735838534423 0.06059119895360887
18 0.09143253626348025 0.8228473175034562 0.024389060121696948 0.0655878990365617
14 0.24245692692403797 0.43063623136156526 0.061243100196600286 0.050835039109466296
23 0.11993274769284912 0.19159231744520633 0.020179293967430345 0.10496691230456223
32 0.07030310018876157 0.4228276780769948 0.010876428709674868 0.040861285033937045
19 0.09553903541339048 0.3665414193495373 0.008505735838534312 0.06059119895360965
18 0.0798112737223105 0.4958338077653114 0.02438906012169706 0.0655878990365617
