11 0.3397790330390979 0.689862487057725 0.013944606997386533 0.1036654182403588
22 0.13089624205343386 0.7141412779705525 0.03251838309341315 0.06633010421766217
23 0.07859954440429935 0.7146592510505375 0.032661552624544204 0.0677986404732338
22 0.36970152374149323 0.8869072421837847 0.031734477381120396 0.06664260132280742
23 0.31742977079386203 0.8864971597681279 0.03167617466709238 0.06630184001422268
3 0.21909406640886628 0.9073860651018633 0.05614392526940093 0.1091682905060708
6 0.3882769556904545 0.5914674205936457 0.08452270418638441 0.342704222102133
24 0.5110496764656783 0.5416435199019988 0.030039355041566962 0.07546676234772165
2 0.21558493707361762 0.4546613868042472 0.057281755795656086 0.09114664070784395
2 0.5959513710048308 0.4543084755278475 0.057281755795655864 0.09114664070784384
22 0.7275644439872508 0.7132666571697198 0.03251838309341315 0.06633010421766206
23 0.6752677463381158 0.7137846302497043 0.032661552624544066 0.0677986404732338
2 0.5912168885538073 0.9075840955970702 0.04017770743061755 0.1092071101319273
3 0.8157441018118392 0.907599274921874 0.05614392526940082 0.1091682905060708
2 0.8122349724765905 0.45487459662425805 0.05728175579565564 0.09114664070784395
11 0.9364453807899785 0.6903076358941498 0.01394460699738631 0.10366541824035869
22 0.9660798273832611 0.8873523910202099 0.03173447738112045 0.06664260132280742
23 0.9140961185447414 0.8869423086045527 0.031676174667092716 0.06630184001422257
