22 0.608479620300897 0.8513522415908811 0.08700948965022737 0.04716260443598563
23 0.6078001614959762 0.9272000614978338 0.08893586367959494 0.047370248461354736
3 0.3535609511318947 0.7234620476247483 0.14320311048737522 0.08142759531917299
4 0.1828062111101748 0.7192855938009542 0.09744577382078345 0.028853178372543864
11 0.6385964540917918 0.5484045529451742 0.13598463686823536 0.020224375300081476
22 0.38012009883819525 0.5054246274567686 0.08741941232344741 0.04602567721184392
23 0.38065803047755736 0.5808185082048911 0.08697241366571562 0.04594111864596029
6 0.7676676295123194 0.47806623583382346 0.4495473031104449 0.12258637989321608
24 0.8330248639490095 0.30000445309332563 0.09899463531495178 0.04356717907122898
3 0.35302750132233046 0.1720257368228975 0.1432031104873751 0.0814275953191731
4 0.1822727613006117 0.16784928299910273 0.0974457738207829 0.02885317837254342
23 0.3801245806679965 0.029137519696399716 0.08697241366571551 0.04643047405924061
