11 0.5194419907475829 0.6039082218396572 0.01863968801900473 0.1675173062869566
22 0.7986545965414533 0.6431413404886465 0.04346716374705262 0.10718560319230908
23 0.8685593366884347 0.6439783549584772 0.04365853775957307 0.10955867264877628
22 0.47944474367215456 0.9223211232390144 0.04241932081277755 0.10769058039844981
23 0.5493161403585537 0.9216584538282069 0.0423413878598915 0.10713992987805543
6 0.4546150545735817 0.4449074984955289 0.11298108558040376 0.5537901560056204
24 0.2905053587662034 0.36439496331989657 0.04015345906642365 0.12194991306914438
2 0.685451631824792 0.22383687867642868 0.07656824300691656 0.14728768752064653
2 0.17701767863357387 0.22326659451239117 0.07656824300691634 0.14728768752064614
23 0.07099586738512531 0.6425650184469859 0.043658537759572846 0.10955867264877628
