11 0.2510711025741821 0.7262133205901202 0.15411592178400002 0.014867919465654023
22 0.21497663341711198 0.9489268409294143 0.09861075493692428 0.03467151860764284
6 0.3973517680507801 0.6745042112285562 0.5094869435251708 0.0901191951195176
24 0.4714233004123618 0.5436023560950719 0.11219392002361284 0.03202834699048274
2 0.6007367382843523 0.8586306642463841 0.13550467251899478 0.0610745453192546
2 0.6012613997152667 0.45307907658333957 0.13550467251899445 0.06107454531925449
22 0.21627690300768326 0.3127515241398309 0.09861075493692428 0.03467151860764284
23 0.21550684969543965 0.36851093629915005 0.10079397883687413 0.03482416780451081
2 0.6004197663519364 0.2224747168458135 0.13550467251899478 0.06107454531925416
11 0.2504093146373641 0.0900399807542494 0.15411592178400013 0.014867919465653912
