13 0.2522979595297001 0.4681395566544109 0.03509947493298331 0.044276280435348765
11 0.3119945049406907 0.43102341070686967 0.01448205804439376 0.010549189177336282
11 0.5191256793659641 0.4309649611294431 0.01452322465565784 0.010553865143527725
11 0.39017515090194754 0.29229942126752506 0.004841135977533097 0.013176054868965514
0 0.3254786435656193 0.4674135923828514 0.0167130872215786 0.0381819596346368
0 0.5325894053872186 0.4674529814166511 0.016685104166831 0.0382130412052762
20 0.4584328646088332 0.6123565001158824 0.0292237494491345 0.0636632810368649
20 0.5205756789478396 0.6122922967303078 0.030223749449134318 0.06382696628942792
2 0.2436746045543912 0.3210080388251436 0.0156492954537084 0.016185783768281198
2 0.2436746045543912 0.3503255154413779 0.0156492954537084 0.016140795066639898
4 0.24831153658407545 0.3364603518000158 0.00705689955965489 0.0097819520295937
2 0.2719655249464757 0.26247126274226035 0.0198864527978874 0.0115848964821027
22 0.31765751058997915 0.29538529779848005 0.0112893761978543 0.00843067155345608
23 0.2995017156978859 0.2954511330773838 0.0113390802281059 0.00861732506442357
22 0.40056331360197317 0.3173441521840889 0.01101722839566197 0.008470390478760977
23 0.38241617873822775 0.317292029996177 0.010996987497763516 0.008427079124064766
3 0.34827706556971116 0.31994704617709635 0.019491433253914496 0.01387547950005913
29 0.3798177961391286 0.3759364234051564 0.0162800040971752 0.0156604971707208
6 0.4070121286831862 0.2797932372712357 0.0293436669984164 0.0435583023817473
24 0.44963501764061325 0.27346053288010586 0.010428734381749 0.00959195668483434
11 0.7399633733520481 0.22637332616768707 0.004807397511329644 0.01358389123741481
36 0.29387199141637016 0.5222194239148836 0.025507094887427556 0.011528929131089948
24 0.2738501941968854 0.5077029001436172 0.010306735997694765 0.00971161750275813
26 0.27777798338320187 0.4749404132945309 0.023613838542169127 0.011403749918299802
35 0.3659507080601121 0.4959651616827992 0.00848678264817212 0.012072653064140399
24 0.38848316045011827 0.5188423685600889 0.012669351819755618 0.011979739463009348
26 0.48491057676679256 0.47492442917909444 0.023707846298657145 0.011362730004859083
35 0.5731072786470192 0.49603923114274595 0.008461904698046354 0.012018017796940504
24 0.5956223308530157 0.5188166959211131 0.012589345218485249 0.01197973946301089
15 0.0471278062090632 0.7770171055644499 0.07493263278833724 0.06912975162240824
32 0.04384342073936262 0.7370948874247649 0.004568849038694052 0.005778701032486015
32 0.043839520682265876 0.6949584524246967 0.004495317676512079 0.006143368966251207
19 0.05003180302463757 0.6807043562106142 0.006665886485728491 0.004804322722135881
18 0.03580781671091331 0.6895879195254391 0.007215593970171746 0.013775752967000097
27 0.07756365283787917 0.7201951343530818 0.00976510907317066 0.00923291351945213
23 0.06749634780713168 0.6500730819933438 0.011039136441170432 0.008185122514091852
22 0.08563975594424963 0.6501053814127448 0.011018712275514866 0.008156202029010979
14 0.042947517881907246 0.5977501180493554 0.005692571298361711 0.0346921415188549
14 0.11127892978313986 0.5977625595577034 0.0055925712983617105 0.0345921415188549
14 0.20914643799754593 0.5893574213220024 0.00512835048691152 0.03349580018654905
23 0.13752064309202322 0.6638807112778994 0.011647840845917962 0.011397936917482664
22 0.15867506124005115 0.6638670789781181 0.01166529970215255 0.01131717650810452
23 0.2341172635897902 0.6574581257914667 0.011864038652026272 0.01165695944753656
22 0.25541734393952914 0.657474413698631 0.011675086229680309 0.011670210199208582
23 0.48711321975075966 0.661622016598329 0.011618544016335351 0.011356500563758663
22 0.5082711474376771 0.6616059805367821 0.011711793390584542 0.011419868321100545
22 0.9299961412003858 0.6500815434445041 0.01130013703921098 0.008344786450731147
23 0.9118527979117782 0.6500303467891894 0.011276025052943117 0.008349360996124754
32 0.43292354020692164 0.7790391157166475 0.004524650695841507 0.005654663212485584
24 0.4486348435765317 0.6725346922259021 0.010095017689659876 0.009462727897741077
24 0.49721830389117805 0.6788604233824819 0.010053874294958099 0.009390159427430664
27 0.9205439238728478 0.7205273141639137 0.01007700157697955 0.009459699404111942
15 0.8901812982505355 0.7678039018745453 0.0746930979773508 0.06656196251608211
17 0.1098080592010386 0.7636809300272247 0.013178178401312584 0.03666509376080366
31 0.213215627484503 0.7692893013076809 0.010627318714821343 0.00745850468432761
18 0.20278921883296686 0.7532206112468036 0.006498548262784926 0.012132382715805452
19 0.2155210896043998 0.7452310247879979 0.006039708189664334 0.004328405974428053
14 0.4790262126321416 0.5599668570438445 0.022187652851169817 0.007821127022818439
16 0.4313920056364322 0.6007002604029146 0.0070511248995543995 0.040587353483817
31 0.32288742440570883 0.5261041392195516 0.008977739141383667 0.008372296682860237
31 0.5300608006562251 0.5260796200551003 0.008965319690203987 0.008449585380288003
2 0.27032185916708545 0.32008338202150605 0.013948456559128374 0.01388041354198903
2 0.27028642502344835 0.3502535437508875 0.01401932484640262 0.01614079506663989
4 0.2741083717494793 0.3363883801095258 0.00705689955965489 0.0097819520295937
2 0.3470588044686365 0.2624049525547718 0.0198864527978874 0.0115848964821027
2 0.34539473208153476 0.35141998828734133 0.013869049487147017 0.013675285618752763
4 0.34927678895126774 0.3364921050563739 0.006906624200399296 0.009441881760919434
2 0.4791102583601296 0.262360096918045 0.0198864527978874 0.0115848964821027
22 0.5248022440036335 0.2952741319742648 0.0112893761978543 0.00843067155345608
23 0.5066464491115401 0.29533996725316847 0.0113390802281059 0.00861732506442357
2 0.4774665925807395 0.31997221619729077 0.013948456559128374 0.01388041354198903
2 0.47743115843710493 0.3513588305321106 0.014019324846402687 0.013707889855763034
4 0.48125310516313424 0.3364752414536379 0.007056899559654901 0.009385897692939403
3 0.5554154921260929 0.3199741455158609 0.019491433253914496 0.01387547950005913
2 0.5541972310250183 0.26243205189353636 0.0198864527978874 0.0115848964821027
2 0.5525331586379164 0.3514470876261058 0.013869049487147017 0.013675285618752761
4 0.5564152155076498 0.3365192043951384 0.006906624200399296 0.009441881760919434
11 0.5973192406006715 0.2923560004584756 0.004841135977533097 0.013176054868965514
22 0.607607403300697 0.3174007313750395 0.01101722839566197 0.008470390478760977
23 0.5895602684369513 0.31734860918712754 0.010996987497763516 0.008427079124064766
29 0.5869618858378522 0.3759930025961069 0.0162800040971752 0.0156604971707208
6 0.6141562183819097 0.2798498164621862 0.0293436669984164 0.0435583023817473
24 0.656779107339337 0.2735171120710564 0.010428734381749 0.00959195668483434
3 0.6874135451651013 0.3200258334426924 0.019491433253914496 0.01387547950005913
2 0.6861952840640265 0.2624837398203677 0.0198864527978874 0.0115848964821027
2 0.6845312116769249 0.3514987755529372 0.013869049487147017 0.013675285618752761
4 0.6884132685466584 0.3365708923219698 0.006906624200399296 0.009441881760919434
11 0.7293172936396799 0.29240768838530695 0.004841135977533097 0.013176054868965514
22 0.739755456339705 0.31745241930187096 0.011117228395662 0.008470390478760977
23 0.7216168903084177 0.3174002971139588 0.01111412516267941 0.008427079124064762
29 0.7189599388768606 0.3760446905229383 0.0162800040971752 0.0156604971707208
12 0.7464271143269237 0.27973611913365326 0.028797981186405038 0.04322753187101838
24 0.7888771603783455 0.27356879999788775 0.010428734381749 0.00959195668483434
32 0.11214188083628268 0.738837206181972 0.004568849038694052 0.005778701032486015
32 0.11213798077918598 0.6950007711819036 0.004495317676512079 0.006143368966251207
19 0.11833026312155762 0.6807466749678212 0.006665886485728491 0.004804322722135881
18 0.1041062768078334 0.6896302382826459 0.007215593970171746 0.013775752967000097
14 0.17690169447363913 0.5978221981495122 0.0055925712983617105 0.0345921415188549
17 0.17543082389153788 0.7637405686190338 0.013178178401312584 0.03666509376080366
32 0.17776464552678203 0.7388968447737811 0.004568849038694052 0.005778701032486015
32 0.17776074546968526 0.6950604097737125 0.004495317676512079 0.006143368966251207
19 0.18395302781205694 0.6808063135596302 0.006665886485728491 0.004804322722135881
18 0.16972904149833276 0.6896898768744548 0.007215593970171746 0.013775752967000097
14 0.30918008363287697 0.5977303361813923 0.0055925712983617105 0.0345921415188549
17 0.30770921305077575 0.7636487066509139 0.013178178401312584 0.03666509376080366
32 0.3100430346860201 0.7388049828056613 0.004568849038694052 0.005778701032486015
32 0.3100391346289232 0.6949685478055929 0.004495317676512079 0.006143368966251207
19 0.3162314169712948 0.6807144515915102 0.006665886485728491 0.004804322722135881
18 0.3020074306575707 0.689598014906335 0.007215593970171746 0.013775752967000097
14 0.3494575346707125 0.597778685500646 0.0055925712983617105 0.0345921415188549
17 0.3479866640886112 0.7636970559701675 0.013178178401312584 0.03666509376080366
32 0.35032048572385555 0.7388533321249152 0.004568849038694052 0.005778701032486015
32 0.35031658566675866 0.6950168971248466 0.004495317676512079 0.006143368966251207
19 0.3565088680091303 0.6807628009107641 0.006665886485728491 0.004804322722135881
18 0.3422848816954061 0.6896463642255886 0.007215593970171746 0.013775752967000097
14 0.3896452874590559 0.5978483249915323 0.0055925712983617105 0.0345921415188549
17 0.3881744168769546 0.763766695461054 0.013178178401312584 0.03666509376080366
32 0.3905082385121991 0.7389229716158018 0.004568849038694052 0.005778701032486015
32 0.3905043384551021 0.6950865366157329 0.004495317676512079 0.006143368966251207
19 0.3966966207974737 0.6808324404016506 0.006665886485728491 0.004804322722135881
18 0.38247263448374946 0.689716003716475 0.007215593970171746 0.013775752967000097
32 0.4329624770633427 0.6884343821893792 0.004495317676512079 0.006143368966251207
19 0.4391547594057144 0.6741802859752967 0.006665886485728491 0.004804322722135881
18 0.42493077309198996 0.6830638492901216 0.007215593970171746 0.013775752967000097
32 0.5469259455640776 0.7790133721904993 0.004524650695841507 0.005654663212485584
16 0.5453944109935883 0.6006745168767662 0.0070511248995543995 0.040587353483817
32 0.5469648824204986 0.6884086386632311 0.004495317676512079 0.006143368966251207
19 0.5531571647628706 0.6741545424491484 0.006665886485728491 0.004804322722135881
18 0.5389331784491462 0.6830381057639733 0.007215593970171746 0.013775752967000097
14 0.5820819298159552 0.5977345029457272 0.0055925712983617105 0.0345921415188549
23 0.6083801319111258 0.6669402376952901 0.011547840845918 0.011397936917482665
22 0.6295845500591535 0.6669266053955085 0.01166529970215255 0.01131717650810452
17 0.5806110592338538 0.7636528734152485 0.013178178401312584 0.03666509376080366
32 0.582944880869098 0.7388091495699954 0.004568849038694052 0.005778701032486015
32 0.582940980812001 0.6949727145699272 0.004495317676512079 0.006143368966251207
19 0.5891332631543729 0.680718618355845 0.006665886485728491 0.004804322722135881
18 0.5749092768406487 0.6896021816706699 0.007215593970171746 0.013775752967000097
14 0.6464226276758893 0.5978072827216802 0.0055925712983617105 0.0345921415188549
17 0.6449517570937877 0.7637256531912017 0.013178178401312584 0.03666509376080366
32 0.6472855787290323 0.7388819293459499 0.004568849038694052 0.005778701032486015
32 0.6472816786719351 0.6950454943458807 0.004495317676512079 0.006143368966251207
19 0.6534739610143072 0.6807913981317985 0.006665886485728491 0.004804322722135881
18 0.6392499747005826 0.6896749614466227 0.007215593970171746 0.013775752967000097
14 0.6825479277495973 0.5977614882461042 0.0055925712983617105 0.0345921415188549
17 0.6810770571674957 0.7636798587156258 0.013178178401312584 0.03666509376080366
32 0.6834108788027402 0.7388361348703739 0.004568849038694052 0.005778701032486015
32 0.6834069787456423 0.6949996998703049 0.004495317676512079 0.006143368966251207
19 0.6895992610880153 0.6807456036562227 0.006665886485728491 0.004804322722135881
18 0.6753752747742904 0.6896291669710469 0.007215593970171746 0.013775752967000097
14 0.7182356507316828 0.5880485567245911 0.005050395370910202 0.030739379263807008
23 0.7441954538819302 0.6575274716554251 0.0115640386520263 0.01165695944753656
22 0.7647455342316691 0.6575437595625897 0.011675086229680309 0.011670210199208582
31 0.7223438177766428 0.7693586471716399 0.010627318714821343 0.00745850468432761
18 0.7119174091251068 0.7532899571107624 0.006498548262784926 0.012132382715805452
19 0.7246492798965393 0.7453003706519564 0.006039708189664334 0.004328405974428053
14 0.8097569791348476 0.5977111214187503 0.0055925712983617105 0.0345921415188549
17 0.8082861085527459 0.7636294918882718 0.013178178401312584 0.03666509376080366
32 0.8106199301879902 0.7387857680430201 0.004568849038694052 0.005778701032486015
32 0.8106160301308925 0.6949493330429509 0.004495317676512079 0.006143368966251207
19 0.8168083124732657 0.6806952368288687 0.006665886485728491 0.004804322722135881
18 0.8025843261595407 0.689578800143693 0.007215593970171746 0.013775752967000097
14 0.8456007414723835 0.5977111214187503 0.0055925712983617105 0.0345921415188549
17 0.8441298708902819 0.7636294918882718 0.013178178401312584 0.03666509376080366
32 0.8464636925255262 0.7387857680430201 0.004568849038694052 0.005778701032486015
32 0.8464597924684285 0.6949493330429509 0.004495317676512079 0.006143368966251207
19 0.8526520748108019 0.6806952368288687 0.006665886485728491 0.004804322722135881
18 0.8384280884970765 0.689578800143693 0.007215593970171746 0.013775752967000097
14 0.8857912301094413 0.5977327478759681 0.0055925712983617105 0.0345921415188549
32 0.8867025851563507 0.7302497918689561 0.004568849038694052 0.005778701032486015
32 0.8866502811054864 0.6949709595001689 0.004495317676512079 0.006143368966251207
19 0.8929425634478592 0.6807168632860862 0.006665886485728491 0.004804322722135881
18 0.878618577134134 0.6896004266009108 0.007215593970171746 0.013775752967000097
