11 0.21757753019453618 0.34472424824487596 0.02507991425521605 0.10507903758000003
22 0.27139428539310323 0.5444559773044726 0.05707568322303802 0.06755136406811857
23 0.17738151887038017 0.5440403028558751 0.05697082354008376 0.06720595601441659
6 0.304802917176047 0.24498743087446812 0.15201734792603383 0.3473774614944346
24 0.5256143972342002 0.19448411335520788 0.05402694022611687 0.07649585456155417
2 0.6783133739471016 0.10595813655777264 0.10302345014187386 0.09238954944476885
22 0.9150245688831244 0.36844756613112506 0.05848556792270443 0.067234605638812
23 0.8209669383513294 0.3689726024803821 0.05874306385395556 0.06872316738877782
2 0.669798224403142 0.5654147878097575 0.07226115856258253 0.11069629799736269
2 0.6696146548260458 0.8157230371299459 0.07262829771680257 0.10932042159971056
4 0.6894145729902246 0.6970264142291256 0.036558864837752725 0.07485253410119153
