22 0.3458748262198408 0.18994614031024115 0.07250790804185614 0.0827609661299126
23 0.3464410418906081 0.05684834112344677 0.07411321973299578 0.0831253399883153
3 0.5583070505273426 0.41436792824490254 0.11933592540614596 0.14288919237692405
2 0.06341683846671348 0.40543701266937276 0.09963578861690792 0.1457850298905683
2 0.8289897805882482 0.39323791184635093 0.11761415989265533 0.10167221950474276
4 0.7006026672121093 0.42169677188252047 0.08120481151731951 0.050631574455808126
11 0.3207774647274284 0.7215589233399307 0.11332053072352949 0.03548974572599228
22 0.5361744274387589 0.7969801219813277 0.07284951026953945 0.08076588556524467
23 0.5357261510726237 0.6646788954986548 0.07247701138809626 0.08061750214387131
6 0.2132181518769887 0.8449886437657574 0.3746227525920374 0.21511465186579148
