24 0.27253871986991496 0.11307560276769585 0.10017314287822571 0.04855329149776744
2 0.15661184549232132 0.25030413906315496 0.12098631474910215 0.09258580228509866
22 0.5003480032669496 0.46303333676363345 0.08804531690796807 0.052560200816088976
23 0.501035550867167 0.37850499712999386 0.08999462396149482 0.052791608979446014
2 0.758281269750873 0.24265168759681988 0.14495943785368914 0.06494014062190812
4 0.9306298281571883 0.26028063876607427 0.09802117560870327 0.032854964835428824
3 0.7583014184974876 0.6055601195326445 0.1449079094217487 0.09074670097483828
2 0.1573633038524378 0.5998882341249205 0.12098631474910247 0.09258580228509816
4 0.9310889530432755 0.6102145540004376 0.0986058425567452 0.03215532449022718
11 0.4698726357404488 0.8006523368678546 0.13760350159285717 0.0225389848560007
22 0.7314260904613501 0.8485511656485543 0.08846011961301226 0.05129315621732711
23 0.7308817548739004 0.7645287169348868 0.08800779954268834 0.05119892021707395
6 0.339264898707772 0.8790406302339755 0.45489905671890263 0.1366159655845599
