11 0.8650434969702547 0.5390850274802413 0.01477648084655414 0.11794585850816319
22 0.8333359622345677 0.31489635200518373 0.033627616560682916 0.07582295966829622
23 0.888726017787316 0.31536292536585436 0.03356583576346872 0.0754352567508757
6 0.8136524018114064 0.6510345163653929 0.08956495652714658 0.3899134771876307
24 0.6835556011375377 0.7077219135808892 0.031831370686728255 0.08586269389562207
2 0.5935890453620398 0.807087805904541 0.060698933109418984 0.10370255549923046
22 0.4541245159962894 0.5124568135262881 0.034458286635886126 0.07546741449254413
23 0.5095410043415908 0.5118674870118161 0.03460999703080536 0.07713824910985267
2 0.5986059661880627 0.291371156540068 0.04257453253564203 0.12425094673173354
4 0.5870484865162146 0.14364382076322635 0.021539601792476715 0.08401815052174566
3 0.3606844480800744 0.291353886185827 0.05949322462434048 0.12420677950435599
2 0.3644029166192095 0.8064436987387268 0.06069893310941865 0.10370255549923058
4 0.357633016873022 0.14325028514658017 0.021080919991747993 0.08451929362006727
11 0.2327826622994263 0.5385785571204316 0.014776480846553919 0.1179458585081633
22 0.20138035511601549 0.31438988164537346 0.03362761656068303 0.07582295966829633
23 0.2564651831164887 0.31485645500604464 0.033565835763469165 0.07543525675087581
6 0.18139156714057952 0.6505280460055831 0.08956495652714691 0.3899134771876308
24 0.05129476646671033 0.7072154432210798 0.031831370686728255 0.08586269389562151
