11 0.5930349978667 0.4693394067079281 0.12772037716906082 0.008724240325525323
2 0.8713182547995276 0.7333489243269995 0.15689479348867041 0.02820168966476211
2 0.30389961591876125 0.682365686162179 0.11229668993286832 0.035837496454580786
22 0.6229475413670343 0.6000238834211813 0.08172162011347317 0.020344652893954596
23 0.6235857070954136 0.6327425508320234 0.08353092168801735 0.02043422482646684
22 0.835802845342453 0.4506188360905619 0.08210663035903898 0.019854213699226686
23 0.8352976056811743 0.4833218972121189 0.08168679736558926 0.019817737455119944
3 0.8610336603188702 0.5448441988298922 0.13450015902129164 0.03512562935336894
6 0.47180792702974034 0.43899738756185436 0.4222267487777659 0.052880399169622505
24 0.41042267921627473 0.36218642245811034 0.09297838675990011 0.018793685089549705
2 0.8623552141255937 0.6853277461705719 0.13454798651613142 0.025136597640869285
2 0.3032568467256749 0.5470396345033249 0.11229668993286857 0.035837496454580675
2 0.3028220444348618 0.30906891349262045 0.11229668993286832 0.035837496454580675
22 0.6218699698831355 0.22672711075162189 0.08172162011347317 0.020344652893954596
23 0.6225081356115141 0.2594457781624641 0.08353092168801735 0.02043422482646673
2 0.8612776426416942 0.31203097350101305 0.1345479865161313 0.025136597640869285
3 0.861296344240762 0.17155879178583927 0.13450015902129164 0.035125629353368715
2 0.30351953064756654 0.17375422745927183 0.11229668993286859 0.03583749645458045
11 0.5935834409082619 0.09604379408092484 0.12772037716906082 0.008724240325525323
22 0.8363512883840155 0.07750343406631854 0.08210663035903898 0.019854213699226797
23 0.8358460487227362 0.1100262845851166 0.08168679736558915 0.019817737455120166
6 0.4723563700713022 0.06570177493485191 0.4222267487777659 0.052880399169622616
