11 0.3375296668334559 0.14389515817431542 0.13324143093717578 0.01843941508556926
22 0.08426753200284248 0.18308176713841814 0.08565590832844994 0.04196354913865741
23 0.08479461199530114 0.11434198944941619 0.08521792693470687 0.04188645353138978
6 0.46399710096307956 0.2080255654868901 0.4404786255260842 0.11176716754653937
24 0.5280358897483091 0.3703719951842895 0.09699762538064449 0.039722032798633955
2 0.63960967426608 0.4824153452108698 0.11715101370518244 0.07574556042664216
11 0.3370069782592449 0.6466628766951124 0.13324143093717555 0.018439415085569233
22 0.08374484342863048 0.6864208210391064 0.08565590832844994 0.04234443939191901
23 0.08427192342109169 0.6173327909444952 0.08521792693470687 0.04233261947995237
12 0.4651468529106934 0.7118325160433787 0.4371337444824309 0.10968870347515614
24 0.5275132011740975 0.873520603958349 0.09699762538064516 0.039722032798633955
