11 0.9026984197048555 0.3235160767067119 0.029408271550179665 0.11977921382176165
22 0.8402012942700626 0.5511895502461492 0.06692595413423574 0.07700155489630078
23 0.949831563950319 0.55071572444982 0.06680299749253471 0.0766078255086613
6 0.8004194469652168 0.20982644032593623 0.1782529000160843 0.39597430843925197
24 0.5414997432984954 0.15225789185838537 0.06335105108521433 0.08719734716861044
3 0.35540584497625716 0.5750534962445794 0.11840389625358338 0.1261374548334393
2 0.3729150507312381 0.8611637394177631 0.08424980734970733 0.12431755760674523
4 0.3493328619374958 0.7254592257973888 0.04195541726631791 0.08583306502348753
11 0.10085467768209139 0.3239859547773109 0.029408271550179665 0.11977921382176138
22 0.03744635273689645 0.5516594283167493 0.06753342047450483 0.0770015548963009
23 0.14763203598448327 0.5511856025204176 0.06751456937867562 0.0766078255086613
