11 0.10721688888168449 0.4803028568702605 0.017347695203246763 0.11946970680930236
22 0.14408342424646847 0.7073880268605003 0.039479064640917425 0.07680258447021227
23 0.07941343844952298 0.7069154254202339 0.039406533538917606 0.07640987247117126
6 0.16755040565300922 0.3669069921597194 0.1051499056412569 0.3949511190117604
24 0.3202849889712124 0.3094871996313611 0.03737025901561014 0.08697203102605588
3 0.4300602344075075 0.7311903089157821 0.0698454752629441 0.12581151825764236
2 0.42569472549441395 0.20944558922395426 0.07126098572990236 0.10504238179767006
4 0.4336426366765819 0.8812073931725892 0.024749152279120334 0.08561127415779379
11 0.5802178543925859 0.48077152078563823 0.01734769520324675 0.11946970680930202
22 0.6176218987826394 0.7078566907758791 0.03983740399109781 0.07680258447021227
23 0.552624279134063 0.7073840893356104 0.03982628388619347 0.07640987247117126
12 0.6415290746603051 0.36587607762271146 0.10319449864846808 0.3919519621069858
24 0.7936442938322952 0.3099558635467393 0.037370259015610086 0.0869720310260565
