11 0.2618557497387939 0.3718489525658941 0.019391894960853084 0.10072936064313726
22 0.30346709072364236 0.5633129194204095 0.04413115781087196 0.06475512023959062
23 0.2307760250829897 0.5629144515394011 0.044050079863922675 0.06442401012275234
3 0.09402669606333866 0.5832117321033357 0.07807585410748813 0.10607637813879645
6 0.3292987850320041 0.2762406744766143 0.11754045142303504 0.3329980023040332
24 0.5000311481439579 0.2278279082272145 0.04177385693028257 0.07332935949255737
2 0.08914676882796058 0.14330932138277624 0.07965816403221582 0.08856514543725148
2 0.08248107774064323 0.8238186032685855 0.05555455416037984 0.10454591990458262
4 0.09803123774426276 0.7096967247120174 0.027665517277305623 0.07218205468206185
2 0.6180986378057491 0.14296640541485828 0.0796581640322157 0.08856514543725122
22 0.8011247271913102 0.39459025947210247 0.04522128657784574 0.06445147381498323
23 0.7283989725105516 0.3950935622905623 0.045420383512582374 0.06587841754044066
2 0.6115146884408474 0.5834041538917065 0.055872631075830625 0.10611409829812546
2 0.6113727516734073 0.823351059558118 0.05615650461073185 0.10479517538970073
4 0.6266821314968807 0.7095678044897937 0.028267467727657092 0.07175406319068467
3 0.9237506758852292 0.5834189033009931 0.07807585410748796 0.10607637813879645
2 0.918870748649851 0.14351649258043375 0.07965816403221537 0.08856514543725148
2 0.912205057562534 0.8240257744662425 0.05555455416038002 0.10454591990458262
4 0.9277552175661552 0.7099038959096744 0.02766551727730604 0.07218205468206185
