11 0.7878615044123654 0.6461248281441392 0.009159953433662604 0.09837186496851069
22 0.9250727315828949 0.6691638510103541 0.021360722100629337 0.06294303506612198
23 0.9594254613005688 0.6696553744011483 0.021454767507468442 0.06433658223630268
22 0.7682059758266897 0.8331077234339743 0.020845788992630787 0.06323957487228105
23 0.8025423198330827 0.8327185813969895 0.020807491022264646 0.062916214141156
3 0.8671372182910879 0.8525408192243213 0.036879902111771945 0.10359373950150552
6 0.7560041194606736 0.552754190605885 0.055521395086976844 0.32520443203734306
24 0.6753569986464492 0.5054744890984925 0.01973229460031256 0.07161314044060396
11 0.1260243149271008 0.15392340749449757 0.009096116602641646 0.10141675394061388
2 0.8694423001990685 0.42293399683977506 0.037627321858907936 0.0864923441610605
2 0.6195866518332737 0.4225991065647233 0.037627321858907825 0.08649234416106022
22 0.5331324677887788 0.6683338916972235 0.021360722100629448 0.06294303506612187
23 0.5674851975064531 0.6688254150880173 0.02145476750746833 0.06433658223630279
2 0.6226966454524552 0.8527287375240283 0.02639199005068782 0.10363057684859478
3 0.4752088877537938 0.852743141734374 0.036879902111771834 0.10359373950150552
2 0.47751396966177445 0.42313631934982787 0.037627321858907714 0.0864923441610605
11 0.39592245859659436 0.6465472459761507 0.009159953433662604 0.09837186496851058
22 0.3764561408382162 0.8335301412659863 0.020845788992630787 0.06323957487228105
23 0.4106032740173125 0.8331409992290011 0.02080749102226498 0.06291621414115589
6 0.3640650736449036 0.5531766084378966 0.055521395086977066 0.32520443203734306
24 0.28341795283067894 0.5058969069305037 0.019732294600312672 0.0716131404406034
3 0.22545427958276865 0.853129041596612 0.036879902111771834 0.10359373950150552
2 0.22775936149074977 0.42352221921206445 0.037627321858907714 0.08649234416106028
11 0.1461678504255695 0.6469331458383872 0.009159953433662493 0.09837186496851036
22 0.12641771642624644 0.8339160411282238 0.021034999819927735 0.06323957487228116
23 0.16073784727385543 0.8335268990912366 0.02102912816712843 0.06291621414115589
12 0.11379421715420407 0.5523277490212539 0.054488898447628054 0.32273491347958194
24 0.033474133832356534 0.5062828067927407 0.019732294600312672 0.07161314044060407
