11 0.9243932455276802 0.38284508225911174 0.02072379046848949 0.0449935540383839
22 0.8850019587566258 0.4793927442071028 0.01332254602867422 0.10239420323533788
23 0.8850839384775504 0.31073313684985815 0.013254424314810942 0.10220608417865207
29 0.7928458495164976 0.28658374951029036 0.024631413972236338 0.1513064800267424
6 0.9440634381063353 0.5393280798776277 0.06851012239244791 0.27272026088603074
24 0.9540237517363104 0.9354655291205314 0.015086587183811617 0.09692473546183533
35 0.6040601737584301 0.15770292903059213 0.0189883189610347 0.07887622150351681
24 0.5680780496291564 0.3671197103257247 0.018842180984177337 0.11774905071432007
32 0.15883090226368624 0.7801489326721947 0.008893865178221327 0.042052137459665406
24 0.32634503136679044 0.9261699038770164 0.01488333132818187 0.09382317002580898
16 0.4393289046374598 0.7659148389018968 0.0638373031710956 0.06553320763387327
19 0.31340355517890117 0.06995039687137367 0.007556417943511917 0.06195279893009442
14 0.44381453500883594 0.3779205274518627 0.05440781021499874 0.0519773995388938
17 0.1828519343913767 0.36425024524405525 0.057668226807108924 0.12247808877474586
32 0.2219270697445772 0.3859408010038283 0.0090889564872223 0.04246291718921036
32 0.29087464949143554 0.38590455384395406 0.00966251981289823 0.04177951615829478
19 0.3132940235905908 0.4434556723180933 0.007556417943511917 0.06195279893009442
18 0.299321623917028 0.3112578369716263 0.02166701800143578 0.06706178440816901
32 0.3013374060499631 0.7805108121074338 0.00966251981289823 0.041779516158295116
19 0.3237567801491188 0.8380619305815737 0.007556417943511917 0.06195279893009442
18 0.3097843804755552 0.7058640952351045 0.021667018001435667 0.06706178440816901
