11 0.8137996930228766 0.11931651320510916 0.10853233928450712 0.01025899139901676
6 0.7107851398703426 0.15499624024536857 0.35879362220082456 0.06218301422422734
24 0.6586220889114822 0.2453196381513082 0.0790098028335301 0.02209983293621698
11 0.2707605669540232 0.8605628616337381 0.11189172383119364 0.01018749523856921
2 0.5675562875931791 0.027947415276619647 0.09542582571760194 0.04214195782916963
2 0.5671868077122535 0.3077814740569272 0.09542582571760161 0.04214195782916963
22 0.8383026504640729 0.40460868359950186 0.06944419361755239 0.023923643923975613
23 0.8388449415290331 0.3661342130403815 0.07098167523723542 0.024028973173394252
2 0.5677795072638946 0.46690045157009624 0.09542582571760194 0.04214195782916941
11 0.8142657408657061 0.5582815504274693 0.10853233928450712 0.010258991399016537
6 0.7112511877131723 0.5939612774677274 0.35879362220082456 0.06218301422422756
24 0.6590881367543115 0.6842846753736674 0.07900980283352965 0.02209983293621698
2 0.5682052653278645 0.746621347057969 0.09542582571760172 0.04214195782916941
11 0.8146914989296761 0.8380024459153422 0.10853233928450678 0.010258991399016537
12 0.7103146526760313 0.8742603622564145 0.35606903599859985 0.06102663562259958
24 0.6595138948182819 0.9642174837565025 0.0790098028335301 0.022099832936216868
