11 0.46189076108463867 0.5582486874116881 0.009747082294724985 0.1834713354571429
2 0.6998925353714568 0.14290341651822058 0.040039133969945295 0.1613150863321362
22 0.6078968661022042 0.6012182935510573 0.022729888060831982 0.11739375587729084
23 0.6444515152094897 0.6021350236846814 0.0228299615302594 0.11999283194865984
22 0.44097536494661543 0.9069866270395555 0.022181949098446396 0.11794682615068297
23 0.4775125780617347 0.90626084625629 0.022141196329168333 0.11734373272358445
6 0.42799140176281825 0.38410503803478563 0.05908017010675071 0.6065320756252034
24 0.3421750131641526 0.29592464236623583 0.020997082651772803 0.13356419050430102
2 0.5487006707594957 0.14198007347100916 0.04003913396994552 0.16131508633213665
2 0.28282993418201896 0.14135547652944425 0.040039133969945295 0.1613150863321362
22 0.19083426491276545 0.5996703535622819 0.022729888060831982 0.11739375587729084
23 0.22738891402005135 0.6005870836959052 0.0228299615302594 0.11999283194865984
2 0.13165076771717432 0.14235742100959958 0.04003913396994507 0.16131508633213665
11 0.04482945594274523 0.5590365301936144 0.009747082294724763 0.183471335457143
22 0.024115398547116085 0.9077744698214826 0.022181949098446507 0.11794682615068308
23 0.06045127291984209 0.9070486890382163 0.022141196329168666 0.11734373272358456
