11 0.5210248566265947 0.05344200697040659 0.11885546667146529 0.014042406695790183
22 0.7469424936091722 0.08357435733874512 0.07640771257062251 0.0319570453113211
23 0.7464723219963627 0.030935999461031125 0.0760170196564095 0.031898333694564705
6 0.40821200407394853 0.1022800670103174 0.3929205219988463 0.08511549930633569
24 0.3510874289878958 0.22591384719483565 0.08652487405420012 0.03025003432882531
2 0.25095521872858606 0.3114109948809604 0.10450231813804198 0.057683498092294117
22 0.5478584295570567 0.4439471285739528 0.07604942540122694 0.032746448901198655
23 0.5484523010060877 0.391283651046507 0.07773314563255074 0.03289062254359404
2 0.7706491173169494 0.30664330740982465 0.12520918025408634 0.04045949146870487
4 0.9195157384596794 0.3176266282435039 0.08466610541008812 0.02046954559588965
3 0.770666520861583 0.5327452293523081 0.12516467240541795 0.05653768745714649
2 0.2516042933018486 0.5292114889404824 0.10450231813804223 0.057683498092293894
4 0.9199123090553742 0.5356450698798751 0.08517111336520922 0.02003365044218708
11 0.5215352329274827 0.654293039801948 0.11885546667146535 0.014042406695790044
22 0.7474528699100607 0.6841353258803968 0.0764077125706224 0.031957045311321264
23 0.7469826982972507 0.6317870322925712 0.0760170196564095 0.03189833369456507
6 0.4087223803748365 0.7031310998418573 0.3929205219988464 0.08511549930633588
24 0.3515978052887834 0.8267648800263758 0.08652487405419951 0.030250034328825337
3 0.7711327751938499 0.9156244445671524 0.12516467240541795 0.05653768745714649
2 0.25207054763411385 0.9120907041553263 0.10450231813804198 0.05768349809229378
4 0.9203785633876402 0.91852428509472 0.08517111336520866 0.020033650442186857
