11 0.1867718758543797 0.6247914304904836 0.010006896233443141 0.13518940507368427
22 0.03687389631739549 0.6564532455405452 0.023335765959996188 0.08650066222537223
22 0.20824478359291665 0.8817562281110174 0.02277322137762197 0.08690818768997699
23 0.170733650594679 0.8812214422707166 0.02273138232044991 0.08646380305948331
3 0.10016621258745381 0.9084625293433656 0.040289872236225655 0.14236566539680573
6 0.22157484158877674 0.4964750572653976 0.06065498513666817 0.4469183715133077
24 0.3096787140984439 0.43150002887804517 0.02155677165207004 0.09841571931895854
2 0.09764799940768146 0.31806718863945704 0.04110639951516677 0.11886374782367959
2 0.370605669404966 0.31760695931409344 0.04110639951516665 0.11886374782367937
22 0.46505353477302513 0.655312658180395 0.023335765959996146 0.08650066222537223
23 0.4275245010164821 0.655988143542012 0.023438506943810722 0.08841577090953878
2 0.3672081211904248 0.9087207796382846 0.0288322323627464 0.14241628982116838
3 0.5283328144197414 0.9087405748981164 0.0402898722362256 0.14236566539680573
2 0.5258146012399689 0.3183452341942079 0.04110639951516648 0.11886374782367959
11 0.6149501837155906 0.6253719462245345 0.010006896233443086 0.13518940507368415
22 0.6362163859147684 0.8823367438450691 0.022773221377622166 0.08690818768997699
23 0.5989119584558888 0.8818019580047676 0.022731382320450133 0.08646380305948331
6 0.6497531494499866 0.4970555729994484 0.06065498513666834 0.4469183715133077
24 0.737857021959654 0.4320805446120958 0.021556771652069928 0.0984157193189581
3 0.8011801018968754 0.909270905118151 0.0402898722362256 0.14236566539680573
2 0.7986618887171026 0.31887556441424064 0.04110639951516648 0.11886374782367926
11 0.8877974711927245 0.6259022764445673 0.010006896233442975 0.13518940507368393
22 0.9093737317009395 0.882867074065103 0.022979926916980586 0.08690818768997699
23 0.8718803109540514 0.8823322882247988 0.022973512362506443 0.08646380305948331
12 0.9231644183275812 0.49588901181283435 0.059527022335746915 0.4435245887000102
