25 0.7651153244907901 0.09646155052600103 0.17526853944004506 0.019565011872332144
18 0.8835996161971891 0.14724742644757063 0.21564575529548813 0.011876585614256918
32 0.12180666203006613 0.1599516668983096 0.09056310548440039 0.007755471278510118
34 0.8445521826620377 0.16480616496608186 0.18794441988581168 0.017296523025414984
18 0.8826789803384931 0.21236102596120088 0.21564575529548802 0.01187658561425689
32 0.12088602617137267 0.22506526641194008 0.0905631054844005 0.007755471278510007
34 0.8436315468033356 0.22991976447971263 0.18794441988581423 0.017296523025414984
18 0.8856426116924664 0.2765765652536849 0.21564575529548802 0.011876585614256863
32 0.12384965752534233 0.2892808057044243 0.09056310548439794 0.007755471278509951
34 0.846595178157299 0.29413530377219677 0.18794441988581423 0.017296523025414956
18 0.8843699099882112 0.339937668378408 0.21564575529548802 0.011876585614257085
34 0.8453224764530365 0.3572107996860753 0.18794441988581423 0.016725308603726063
24 0.74367917593181 0.4383003639427995 0.19609404751453374 0.02017071644727303
18 0.8841895055119458 0.5207645572026891 0.21564575529548813 0.011876585614256752
34 0.8451420719767575 0.5383064766298962 0.18794441988581168 0.017262884842802917
18 0.8831706705943878 0.5902201603490573 0.21564575529549057 0.011876585614256974
32 0.12137771642726597 0.6029244007997969 0.09056310548440039 0.007755471278510062
34 0.8441232370592229 0.6077788988675688 0.1879444198858118 0.017296523025414845
18 0.8843066349220555 0.7175030047978862 0.21564575529548802 0.011876585614256863
32 0.1225136807549349 0.7302072452486259 0.09056310548440039 0.007755471278509951
34 0.8452592013868894 0.7348449949075573 0.1879444198858118 0.01686302620773794
18 0.8849658424983822 0.7901700697937212 0.21564575529548802 0.011876585614256863
32 0.12317288833126416 0.8028743102444617 0.0905631054844005 0.007755471278510173
34 0.8459184089632124 0.8075120599033929 0.18794441988581423 0.01686302620773772
25 0.7646413044035878 0.9551944766237705 0.17526853944004506 0.019565011872332394
