2 0.5502692857847653 0.8748878477962391 0.028962989927065808 0.08499016941518045
2 0.131821120295735 0.8742566460196497 0.0288828647825492 0.08318397542759759
29 0.02393217331468328 0.3019308896939628 0.02651533692094754 0.12229561447753123
25 0.02570277126855469 0.7687706431555802 0.02744007383544944 0.07112215761452223
25 0.2175682486681742 0.6188150034576418 0.027440073835449552 0.07326943256084084
25 0.24360735571752146 0.7000172927822763 0.02744007383544944 0.07112215761452223
25 0.383444133747445 0.3717608000647566 0.027381653409995987 0.07177783344976718
25 0.40951245100951844 0.45147149027831857 0.027323232984542867 0.07082383779230722
10 0.11228200235120933 0.8060134695758174 0.03464331229385098 0.07607155466491533
24 0.25238732061100844 0.8551313718558672 0.016413733189929225 0.058077687395656774
10 0.3194693384806156 0.8623850398281109 0.015186186994572082 0.14688945084844862
2 0.3431915828272372 0.8766054567143244 0.02888286478254931 0.08318397542759759
10 0.5306873908654316 0.8061901803763607 0.035178397165255726 0.07693929547275347
25 0.6359481761346707 0.6184383268219619 0.02738165340999621 0.07177783344976718
25 0.6617598933620256 0.6994593271906393 0.027323232984542978 0.07082383779230772
24 0.6710758448719556 0.8546045391405378 0.016413733189929114 0.058077687395656774
