1 0.7752158996101712 0.5200863285879347 0.15327496433861676 0.14677872552857568
25 0.13779388913956048 0.08337778881001903 0.051569281485770946 0.10127322122282068
24 0.2502640654453313 0.1157820502678726 0.04211099198623988 0.060578249257062206
10 0.25552355781748876 0.36336199762957966 0.1065066596987948 0.056047738218749255
10 0.3900368991012645 0.3626833169495638 0.10650665969879475 0.056047738218749255
2 0.26583450318032203 0.45091380649219126 0.06031506899975325 0.10659813717021005
32 0.46158344821358 0.4939337874377088 0.026993540183209708 0.030114482053177904
32 0.5749596845612719 0.49203971730964013 0.026993540183209652 0.030114482053177793
25 0.6929106728849916 0.38728547842379046 0.05312622843237824 0.10127322122282106
25 0.7578454240109491 0.30119552792297277 0.05156928148577089 0.10127322122282106
26 0.8164060899444059 0.20092943411402167 0.0515576851324141 0.15452455461496223
24 0.9678298968368416 0.8478356308313048 0.050442524639584096 0.07684431774284284
35 0.8719839003611571 0.7198869637832556 0.0524507081676866 0.052700022847093964
