13 0.3877558912191037 0.5788064909930828 0.30899222123758685 0.11439210650626341
2 0.3061313128678286 0.6753250616861342 0.08245268773153075 0.0684333720105047
25 0.20157265947948716 0.926755676716583 0.07049690787725174 0.06501490745168736
25 0.05293531111955277 0.47216082645801927 0.07262530568118514 0.0650149074516877
25 0.13342373416441017 0.4104652878421277 0.07049690787725171 0.06501490745168736
10 0.23848807643668937 0.7216199059518157 0.07540279374478426 0.08208183972504002
10 0.41350733165925574 0.7215862535048717 0.0754027937447842 0.08208183972504002
24 0.287174172982409 0.38966255209140704 0.05756711431965089 0.03888974026379299
31 0.5555916297787986 0.6309744410784766 0.0769790310471753 0.05388004196409013
2 0.42603650042427055 0.624371644000842 0.1275515140015968 0.030683024137575288
10 0.2943640724450066 0.23072233897031108 0.14559811501681397 0.03598126404166624
10 0.4782482444856846 0.23115803520933353 0.14559811501681397 0.03598126404166613
2 0.3084594746772754 0.17451623945357275 0.0824526877315308 0.06843337201050526
32 0.5760547357996633 0.14689847390830224 0.03690105932737675 0.01933275391068201
32 0.7310437885650793 0.14811442016335863 0.03690105932737675 0.01933275391068201
25 0.8922866780977249 0.21536405500365713 0.07262530568118519 0.06501490745168759
