2 0.6820470882654983 0.08595292780332897 0.04890973352515493 0.08120340458408326
36 0.12440837837240282 0.6754062631617539 0.06610000885442913 0.06938215172005524
24 0.13858340322181711 0.5585985297448062 0.03712368893387111 0.06813011995649898
36 0.24197066037913936 0.675384397632462 0.06610000885442907 0.06938215172005513
24 0.26570516858080784 0.5585766642155141 0.03712368893387108 0.06813011995649887
29 0.4993498493703791 0.6446518804069756 0.0449006036242221 0.11938381413282817
25 0.4588524994468667 0.26827299436640484 0.04646653679635321 0.07207619990310055
25 0.5023481486996186 0.1889273591706348 0.04646653679635293 0.06942877290941463
25 0.04040801743224248 0.9153540696942823 0.04679299958414965 0.07207619990309577
25 0.8272497622667685 0.33531262649481275 0.04646653679635315 0.07152492226177332
25 0.8713439266304793 0.25604372501124106 0.04646653679635304 0.06942877290941452
4 0.4002813291609882 0.6523231214646175 0.023695478097928047 0.08632832585607197
10 0.6489598907462024 0.15257126671278426 0.058664373685837434 0.07426032717289355
24 0.8862117642405533 0.10462283829654528 0.0277947261297109 0.05669488531480771
