1 0.5509794653306725 0.2987288516324425 0.1584600773872512 0.11176673835711559
25 0.46527363318275794 0.937087783318634 0.109100255714915 0.037950530932995274
25 0.361406272188718 0.8949429752455784 0.10886748367370647 0.03744613229112603
10 0.7201766669189313 0.6776838769490293 0.06050828485899562 0.07766370730674121
10 0.7209093602482217 0.5795979469625012 0.06050828485899573 0.07766370730674133
2 0.6256570670395721 0.6701652274581943 0.11508172594154176 0.0439812109236184
32 0.5792133505862798 0.5274268408102617 0.03251113633422664 0.01968344899643193
32 0.5812581598594888 0.4447538994172202 0.03251113633422653 0.01968344899643193
25 0.6943492412864269 0.35874508964306584 0.10933302775612519 0.038739172432519675
25 0.7872906411350605 0.3113952476731414 0.10933302775612508 0.03760386059103116
26 0.8955363894685995 0.26869333183420807 0.1668223565393364 0.03759540463348365
25 0.3553847421977562 0.09772454665993224 0.08398415246840507 0.038517250836844985
24 0.1971463085835049 0.158276440993534 0.08295995548708279 0.03678223953789139
31 0.5640323357668247 0.1304735408274409 0.06618872991793578 0.03568918241954511
35 0.3352777415211911 0.228166487661618 0.056894142312433726 0.03824658907420997
