29 0.09251636298815917 0.32793755531556706 0.032446769887854415 0.16270006527836756
25 0.06325154051420756 0.8408786920434247 0.03357836877951133 0.09822774146086255
25 0.0946830405055693 0.949013451513766 0.03357836877951122 0.09461974361106062
25 0.3294684785774736 0.7495149456029395 0.03357836877951137 0.09747644272843436
25 0.3613324868318023 0.8575451299256833 0.0335783687795112 0.09461974361106062
4 0.020925933931426104 0.31748294360869245 0.017123193524538886 0.11765099275960256
25 0.5324504994794719 0.4208381145404284 0.03350687981042555 0.09549204391104715
25 0.5643502522183428 0.5268839000457866 0.033435390841340173 0.09422286384758272
25 0.8414392399777613 0.7490138212292178 0.03350687981042577 0.09549204391104715
25 0.8730249917177177 0.8568028217197001 0.033435390841340173 0.09422286384758338
