20 0.5116906947665977 0.37337626982467903 0.31765493144856216 0.07751490806348771
23 0.2080278276461593 0.2955065035499932 0.1269722782323749 0.014167206372877494
2 0.13336481074232412 0.9251475932398725 0.16829612613232509 0.015702556323637484
25 0.15699701804721317 0.7737904895146938 0.16210783496971953 0.013670524867333222
25 0.3113294978789743 0.7586091038363506 0.16176196802931198 0.013488830593044954
10 0.9293592750575937 0.916436377477639 0.09271633201687157 0.02794565004077676
25 0.32027665555192014 0.4714354046878895 0.12478879209958393 0.013874668481346553
24 0.5553970016419901 0.4932473835166742 0.12326697756178384 0.013249683414620517
35 0.3501528673541169 0.5184231477936487 0.08453679757477289 0.013777170810937989
24 0.16257180851743072 0.268826286971024 0.1330022819723788 0.015319847462072933
16 0.7717247583560833 0.3874879838654091 0.0767658051138761 0.04914149665027068
18 0.7063267075190172 0.2798036564694721 0.07831219048989324 0.01684732463245997
34 0.8219951479580554 0.2767530757245355 0.11382853373210666 0.014683157803578983
19 0.8546893908464331 0.2905565740401879 0.07215806916904643 0.006314901205444978
32 0.7884947786985519 0.1710237054476219 0.05113826177217995 0.007424502515039233
