25 0.27426318650792525 0.7852729997067032 0.0410337329947113 0.30880647425150787
18 0.3807764912821085 0.5765149619382859 0.02490878340193703 0.3799472831396695
34 0.417602463726901 0.6453128210240286 0.03627602744087438 0.3311401683702395
19 0.42796625727913506 0.33401106853395207 0.02295134007093952 0.1424160576618393
18 0.5173393553478989 0.5781370346417025 0.02490878340193703 0.3799472831396695
34 0.5541653277926926 0.6469348937274564 0.036276027440874326 0.33114016837024396
19 0.5645291213449266 0.33563314123736654 0.022951340070939685 0.14241605766184362
18 0.6520187161698298 0.5729153984466069 0.02490878340193703 0.3799472831396695
34 0.6888446886146236 0.6417132575323778 0.036276027440874326 0.33114016837024396
19 0.6992084821668576 0.3304115050422794 0.022951340070939574 0.1424160576618435
18 0.7849060665499725 0.5751577776398182 0.024908783401937362 0.3799472831396694
34 0.8211330345010492 0.6439556367256025 0.03507801845344016 0.33114016837024407
19 0.8320958325469998 0.3326538842354889 0.022951340070939463 0.14241605766183918
