25 0.03682172401442868 0.7113736528147512 0.06795782433082531 0.0483878177971212
26 0.11399277107080619 0.759280270377374 0.06794254269568123 0.07383102762613813
25 0.42296813919296156 0.5202238751839993 0.06960850627929827 0.03716909657483769
24 0.3135385504926176 0.45019185785701826 0.06647298797843493 0.03671581490929088
31 0.36378404591990027 0.6125656126134951 0.06449761144888144 0.029293327635962374
35 0.18723302123864355 0.5113250647773726 0.06911936542436659 0.02517979652112301
14 0.5990861448236545 0.5956613873150418 0.04120226527589255 0.07651469437019598
14 0.8260399516855711 0.9886882454932406 0.2112232868017938 0.017654924937073546
14 0.8248783588879345 0.8625681396086908 0.21122328680179325 0.017654924937073324
16 0.8439298582273773 0.7409332927513657 0.24654038997424 0.022865159409875435
16 0.844128080946422 0.38575732695213133 0.24654038997423955 0.022865159409875768
14 0.8258472341064603 0.24656827634710576 0.2112232868017938 0.017654924937073435
