25 0.9185745614540188 0.938270626919343 0.026909213424217593 0.11702683341303766
25 0.8856841581964086 0.8387889063406204 0.026120596974063104 0.11702683341303766
26 0.8560223225200159 0.7229258646058324 0.02611472325110875 0.1785617075550674
17 0.19922200931471462 0.15767242143971633 0.07634344242341118 0.10007453042781189
18 0.36750456951353516 0.11427042887125978 0.03248734912839191 0.05641378166772029
14 0.5823364355084776 0.1680984284922734 0.08118680079026608 0.0426987629033668
32 0.25273934433363515 0.17461557101227093 0.013643464588447896 0.036838488572922656
34 0.361622016415812 0.19767443683419064 0.02831410234436127 0.08215848437072115
19 0.38823983727204925 0.22114651000897265 0.012177268774017591 0.05198053501251715
17 0.19966848472227428 0.46269623307901614 0.07634344242341129 0.10007453042781156
18 0.3679510449210963 0.41929424051055886 0.03248734912839191 0.056413781667720264
14 0.5827829109160383 0.47312224013157356 0.08118680079026586 0.04269876290336638
32 0.2531858197411957 0.479639382651571 0.013643464588447562 0.03683848857292221
34 0.3620684918233717 0.5026982484734901 0.02831410234436127 0.0821584843707211
19 0.3886863126796096 0.5261703216482719 0.012177268774017591 0.05198053501251665
18 0.3677593105438266 0.7202594803529935 0.03248734912839191 0.05641378166772104
34 0.36187675744610087 0.8023068540644132 0.02831410234436127 0.07944521586769882
19 0.38849457830234013 0.8271355614907052 0.012177268774017147 0.05198053501251676
32 0.15793794345443918 0.7796080017004885 0.014316955989913116 0.03683848857292216
16 0.5754601847855684 0.7672983697531786 0.09476145282397508 0.05529981146166174
