18 0.9350384255684177 0.5525696364654303 0.03001324344883638 0.09899370900661375
32 0.9029336208825605 0.20286319348548443 0.01959880180234308 0.04157363403130043
34 0.8906658499034128 0.5346446359592212 0.04370993257161515 0.08627721508405861
19 0.8781782444705226 0.6157530330099834 0.02765466887365431 0.03710592073075325
23 0.6854618400622037 0.7133214617524122 0.04757716074759488 0.08516637087859069
25 0.531602091527889 0.49763358568435784 0.049442616209391166 0.08045826252210497
18 0.805916101859139 0.0968933594561594 0.02639813624366194 0.09049566543581355
19 0.7552016030100365 0.15431022643481634 0.025967618844580764 0.03467790828195716
18 0.40326142971623785 0.5520246377083871 0.03001324344883638 0.09899370900661353
32 0.37115662503038016 0.20231819472844226 0.019598801802343413 0.04157363403130043
34 0.35888885405123166 0.5340996372021761 0.04370993257161515 0.08627721508405739
19 0.3464012486183428 0.6152080342529406 0.027654668873654198 0.03710592073075225
18 0.23871326936898496 0.5516020133067523 0.03001324344883649 0.09899370900661364
32 0.2066084646831267 0.20189557032680883 0.01959880180234308 0.04157363403130043
34 0.19434069370397739 0.5336770128005387 0.04370993257161515 0.08627721508405872
19 0.18185308827108843 0.6147854098513065 0.02765466887365442 0.03710592073075314
18 0.07643459125546631 0.5529624892384771 0.03001324344883638 0.09899370900661375
32 0.044329786569607565 0.20325604625853178 0.019598801802342858 0.04157363403129932
34 0.03206201559045857 0.5350374887322589 0.04370993257161515 0.08627721508405861
19 0.01957441015756972 0.6161458857830289 0.027654668873654198 0.03710592073075325
