23 0.3746776968671848 0.37396582060768707 0.08045070669298315 0.01982031148972474
23 0.2796526955460614 0.5665761283519637 0.08362246987815869 0.0199134931095033
25 0.5166754555616397 0.015017607182661596 0.07775702589066735 0.020138144242589084
18 0.46411048202282973 0.06729119134751954 0.09567017920783039 0.012224495224947396
32 0.8020761811137596 0.08036758651451209 0.040177876533846635 0.007982658037471224
34 0.48143368395089453 0.08536429098635634 0.08338061793495244 0.017803202873270196
19 0.4030483505900838 0.09045053477222398 0.035860158404060316 0.011263839850224278
18 0.4645189175956325 0.13431221171367586 0.09567017920783039 0.012224495224947396
32 0.8024846166865613 0.14738860688066863 0.040177876533846635 0.007982658037471224
34 0.4818421195237001 0.1523853113525132 0.08338061793495355 0.017803202873270196
19 0.40345678616288605 0.1574715551383809 0.035860158404061204 0.011263839850224389
18 0.46320411711485304 0.20040886431609223 0.09567017920783039 0.012224495224947396
32 0.8011698162057834 0.21348525948308528 0.040177876533845636 0.007982658037471113
34 0.4805273190429249 0.2184819639549297 0.08338061793495344 0.017803202873270196
19 0.40214198568210874 0.22356820774079728 0.035860158404061315 0.011263839850224389
18 0.46376874496925874 0.26562605111983006 0.09567017920783039 0.012224495224947507
34 0.4810919468973339 0.2834051770444555 0.08338061793495366 0.017215255444846478
19 0.402706613536514 0.28878539454453495 0.035860158404060205 0.011263839850224389
24 0.32256593491501206 0.33512382448495637 0.08699616016831824 0.020761592169845633
24 0.5261854974882858 0.36687015791062627 0.08699616016831824 0.020761592169845633
18 0.4638487805282735 0.45175003580453355 0.0956701792078305 0.012224495224947285
34 0.4811719824563546 0.46980582365797896 0.08338061793495233 0.017768579302483767
19 0.4027866490955281 0.4749093792292386 0.035860158404061426 0.011263839850224278
18 0.4643007816307872 0.523240253328785 0.0956701792078315 0.012224495224947396
32 0.8022664807217165 0.5363166484957782 0.040177876533846746 0.007982658037471335
34 0.481623983558858 0.541313352967622 0.08338061793495244 0.017803202873270085
19 0.4032386501980413 0.5463995967534898 0.035860158404061204 0.0112638398502245
18 0.4637968166412943 0.6542516883252721 0.09567017920783039 0.012224495224947507
32 0.801762515732223 0.6673280834922655 0.040177876533846635 0.007982658037471113
34 0.48112001856936565 0.6721016901837418 0.08338061793495244 0.017357007312539197
19 0.4027346852085522 0.677411031749977 0.035860158404061315 0.0112638398502245
18 0.4635043624407657 0.7290474434273253 0.09567017920783039 0.012224495224947396
32 0.8014700615316934 0.7421238385943194 0.040177876533846635 0.007982658037471224
34 0.48082756436883867 0.7468974452857957 0.08338061793495344 0.017357007312539086
19 0.4024422310080236 0.7522067868520304 0.035860158404061315 0.0112638398502245
23 0.308439195755178 0.8362384381130192 0.08230706825916667 0.019378337944947477
25 0.5168857522430126 0.8989060323194107 0.07775702589066746 0.020138144242589195
18 0.9041718701565963 0.7871770112575254 0.08745744165619396 0.010752049874525382
19 0.8473943532357376 0.8077613373452619 0.03351366196074035 0.010289257721690204
18 0.46369898340153004 0.9508633681866623 0.0956701792078305 0.012224495224947618
32 0.8016646824924594 0.963939763353656 0.040177876533845525 0.007982658037471335
34 0.48102218532960134 0.9687133700451331 0.08338061793495244 0.017357007312539197
19 0.402636851968789 0.974022711611367 0.035860158404061315 0.011263839850224278
