2 0.6596832298205507 0.3791444903672768 0.02910935435998918 0.13782932721200147
24 0.05007670193630555 0.8467565872860722 0.02197997820985094 0.09841157884863327
2 0.10487604186537045 0.3789313739262753 0.029459643516759462 0.13863576259119959
4 0.11312994362279757 0.21029829899096975 0.014742390261942115 0.09462926650058079
23 0.18234477197266774 0.40457432643707214 0.023384770883039002 0.08481702254081536
9 0.1848983531014026 0.9598539576151122 0.017893219497816415 0.07570872127780903
11 0.19889790380303943 0.655444620875466 0.010739027654851019 0.13478698700042968
24 0.3234744476644763 0.8464312937135743 0.021979978209851037 0.09841157884863339
2 0.37624673875892706 0.37894988305234784 0.02945964351675967 0.13863576259119992
4 0.3845006405163547 0.2103168081170425 0.014742390261942129 0.09462926650058112
23 0.45371546886622405 0.4045928355631445 0.02338477088303903 0.08481702254081536
9 0.4562690499949592 0.959872466741184 0.01789321949781658 0.07570872127780881
11 0.47026860069659626 0.6554631300015387 0.010739027654850908 0.13478698700042968
24 0.5948451445580327 0.8464498028396462 0.02197997820985098 0.09841157884863327
2 0.826218279572752 0.37955925823606335 0.02945964351675945 0.13863576259119992
4 0.8344721813301803 0.2109261833007584 0.014742390261942129 0.09462926650058079
23 0.9036870096800491 0.4052022107468594 0.02338477088303903 0.08481702254081547
9 0.906240590808784 0.9604818419248996 0.017893219497816415 0.07570872127780892
11 0.9202401415104213 0.6560725051852543 0.010739027654850908 0.13478698700042968
4 0.6677757854893585 0.20993180615072848 0.014742390261942129 0.09462926650058123
