2 0.2911898650631717 0.8759224784191788 0.039749804105172926 0.19171322056648765
13 0.8726393614697887 0.31910154929864437 0.08430035467714625 0.6180581818254888
23 0.9430116113193744 0.8405509368899984 0.03193269249979691 0.11797594081808882
9 0.9395246102550913 0.06818667623906222 0.024433794066785586 0.1053067810366233
11 0.9204077521115324 0.4916037783707511 0.014664504072515627 0.18748148809113263
24 0.7502942843460638 0.22595153384696254 0.030014400775527084 0.13688524136147362
2 0.6782319428992588 0.8761931667831541 0.04022813575037554 0.19283492903631916
13 0.5020735320802573 0.3190758040944775 0.08430035467714636 0.6180581818254886
23 0.5724457819298432 0.840525191685832 0.0319326924997968 0.11797594081808893
9 0.5689587808655596 0.0681609310348963 0.02443379406678592 0.10530678103662308
11 0.5498419227220004 0.4915780331665841 0.014664504072515516 0.18748148809113263
24 0.37972845495653246 0.22592578864279658 0.030014400775527084 0.13688524136147334
2 0.06378064387501375 0.8753455585029242 0.040228135750375205 0.19283492903631905
