24 0.036526461178035825 0.5272020840117009 0.029836484944018166 0.08399776174454066
2 0.1103054523735556 0.9262910262257951 0.03998967614308202 0.11833052463592275
2 0.11793587269611198 0.4351825241374792 0.06346423020015193 0.09858800961272907
13 0.28541965210293657 0.5844235536668339 0.08380064895884654 0.3792629752110951
23 0.21546454659152237 0.9044038596888015 0.031743405644433675 0.07239432732019091
9 0.21893087782140008 0.43045306338027256 0.024288958298755076 0.06462007018156413
11 0.23793441730376383 0.6902771942338091 0.014577577551635468 0.11504545860137683
24 0.40703950648141063 0.5272633169123929 0.029836484944018193 0.08399776174454043
2 0.48142628089608674 0.9265686757901994 0.0399896761430818 0.11833052463592286
2 0.4890567012186436 0.4354601737018835 0.0634642302001519 0.09858800961272907
13 0.656540480625468 0.5847012032312389 0.08380064895884665 0.3792629752110954
23 0.586585375114054 0.9046815092532061 0.031743405644433564 0.07239432732019091
9 0.5900517063439312 0.430730712944677 0.02428895829875488 0.06462007018156429
11 0.6090552458262954 0.6905548437982134 0.014577577551635357 0.11504545860137694
24 0.7781603350039424 0.5275409664767977 0.02983648494401825 0.08399776174454066
2 0.8497955137865696 0.9265528775967333 0.03998967614308224 0.11833052463592308
2 0.8574259341091266 0.43544437550841797 0.06346423020015213 0.09858800961272912
23 0.9549546080045366 0.9046657110597403 0.031743405644433564 0.07239432732019091
9 0.9584209392344141 0.4307149147512116 0.024288958298755103 0.06462007018156418
11 0.9774244787167785 0.6905390456047473 0.014577577551635135 0.11504545860137683
