4 0.6583394510757372 0.9570480059140134 0.0780114440907228 0.039119436500402616
13 0.18912604019407458 0.6366352365988824 0.36631253215510673 0.16381424657424604
23 0.4981801894250478 0.773384092911461 0.06992232589950143 0.06205228890169112
9 0.04041307884412712 0.7666080780970893 0.06241353119975479 0.04748026958285001
11 0.29136516620510367 0.7294597917625025 0.1111170770881591 0.0284963769752129
24 0.13391761640198024 0.3988916742159318 0.08112954548984896 0.05832462352324319
2 0.519304730556845 0.2588585958772388 0.11428997013615977 0.07817217109313979
2 0.7817346988642524 0.25880499471286317 0.11538557688643303 0.07826264201459365
4 0.6583241923327796 0.23695658542010162 0.07801144409072303 0.039119436500402505
23 0.49816493068209067 0.05329267241755142 0.06992232589950143 0.06205228890169101
9 0.04039782010117024 0.04651665760317897 0.06241353119975465 0.047480269582850565
