2 0.8585051154641514 0.23373409116234184 0.11183119002757336 0.021426350411053785
2 0.14706300287223872 0.2296249398895595 0.09169394692095545 0.033892192823890555
2 0.6067039111902599 0.23370060339490945 0.10961485317095643 0.021128501262876465
13 0.2880111009880508 0.9392068728748727 0.3533838545496324 0.044808778064524324
23 0.5861574567167548 0.9766123445064911 0.06745447910304847 0.016973415316056895
9 0.14454683239163094 0.9747588735762838 0.06021070068682227 0.012987471521394567
11 0.38664178725751475 0.9645975515139233 0.10719529789681231 0.007794730056928323
24 0.23475770651443187 0.8742883866854687 0.07826614976667784 0.015953771822680984
2 0.6066146973774467 0.8348382573203841 0.11025620648429513 0.0213827523465544
2 0.8597824315092969 0.8348235955755804 0.11131314476102938 0.021407499226178794
2 0.14901712837280418 0.8307582195758032 0.0918608277803311 0.03393475637009713
4 0.7407275899142303 0.828847311195342 0.07525809900516778 0.010700498795514268
13 0.28807465235780283 0.7412035013953553 0.35338385454963217 0.044808778064524324
23 0.5862210080865068 0.7786089730269736 0.06745447910304847 0.016973415316056895
9 0.14461038376138335 0.7767555020967665 0.06021070068682212 0.012987471521394567
11 0.38670533862726686 0.7665941800344058 0.10719529789681231 0.007794730056928323
24 0.23481476117013553 0.6761725364709541 0.07826614976667773 0.015953771822680984
2 0.6068734014421622 0.6363974212767993 0.11025620648429524 0.0213827523465544
2 0.8600411355740132 0.6363827595319955 0.11131314476102949 0.021407499226178794
2 0.14927583243751968 0.6323173835322182 0.0918608277803311 0.03393475637009702
4 0.7409862939789464 0.6304064751517571 0.07525809900516778 0.010700498795514157
13 0.288333356422519 0.5427626653517704 0.3533838545496324 0.044808778064524324
23 0.5864797121512226 0.5801681369833885 0.06745447910304847 0.016973415316057006
9 0.1448690878260991 0.5783146660531816 0.06021070068682227 0.012987471521394456
11 0.38696404269198237 0.5681533439908208 0.10719529789681237 0.007794730056928323
24 0.23507346523485154 0.47773170042736884 0.07826614976667784 0.015953771822681095
2 0.606858681243074 0.4394278821686392 0.11025620648429535 0.021382752346554512
2 0.860026415374926 0.43941322042383546 0.11131314476102949 0.021407499226178794
2 0.14926111223843183 0.4353478444240581 0.09186082778033111 0.03393475637009724
4 0.7409715737798579 0.43343693604359673 0.07525809900516811 0.010700498795514268
13 0.2883186362234307 0.34579312624361075 0.3533838545496323 0.044808778064524435
23 0.5864649919521345 0.3831985978752288 0.06745447910304847 0.016973415316056784
9 0.14485436762701132 0.3813451269450217 0.06021070068682212 0.012987471521394567
11 0.38694932249289393 0.37118380488266084 0.10719529789681231 0.007794730056928212
24 0.23505874503576374 0.2807621613192092 0.07826614976667767 0.015953771822681095
2 0.6063740487440248 0.11282413305179018 0.11025620648429546 0.0213827523465544
2 0.8595417828758771 0.11280947130698621 0.11131314476102949 0.021407499226178683
2 0.14877647973938307 0.10874409530720858 0.09186082778033108 0.03393475637009702
4 0.7404869412808086 0.10683318692674709 0.07525809900516778 0.010700498795514268
23 0.5859803594530859 0.05659484875837956 0.06745447910304847 0.016973415316056895
9 0.1443697351279622 0.05474137782817268 0.06021070068682212 0.012987471521394456
11 0.38646468999384487 0.04458005576581142 0.10719529789681231 0.007794730056928212
4 0.74127776357895 0.22782676742610736 0.07525809900516811 0.010700498795514268
