16 0.8610119541701897 0.5355490112213728 0.09533989251058961 0.0636504146298883
13 0.10203435441187454 0.31766069053103246 0.10386454922793484 0.263262001477792
23 0.18966381581208136 0.0978948376488066 0.019825832378143587 0.0997227659630528
9 0.05986816205123937 0.10878441080486394 0.017696782705324668 0.07630441834264354
11 0.13102331821859786 0.16848454321966533 0.03150622517714052 0.0457958535002026
24 0.08638051364094876 0.6997327470235584 0.023003536411367972 0.0937321230922884
2 0.19565348515097264 0.9247765954524076 0.032405869817306754 0.1256286473992172
2 0.27006308888958747 0.9248627366160133 0.03271651903418915 0.12577404107745682
4 0.2350711748661408 0.9599747984775646 0.022119427439278305 0.06286792122876617
14 0.8539580493374961 0.16358848192985015 0.08142814458527825 0.04971796147579158
