13 0.3432362173971775 0.1528599343263361 0.6734894088950393 0.10410286803650537
23 0.9114523662074872 0.06595694242813635 0.12855674268518202 0.03943381835210557
9 0.06981776827844 0.07026305493535488 0.11475133538968368 0.030173396649484235
11 0.5312094984040023 0.09387054470468356 0.20429597132800564 0.018109258711052123
24 0.24173194047000854 0.30394439260062656 0.1491619446225923 0.037064911708806214
13 0.3432081632060899 0.6104732597212139 0.673489408895039 0.10410286803650548
23 0.9114243120163998 0.5235702678230141 0.12855674268518213 0.039433818352105576
9 0.06978971408735336 0.5278763803302331 0.11475133538968343 0.030173396649484596
11 0.5311814442129146 0.5514838700995621 0.20429597132800564 0.018109258711051957
24 0.24170388627892184 0.7615577179955044 0.14916194462259197 0.037064911708806214
