2 0.7067503834190845 0.6096938277952331 0.10468778802140688 0.051880380312259944
2 0.4710333970393402 0.6096127426791549 0.10261302334285571 0.05115918763190719
13 0.17298550747788116 0.8810263340741301 0.3308108770563738 0.10849707965738653
23 0.45208727220188805 0.9715975259373346 0.06314571281673037 0.04109833102237859
9 0.038685256038501765 0.9671096511984216 0.05636464271343482 0.03144702429009982
11 0.2653159957257267 0.9425056825823442 0.10034802115891023 0.018873655663552258
24 0.12312767982422815 0.7235645579141251 0.07326677015603089 0.03862943215699066
2 0.4707246051017853 0.3169302684408272 0.10321340915380073 0.051774814776192835
2 0.7077208319873298 0.3168947674394027 0.10420283375206507 0.05183473527136906
4 0.5962708150756468 0.30242417862923027 0.07045086360615926 0.025909496316076308
13 0.17253183168031352 0.09020912113195084 0.3308108770563741 0.10849707965738642
23 0.45163359640432055 0.1807803129951554 0.06314571281673037 0.0410983310223787
9 0.03823158024093375 0.17629243825624308 0.05636464271343482 0.03144702429009949
11 0.26486231992815873 0.15168846964016514 0.10034802115891017 0.018873655663552258
4 0.5970111222930701 0.5953902158322096 0.07045086360615949 0.02590949631607642
