17 0.35307488768221806 0.9599519439121458 0.16751934588639483 0.06480474769064481
32 0.3834830262703167 0.9147789009270176 0.0589045683750839 0.009725610095649762
14 0.3709637237139798 0.6639319264793795 0.07157786947050954 0.061711266808339826
23 0.7104150729672885 0.7819575719421508 0.1546203551755202 0.020854262889806185
18 0.2792776085738523 0.8277418428967003 0.09366449894227524 0.02530572674532905
13 0.73941639699672 0.09402762993706584 0.37901258657794723 0.07871495711928395
23 0.4230242709973746 0.16043863684728552 0.14356870059560212 0.015025237745700026
9 0.43870175299416736 0.06207149044362849 0.1098538140750665 0.013411712679192583
11 0.5246507371945629 0.11599725345096634 0.06593129578983592 0.023877359332361237
19 0.46334199045995356 0.8117522285318686 0.08971794550188916 0.00914855398394876
34 0.42367800425931124 0.8358493182783849 0.14315582879198768 0.014248925786291888
