2 0.21176279612223425 0.09016102292221206 0.16267021586100294 0.029608450317382795
2 0.2104240675862561 0.7874815582545464 0.16237469767252533 0.02957131315248196
13 0.46001965799967337 0.16836347236719484 0.6257839090983073 0.03909615453362125
9 0.2059683490268464 0.1373439584808696 0.10662311579958106 0.01133171256913712
11 0.6346781649351823 0.14620982438428426 0.18982500669227187 0.0068009881995599875
24 0.36571677195263974 0.22500556969229712 0.13859630687849211 0.01391984239506594
2 0.21388449816017407 0.2629861220238775 0.16267021586100294 0.029608450317382795
13 0.4601321968836092 0.34112360428585564 0.6257839090983068 0.03909615453362125
9 0.2060808879107831 0.3101040903995304 0.10662311579958084 0.01133171256913712
11 0.6347907038191183 0.3189699563029451 0.18982500669227187 0.0068009881995600985
24 0.36581780623878174 0.3978638405514768 0.13859630687849178 0.013919842395066051
2 0.21434261994144116 0.4361279466138971 0.16267021586100305 0.029608450317382795
13 0.46059031866487743 0.5142654288758751 0.6257839090983073 0.03909615453362125
9 0.20653900969205047 0.4832459149895497 0.10662311579958106 0.011331712569137009
11 0.6352488256003854 0.49211178089296476 0.18982500669227176 0.0068009881995599875
24 0.36627592802004966 0.5710056651414963 0.138596306878492 0.013919842395066051
2 0.214316552922223 0.6079860483523498 0.16267021586100305 0.029608450317382906
13 0.4605642516456585 0.6861235306143276 0.6257839090983071 0.03909615453362136
9 0.2065129426728325 0.6551040167280023 0.10662311579958095 0.011331712569137231
11 0.6352227585811664 0.6639698826314174 0.18982500669227176 0.0068009881995598764
24 0.36624986100083157 0.7428637668799489 0.13859630687849167 0.013919842395066051
2 0.2134583495384909 0.892951432330132 0.16267021586100305 0.029608450317382795
13 0.4597060482619264 0.9710889145921094 0.6257839090983075 0.03909615453362125
9 0.20565473928909972 0.9400694007057842 0.10662311579958095 0.01133171256913712
11 0.6343645551974335 0.9489352666091994 0.18982500669227187 0.0068009881995598764
