2 0.9106527391200581 0.920432139798322 0.12216278194798147 0.1019350508668968
2 0.2982784882261428 0.908174067005778 0.14603859748481662 0.06354663630541002
24 0.7933974209253545 0.17421971892435734 0.10427308354494691 0.04798298388995126
2 0.298072289879917 0.2894232905223479 0.14689306506528388 0.06431132855422272
2 0.9077242235067915 0.30169451939189385 0.1223851153813188 0.10206306610834753
4 0.11939523869454677 0.30744181771444445 0.10026549240500449 0.03218310171577449
13 0.7224594971944889 0.5710416460451939 0.47080921060687686 0.1347680598604143
23 0.3252425655810121 0.4585399653990973 0.08986882012161634 0.05104969048823582
9 0.9135952782398752 0.4641145133350396 0.08021801815642449 0.03906146105815067
11 0.5910549778699689 0.49467597292202614 0.1428150520568816 0.023443635204583924
24 0.7934170324758634 0.7666304871667254 0.1042730835449468 0.04798298388995126
4 0.118987305576634 0.9258403706107063 0.10026549240500449 0.03218310171577443
