2 0.15483135137411908 0.661976964889823 0.1978168905655131 0.04504206754817808
24 0.3441435202909015 0.0685238615982054 0.16884829264384782 0.02120225362281325
2 0.15960522226368462 0.12680651009092325 0.19817691272406457 0.045098633676350586
13 0.45960241867802326 0.24582299528861185 0.7623763359573287 0.0595499978068974
9 0.15009828591924934 0.1985750752326082 0.1298961816847688 0.017260097999157287
11 0.6723843560613834 0.21207927536181986 0.2312588914017525 0.010359045210450168
24 0.3447016381970147 0.3322478875954721 0.16884829264384815 0.02120225362281336
2 0.15957346548900264 0.38857521096971215 0.19817691272406446 0.045098633676350586
13 0.4595706619033403 0.5075916961674004 0.7623763359573286 0.0595499978068974
9 0.15006652914456753 0.46034377611139704 0.12989618168476857 0.01726009799915762
11 0.6723525992867001 0.4738479762406088 0.2312588914017525 0.010359045210450057
24 0.3446698814223329 0.5940165884742608 0.1688482926438477 0.02120225362281336
2 0.15852793852404984 0.8226252650824588 0.19817691272406457 0.045098633676350586
13 0.4585251349383875 0.9416417502801465 0.7623763359573291 0.0595499978068974
9 0.1490210021796139 0.894393830224143 0.12989618168476857 0.017260097999157398
11 0.6713070723217465 0.907898030353355 0.2312588914017525 0.010359045210450057
