20 0.43425278617946883 0.7090042272084616 0.23182568407640036 0.12670767952963413
18 0.8876986175396029 0.861740544741329 0.05768225519975312 0.02769213614383359
19 0.774457247799117 0.8438933081892637 0.05498247850597204 0.010036779991091982
23 0.20607707250051904 0.8062856391911186 0.0950999787633856 0.0230444656913541
16 0.8375785518519321 0.6858774204363551 0.056310169120675546 0.08019865303683105
24 0.5118315521391055 0.8282096722863048 0.07993296244336923 0.0188352568035558
24 0.6923286900302292 0.034267727006871376 0.08292281729910855 0.019350269721255427
2 0.49323717997044003 0.12618670129628065 0.11114099448662218 0.027259387874244034
2 0.49316097271367537 0.1887790730275413 0.11126962118384565 0.027520701875181797
2 0.47203039399984065 0.013051758406825787 0.17638246515264677 0.02271137394219937
4 0.4620980777883819 0.15934433906715512 0.05561791383829895 0.01860656898033533
23 0.20097459027404763 0.12114463151812517 0.0882226117333762 0.016677227236064934
9 0.19134081632873712 0.011962249122443166 0.06750489728171338 0.014886298889993838
11 0.13852537793211633 0.07181702272221055 0.04051461833543424 0.026502618735395722
34 0.7985062491339525 0.8706505598244166 0.08796890303033189 0.015815561605726947
24 0.12626336703607405 0.8402364869838295 0.07993296244336834 0.0188352568035558
14 0.2697666314015322 0.6052666449669184 0.17339867278217447 0.015007820894658797
