2 0.870878982149648 0.6876646408210076 0.07020039922307952 0.1259647520317888
2 0.8574840611463674 0.164871719243123 0.11140911170411683 0.10494852636193738
4 0.8512104753603578 0.8408850153589997 0.03513014953157911 0.08598035504622659
13 0.5634724733635235 0.3237412022905005 0.1471089435937296 0.40373155425697216
23 0.6862760768991694 0.664365399023563 0.055724375985597874 0.07706492908278384
9 0.6801910604737753 0.1598371319854514 0.042638369042663715 0.06878910696747151
11 0.6468310489162856 0.43642410999082903 0.02559039888616954 0.1224677462530786
24 0.3499733117230596 0.26289320832609575 0.05237684713897883 0.0894169721796721
2 0.21939007713663028 0.6879602032605349 0.0702003992230793 0.1259647520317888
2 0.2059951561333488 0.16516728168265016 0.11140911170411683 0.10494852636193738
4 0.1997215703473399 0.8411805777985275 0.03513014953157911 0.08598035504622659
23 0.03478717188615077 0.6646609614630904 0.05572437598559765 0.07706492908278384
9 0.028702155460757606 0.1601326944249788 0.04263836904266349 0.06878910696747167
