17 0.21897626096780176 0.622833195690262 0.05212793363986101 0.12856937451774753
32 0.25531275591536695 0.6461711292156957 0.007823129874578338 0.04520865021379894
2 0.8586416366373064 0.311007695067008 0.019755011701444114 0.13881190052135678
14 0.45709017043732886 0.6365626933031161 0.049639585611430115 0.05493527842078205
2 0.8132806387426874 0.3111028757354358 0.01994438723585068 0.13897255156089294
2 0.9406310830230454 0.33749435984921566 0.016459043763339176 0.2202966179992928
23 0.36215217231634755 0.8970881115571987 0.016774845528562565 0.11866953185281692
18 0.3253240150729747 0.5661945432058578 0.020355533992448605 0.07188653931166389
23 0.8620923612543757 0.6765186277407833 0.012086068136085926 0.11018750066287974
9 0.9412173677207238 0.6885509338823548 0.01078817360535389 0.0843116721193411
11 0.8978403205799141 0.7545158950073497 0.019206577405626146 0.05060159121318675
4 0.8346121343910445 0.34989953668122165 0.013484271533388048 0.06946517222190868
27 0.2814182606751644 0.3032731149812429 0.013436560168060385 0.09801418022037017
19 0.3381858127998291 0.7074620626369603 0.007358954890967273 0.06885760014856923
34 0.3188024876580276 0.6770203612936689 0.011461614839900824 0.10987062580125806
