2 0.9502673630626745 0.31798576956873265 0.027018439467176192 0.10133956452392046
2 0.9503095908429502 0.5461638331431546 0.026642854310301778 0.09933115692464067
13 0.060672388521093745 0.8349579575268197 0.05650347513731979 0.32023057182002934
23 0.013504417698649407 0.5647826884762883 0.02140332746689033 0.061126127118967144
9 0.01584162824413443 0.9649628917559847 0.016377087390087808 0.05456193559040401
11 0.02865496601661549 0.745580469969203 0.009829086062993153 0.09713859617514975
24 0.1425340287799146 0.8832152979346832 0.020117565987433528 0.07092348326404707
2 0.1922802950256548 0.5462446772165994 0.02696346269119876 0.09991234063075793
2 0.192298783356932 0.3168282870118312 0.02699466828880659 0.10087012051905653
4 0.1998348254111495 0.42471380444872503 0.013493234892025363 0.0681976376912502
13 0.3103528989199257 0.8349003683324814 0.05650347513731968 0.320230571820029
23 0.26318492809748123 0.5647250992819501 0.02140332746689022 0.061126127118967144
9 0.2655221386429663 0.9649053025616462 0.016377087390087808 0.0545619355904039
11 0.2783354764154474 0.7455228807748648 0.009829086062993264 0.09713859617514975
24 0.39235637387455624 0.8831635959545681 0.020117565987433528 0.07092348326404696
2 0.44251244439316484 0.5460102438956952 0.02696346269119876 0.09991234063075782
2 0.4425309327244421 0.3165938536909262 0.026994668288806478 0.10087012051905653
4 0.45006697477865965 0.4244793711278204 0.013493234892025363 0.06819763769125009
13 0.5605850482874358 0.8346659350115766 0.0565034751373199 0.32023057182002934
23 0.5134170774649918 0.5644906659610456 0.02140332746689022 0.061126127118967144
9 0.5157542880104764 0.9646708692407417 0.016377087390087697 0.0545619355904039
11 0.5285676257829577 0.7452884474539605 0.009829086062993153 0.09713859617514975
24 0.6425885232420667 0.8829291626336633 0.02011756598743364 0.07092348326404707
2 0.6908893012621675 0.5460235830952953 0.02696346269119887 0.09991234063075816
2 0.6909077895934449 0.3166071928905255 0.0269946682888067 0.10087012051905653
4 0.6984438316476628 0.42449271032742103 0.013493234892025363 0.06819763769125042
13 0.8089619051564383 0.8346792742111768 0.056503475137320014 0.32023057182002923
23 0.7617939343339941 0.5645040051606457 0.02140332746689022 0.061126127118967144
9 0.764131144879479 0.9646842084403415 0.01637708739008803 0.05456193559040379
11 0.7769444826519606 0.745301786653561 0.009829086062993042 0.09713859617514975
24 0.8909653801110691 0.8829425018332632 0.02011756598743364 0.07092348326404685
4 0.9577164463511714 0.42421524622376594 0.013493234892025363 0.06819763769125031
