0 0.7204536938335044 0.6730547311015388 0.1625870515762874 0.11914734707698704
31 0.7456567143798978 0.8585457592582608 0.09037802715845988 0.02747398469729989
2 0.47925648714545027 0.20697859731989826 0.1393855034160726 0.04354915218942901
2 0.47916091316847464 0.30697514658201464 0.13954681830287985 0.043966623163046004
2 0.4526603733352123 0.02623606309408716 0.22120693460259522 0.036283319522900315
4 0.44020393544191533 0.2599506970672339 0.06975221838811463 0.02972555025761736
23 0.11272055337332132 0.19892346911483416 0.11064282091355238 0.026643265444977304
9 0.10063852695843956 0.02449548088232706 0.08466006745867682 0.02378210761328947
11 0.03440098334945274 0.12011848814812648 0.05081068869753835 0.04234015019158488
11 0.8521671897276871 0.5577207475985217 0.14151700657157273 0.0325102066477414
35 0.31779016576936986 0.763312982184571 0.08541562182355855 0.03730486895570173
24 0.17981108436208154 0.763399620034203 0.1252853245443103 0.036706706875598405
