0 0.6744361946542242 0.65456305844912 0.10818780207159318 0.15961893095927604
31 0.8428651788707922 0.6793059832857413 0.024946841801092523 0.0887281240257497
2 0.25123119891663337 0.41776904620364685 0.03954336519478946 0.13684094047338569
2 0.34202975335210783 0.41767521698487164 0.03992243588475736 0.1369993104636793
2 0.08711392733269013 0.3916584598260503 0.03294586650349428 0.21716867413317664
4 0.2993307595310917 0.37942942140747876 0.026991301330967332 0.06847885131814901
23 0.24391700655490423 0.05792443779449796 0.024192534699405632 0.10862297225590134
9 0.08553344930749698 0.04606297575635848 0.0215945550986493 0.0831145489858004
11 0.5697109910683624 0.7838720483330641 0.02951981633162004 0.13893353180657453
35 0.7563922099836274 0.2592503858668863 0.03387345062981861 0.08385631026897022
24 0.7564708786133354 0.12379019235547145 0.03333030936552228 0.12299816851814638
