2 0.8708703890713746 0.5873334774609573 0.12002084788312795 0.0353372376094484
2 0.10732771772904409 0.5941104624403761 0.0984089076803184 0.05589642883396484
2 0.6006291976158092 0.5873887068944386 0.11764220352943555 0.03484601227620232
13 0.25894362747366306 0.07767056498440378 0.3792629752110954 0.0739005200175506
23 0.5789239334956304 0.015979889083852145 0.07239432732019091 0.027993269901808338
9 0.10497313718710127 0.01903671124004806 0.06462007018156435 0.021419483873496903
11 0.3647972680406376 0.03579519064765305 0.11504545860137694 0.012855396408577524
24 0.20178339071922197 0.18492236547394192 0.08399776174454054 0.02631163099872394
2 0.6007953018391576 0.24809463238784263 0.11833052463592308 0.03526533384912678
2 0.8725030973089483 0.2481188131535803 0.11946486495817554 0.0353061474430707
2 0.10968679975084222 0.2548236021129622 0.09858800961272907 0.05596662642323921
4 0.7447295930718172 0.257975152526112 0.08076942443736468 0.01764771233656426
13 0.2589278292801971 0.4025210071622627 0.3792629752110952 0.07390052001755071
23 0.5789081353021646 0.3408303312617109 0.07239432732019091 0.027993269901808338
9 0.10495733899363585 0.3438871534179072 0.06462007018156413 0.02141948387349718
11 0.3647814698471715 0.36064563282551254 0.11504545860137694 0.012855396408577413
24 0.2017675925257565 0.5097728076518009 0.08399776174454043 0.026311630998724023
2 0.6002751785762892 0.7867432620081558 0.11833052463592308 0.03526533384912656
2 0.8719829740460802 0.7867674427738935 0.11946486495817554 0.03530614744307048
2 0.10916667648797435 0.7934722317332761 0.09858800961272907 0.05596662642323891
4 0.7442094698089486 0.7966237821464259 0.08076942443736446 0.01764771233656426
13 0.2584077060173291 0.9411696367825759 0.3792629752110954 0.07390052001755076
23 0.5783880120392968 0.8794789608820244 0.07239432732019091 0.027993269901808282
9 0.10443721573076753 0.8825357830382202 0.06462007018156413 0.021419483873496903
11 0.36426134658430315 0.8992942624458259 0.11504545860137683 0.012855396408577358
4 0.7450582058612469 0.5970760840411033 0.08076942443736468 0.01764771233656426
