2 0.5290599908491561 0.3780473633658751 0.09435817782422773 0.0463300989425367
24 0.6196276579293267 0.03888929166016068 0.08054022675747718 0.02180855723594405
2 0.5313219677998391 0.09682736171667966 0.09452990752213253 0.04638828264629832
13 0.6744199041040146 0.21924726460199673 0.36365166630410106 0.061252900690456885
9 0.5267871821827597 0.17064823418044045 0.0619601641450348 0.017753670992201043
11 0.7759163730253751 0.18453860294419647 0.1103099312497463 0.010655274406242865
24 0.6196125100246963 0.308143579305847 0.08054022675747707 0.02180855723594405
2 0.5308232539690989 0.5432895924201722 0.09452990752213258 0.04638828264629813
13 0.6739211902732745 0.6657094953054887 0.36365166630410123 0.06125290069045686
9 0.526288468352019 0.6171104648839321 0.0619601641450348 0.01775367099220082
11 0.7754176591946345 0.6310008336476884 0.1103099312497463 0.01065527440624292
24 0.619113796193956 0.754605810009339 0.08054022675747707 0.021808557235944104
2 0.5281699747705947 0.814599415497586 0.09435817782422773 0.04633009894253681
