13 0.5999800088138915 0.10050529872464478 0.6363904160321769 0.11860041509528046
11 0.4223611882015095 0.03330094376977514 0.19304237968705618 0.02063118567920201
24 0.6958812488617223 0.27233233222092823 0.14094539682558516 0.04222663599040155
2 0.8502869510235518 0.3875485043945813 0.1654273381637319 0.08981892311044992
13 0.5998655624912449 0.6245830143436695 0.6363904160321765 0.1186004150952803
23 0.06294945577641775 0.5255777601509213 0.1214752271982864 0.04492544070650972
9 0.858222825853441 0.5304835493999178 0.1084302872538111 0.034375396518456225
11 0.4222467418788627 0.5573786593887999 0.19304237968705618 0.02063118567920219
24 0.6957785021300525 0.7967077579145467 0.14094539682558493 0.04222663599040155
2 0.8498210644663311 0.9127841065065869 0.16542733816373179 0.08981892311044992
