2 0.9313101731160036 0.22281178451611405 0.07206837478344863 0.11370396115243708
2 0.9314228105427091 0.47882975536875494 0.07106654742470686 0.11145050860683381
24 0.11061458971391347 0.8566836776918376 0.05366114083215234 0.07957682691588064
2 0.23945099334535497 0.4786723934729511 0.07192173097375221 0.11210260228666402
2 0.23950030870234446 0.22126500829104423 0.07200496807952483 0.11317724048669264
2 0.253174361238909 0.9439330796618814 0.11414089162863172 0.09339916700153272
4 0.2596017769535737 0.34231359125253674 0.03599154978661778 0.07651840209855598
13 0.5543951883810325 0.8025468411603874 0.15071609253046336 0.3593017659894586
23 0.42858040906572825 0.49940760387641825 0.05709075194260049 0.06858409956649658
9 0.4348146316508066 0.9484136214318666 0.04368387276119412 0.06121901385621864
11 0.468992639227298 0.7022644448337801 0.026217882014508143 0.10899043446446233
24 0.7731294040915725 0.8566986444014364 0.05366114083215234 0.07957682691588053
4 0.9511796895209285 0.34200227387307697 0.03599154978661767 0.07651840209855598
