24 0.18897702704552172 0.7668750606115291 0.05636522967587776 0.07391803033519573
2 0.32430574664943224 0.4157445788259857 0.07554600633077224 0.10413086167961239
2 0.32435754710279846 0.17664171881256996 0.0756334379155591 0.10512908116319442
2 0.3387206616372863 0.8479200606637033 0.11989267228181011 0.08675744845920152
4 0.34547196728158136 0.28908240254124534 0.03780523370643607 0.0710770935048809
13 0.6551205898112077 0.7165879546778711 0.15831096841385728 0.3337514181857637
23 0.5229657600264872 0.4350052853785396 0.05996766553433297 0.06370700804176799
9 0.5295141371651249 0.8520819861300448 0.04588518773796191 0.056865661759776476
11 0.5654144407561091 0.6234367509789335 0.0275390518808607 0.10124000356921159
24 0.8848772464030179 0.7668889630217788 0.05636522967587787 0.07391803033519562
