14 0.27760819945715853 0.07213411337851144 0.041682067928404454 0.07905378651265982
13 0.573618912104745 0.8039505709402004 0.22123895898837953 0.10106873363633506
23 0.7583047696912167 0.7186799106544001 0.08380457796895047 0.019292162596767026
9 0.7491534382596006 0.8449817379344657 0.06412437034428731 0.017220422470995533
11 0.6989829044462208 0.775741929174035 0.03848571726073324 0.03065814374572362
24 0.25253488340914804 0.8191830431843178 0.07877018795079638 0.02238432950931224
2 0.05613289717871622 0.6409844566407681 0.1057905094630277 0.03198402137396961
2 0.05596755460242503 0.7130002788590748 0.10431990842625216 0.03135014306706363
4 0.026966064020939207 0.674511794831354 0.05283266619694438 0.021524018894479413
35 0.9136313618660015 0.31001024977752456 0.06469665252363432 0.027012139297668325
24 0.8091213847124372 0.30994751604522025 0.09489530059381257 0.02657901520736472
14 0.8021425139348819 0.07236600994802439 0.04178176105242548 0.07923626989926802
14 0.5446926528321434 0.07215856807477145 0.04178176105242548 0.07923626989926802
