2 0.8253381938795746 0.6902783401286059 0.11508052242546896 0.042866287601062036
2 0.09322463975956768 0.6984992483503105 0.09435817782422784 0.06780587720949571
2 0.5662207318543837 0.6903453368985804 0.11279978837204963 0.04227040043397279
13 0.23859970091905708 0.07202523196903261 0.36365166630410106 0.08964597006567807
11 0.3400961698404177 0.021227774070361624 0.1103099312497462 0.01559440287229473
24 0.18379230683973824 0.2021283989547564 0.0805402267574773 0.031917660177906704
2 0.5663799988578848 0.27876032451359734 0.11345977664848794 0.042779063825859
2 0.8269036962090641 0.2787896573004433 0.11454742499621673 0.04282857327748535
2 0.09548661671025066 0.2869229872175629 0.09452990752213253 0.06789103129210938
4 0.7043896340349627 0.29074601571493486 0.07744477500531821 0.02140778294219875
13 0.23858455301442627 0.4660892116052051 0.36365166630410095 0.0896459700656782
23 0.5453937568514702 0.39125454895602607 0.069414415541878 0.03395759373630908
9 0.0909518310931714 0.39496266613091724 0.06196016414503491 0.02598317859860494
11 0.34008102193578676 0.4152917537065348 0.1103099312497463 0.015594402872294577
24 0.18377715893510793 0.596192378590929 0.08054022675747707 0.03191766017790676
2 0.5658812850271442 0.9321749272172493 0.11345977664848805 0.04277906382585872
2 0.8264049823783239 0.9322042600040954 0.11454742499621673 0.042828573277485016
2 0.09498790287951048 0.9403375899212157 0.09452990752213253 0.06789103129210905
4 0.703890920204222 0.9441606184185878 0.07744477500531799 0.021407782942198805
4 0.7047047203899607 0.7020967335260817 0.07744477500531821 0.021407782942198805
