4 0.9515462579834856 0.7618030269926708 0.03339275341231196 0.06790805111931275
13 0.6780386220596895 0.3533582319576777 0.13983352600749166 0.3188707817061436
23 0.7947688525223559 0.6223862599506697 0.05296847212874334 0.06086656819277203
9 0.7889847765729952 0.22390533566579174 0.04052964653808089 0.05433025008895842
11 0.7572746172191398 0.4423561972751347 0.024324800523846668 0.0967261180597564
24 0.4750982715784968 0.30529994373101393 0.04978649861578499 0.07062232197630147
2 0.35097315937517487 0.6410216467365583 0.0667285693900882 0.09948808440727275
2 0.3509274048698771 0.8694638696793113 0.06680579629930172 0.10044179728967628
2 0.3382406973730447 0.22811513542663664 0.10589926443882913 0.0828892819673901
4 0.33227737794638335 0.7620364648429985 0.03339275341231196 0.06790805111931275
23 0.17549997248525306 0.622619697800997 0.052968472128743116 0.06086656819277192
9 0.16971589653589325 0.22413877351611916 0.040529646538080666 0.05433025008895853
11 0.1380057371820373 0.4425896351254618 0.024324800523846446 0.09672611805975628
