20 0.8119555927025697 0.43313958019529747 0.24915984403314195 0.2608144880624671
31 0.5483327189901845 0.1636099812940247 0.12507714425710015 0.04329268769024239
35 0.9462857764327999 0.03113297878947227 0.07346562836530113 0.05030236337389389
32 0.28056583730705903 0.9470381711249697 0.03904115357862059 0.022959400224058957
18 0.2123871115508146 0.7479083221121947 0.061974042000877305 0.05738262187284604
19 0.3338002041545901 0.7114925755358341 0.057706199731432484 0.02113623189353986
34 0.30954940588373836 0.7614210743928067 0.09655228722873588 0.04016637790864319
14 0.27276095184816285 0.3735954438648103 0.047818178039343684 0.14060924742720127
18 0.554330935708905 0.7479767820227121 0.061974042000877305 0.057382621872846484
19 0.6757440283126814 0.7115610354463526 0.057706199731432095 0.021136231893540414
34 0.6514932300418268 0.7614895343033257 0.09655228722873543 0.040166377908642636
16 0.6090947448300735 0.38621567069973656 0.06239174996165597 0.1644654256020336
14 0.882016954886748 0.22691863491910547 0.15983253780938456 0.025029678393769905
24 0.9169772133089349 0.6637017435043859 0.10779599460239775 0.05119613322079619
