20 0.7218779235326941 0.5398257870337415 0.45458317604385456 0.1673036197323463
20 0.7229516029000882 0.1615300664660861 0.4476584805609991 0.1572147535243288
24 0.3652984183747752 0.3760430838117722 0.08787235470880439 0.06801706265344909
19 0.2450727605889284 0.07558336182827508 0.03627794423744224 0.036411428987714434
34 0.15937615645836756 0.06028160528835086 0.06894103099025428 0.06092251380947544
16 0.8034911702485614 0.03352903033697119 0.28228624520349044 0.0393679151238695
24 0.3272178057918418 0.2277965560058654 0.08787235470880339 0.0680170626534492
18 0.182865614449221 0.7441155534244903 0.09849076065150242 0.03910434996410761
19 0.245369112249401 0.8207247257507899 0.03627794423744135 0.036411428987714545
34 0.15967250811884204 0.8054229692108654 0.06894103099025539 0.06092251380947589
16 0.8037875219090336 0.7786703942594868 0.28228624520349044 0.039367915123868946
18 0.18218208364132404 0.9742019953943138 0.09849076065150242 0.0391043499641075
22 0.7941125699263522 0.3123432337098779 0.08143120086247335 0.06340703954355875
