14 0.38541110609692447 0.6846938956705724 0.04323545445355903 0.07521902802438463
14 0.0969317915318858 0.6844458310398915 0.044576578384935006 0.07553041237571023
14 0.96412103057128 0.6844264174952657 0.04461816586760625 0.07559085404829557
18 0.14998213414105732 0.880841672733192 0.05706770376039749 0.03027312056107956
0 0.4005079569085032 0.3945289447946261 0.11778137996765159 0.07930259869199796
18 0.4385127346638178 0.8811334787819595 0.05568947406423286 0.03034419714725356
32 0.9584188709421195 0.9857949683357018 0.03617506137361359 0.01324898615056802
32 0.3794454856412867 0.9858668623935274 0.03554650314810559 0.012863328006628927
32 0.09116345381815855 0.9861490508108425 0.03586774202865051 0.01280039032907232
12 0.14030425896776788 0.0445822630356309 0.1920151780556838 0.08650777654474429
19 0.9126363570066991 0.8618040030184654 0.05423630140942726 0.011376767282197164
3 0.41686758933141516 0.1077802302309121 0.18743144713958204 0.03549863727188041
4 0.39624076448963047 0.15071059179597412 0.04484537128945909 0.022841854387802396
11 0.4997555997882297 0.31858164802779076 0.10854065056723394 0.02359662870670398
35 0.09167922419144703 0.45964218764627923 0.06450423661660087 0.02731091285498144
31 0.4283600487375831 0.529877325995814 0.09218836661365704 0.023579182548247757
23 0.8383740832845603 0.7957879893534822 0.09098115138012552 0.02648834563018454
22 0.6881788734986827 0.7957879893534828 0.09098115138012552 0.02648834563018454
34 0.9332203894815863 0.8876367347312594 0.08697964419927018 0.023491746618987897
19 0.33350441981553447 0.8614841157583776 0.05423630140942737 0.011376767282197164
34 0.354233758846301 0.8880883687070271 0.08697964419926929 0.023491746618987897
34 0.06631030267583743 0.8880373741066082 0.08697964419926929 0.023491746618987897
19 0.04499456149401365 0.8617244517915014 0.05423630140942726 0.011376767282197164
