17 0.7553722253847386 0.8947918499448899 0.13506478289886947 0.059452561642717394
17 0.3627267671364587 0.8944617802396309 0.1353307209877498 0.06012368090708686
14 0.37812208945116543 0.5922899688341969 0.05876980115420971 0.06485246047824156
14 0.7702510069880648 0.5920760920788092 0.06059278619660746 0.06512093033046207
18 0.6981398628886633 0.7614049693062139 0.07757192898084198 0.026100926937050906
0 0.35760099324748684 0.3421150928340342 0.1600998154836672 0.0683732398912067
18 0.3059412325298356 0.7616565591065882 0.07569850620288937 0.026162207860466746
32 0.3862311363519192 0.8519557533373325 0.04831823669126917 0.011090524473383545
32 0.7780918881516992 0.852199050993019 0.04875489557160784 0.01103626076706421
12 0.7112949645689386 0.040397509606161175 0.2610055561008163 0.07458541152126874
3 0.33536340244146823 0.09488563285748136 0.25477490679023584 0.030606271194567047
4 0.3634013728922362 0.1318993998502193 0.060958155446224516 0.01969382612142334
11 0.22269402139338626 0.2766347324602768 0.14753892451475753 0.020344578636740218
35 0.7773908032975556 0.3982545314781768 0.08768038193362082 0.023546966014745596
31 0.31974174279640066 0.4588099740786902 0.12531132245725757 0.02032953688026584
19 0.4486786655271253 0.7447152402358317 0.07372321372487484 0.009808839198236607
34 0.4205013478998775 0.7676529370955426 0.11823112440151928 0.020254151232569573
34 0.8118746890763113 0.767608970490348 0.1182311244015194 0.020254151232569573
19 0.8408491010847704 0.7449224535367616 0.07372321372487489 0.009808839198236607
