17 0.28300814004899977 0.6152864958389963 0.047259538875908724 0.09738366593070669
17 0.2832705163308022 0.3321834299280988 0.047793019454179686 0.0975754111469645
14 0.5227411094784369 0.900936044709576 0.051710501342646764 0.043000289430479954
14 0.5234704349505943 0.3432836804376157 0.051551981823565796 0.042373878368433815
14 0.5236404480931168 0.6260143130095104 0.05176539165936522 0.04368827700407574
18 0.38903893665222566 0.5740211330247971 0.020747933094820814 0.05593048502604181
0 0.7223373794761649 0.32848767266757206 0.05435069069233511 0.11543428725090499
18 0.3888389449677121 0.29124023649796116 0.02079664601992448 0.05457972005208328
18 0.2956224440023029 0.8567675848477079 0.01935273376654989 0.048780327926856604
32 0.3170590558881327 0.34913042077547796 0.008815988041926404 0.03483814891870496
32 0.3168656557267331 0.6316677019644499 0.008772853185033958 0.03515298629981867
12 0.9621762267876257 0.5835061519899232 0.059288818815712685 0.18818878863790756
3 0.9188629782425732 0.3124540474125079 0.024329284111569205 0.18369640018571343
4 0.8894403005344311 0.3326698304549094 0.015654853474506347 0.04395171352825605
11 0.7743884862945567 0.2312177907872604 0.016172144284968493 0.10637770282042303
26 0.7081364353600381 0.7836641876700985 0.01822555704541884 0.2815148917106194
35 0.677711480948552 0.6311622096239622 0.018717759589083838 0.06321882610431351
24 0.6441722415877449 0.7967160582033603 0.018191132485627315 0.09611038947595463
31 0.6295752490579052 0.30119060440754974 0.016160187416244476 0.09035127959780526
22 0.4473311807130855 0.046549328690602666 0.01815400635090525 0.08916812118957955
19 0.40230579813029155 0.3941559943474563 0.007797161377206763 0.053155505548007576
34 0.38407235374180904 0.3738397399712885 0.016100262480303273 0.08524635418805199
34 0.3841073033121895 0.6560255910369057 0.016100262480303162 0.08524635418805204
19 0.4021410818459077 0.6769165620140192 0.007797161377206763 0.05315550554800763
31 0.27379022960120636 0.9325144986308798 0.015097961453673925 0.08290427301433134
19 0.30739282112878863 0.9476095027196172 0.007191477795761569 0.04659814554489661
