29 0.8037009922135863 0.25671226087526344 0.050328790171118576 0.1153029198604558
12 0.7930679431539546 0.6369991346059387 0.08671136170962024 0.2393925891804246
29 0.15107926182309206 0.2564457278973382 0.05016517470523782 0.11417478749017329
4 0.018645141149438712 0.341695337648039 0.02050804460371141 0.06376916229864793
8 0.36234671140673236 0.6470565478618411 0.021453093014105973 0.03919478311490587
4 0.6712058657371771 0.3505750726426062 0.02050804460371136 0.06376916229864771
3 0.6650753730956147 0.43281208095299845 0.07837402115504999 0.07308493800773042
4 0.018352873983672423 0.9283915520915971 0.020251540790982764 0.06321016308574234
3 0.6681758215122741 0.8118865909953963 0.08464141310727369 0.09823522263916595
4 0.6774906063531803 0.9306875915528005 0.02025154079098279 0.06321016308574223
