14 0.09690880175968258 0.9465010768403938 0.045384626702915765 0.09548842338057306
14 0.6854826164406045 0.9451543070806859 0.04472348156668349 0.09519570181417802
14 0.38707475950047837 0.9448403614311188 0.046110762727055055 0.09558978363944148
0 0.7010990529397709 0.5779273318589706 0.12183504122848865 0.10036378741460916
12 0.43193996960145786 0.13504179022726054 0.19862373102891961 0.10948251681597554
3 0.7251237151653029 0.04165998333133297 0.1795259605043018 0.03342427174466678
3 0.718021731985269 0.215023877185814 0.1938822426434299 0.04492636740065403
4 0.6966849973018929 0.2693556866449528 0.04638880663020517 0.028908195390123792
11 0.8037624846757787 0.48180994764782714 0.11227627525214823 0.029863422716058574
26 0.220683304791789 0.604150743524992 0.29712470406168623 0.033655247238232655
35 0.38164141546381036 0.6603333534928942 0.06672426770474393 0.034564146662104944
24 0.20690771677197906 0.7222667907018248 0.1014396462537801 0.033591678971541916
31 0.729909725367175 0.7492215439256709 0.09536119758697614 0.02984134320583609
