14 0.4794308040135316 0.2704505263261814 0.04178901367187493 0.07744512098439937
14 0.2122533464458623 0.271797436257654 0.042457621313820054 0.07752732841052679
18 0.1617247630804366 0.07020916951180928 0.05435497840558992 0.031073498554140655
23 0.7063601115481961 0.0889972419323487 0.08594204307878484 0.025923139215591195
12 0.17094259841274223 0.9285780814875328 0.18288769600021992 0.0887949183818526
26 0.3654623795667154 0.5481110221644117 0.27358489476102454 0.02729581871654485
35 0.217256231888076 0.5025445663350788 0.061438014101375116 0.028032974314599945
24 0.3781465917750967 0.45231394813219034 0.09340305456113901 0.02724426218298459
34 0.24141923635980975 0.06282322408963997 0.08284504843627588 0.024112834787763604
19 0.26172172928122994 0.08983182242240911 0.051658167363556606 0.011677552731337637
22 0.868917012773899 0.044328587947218445 0.08594204307878484 0.025923139215591084
