29 0.37931370972626033 0.894723806695731 0.0532940821448038 0.09450453076018828
12 0.5550858403168922 0.8747576738220024 0.1106494816269985 0.16282164784972564
23 0.21607516280772987 0.21534391041339956 0.03365945950293736 0.08104288425744544
22 0.21313796353122832 0.36741833728591183 0.033199907831525155 0.0808346610650128
8 0.5597344702811029 0.06597391891107428 0.018116193358343136 0.04028339409231815
4 0.4226979744675612 0.6459320174814078 0.029474700015944766 0.03850883610540168
3 0.46070868470405063 0.634420528163866 0.033780538207061395 0.14716626542907496
3 0.6359204495201589 0.6402423733098814 0.04540523371984706 0.15893481646162044
4 0.6908313771033777 0.6577331448449999 0.029216325379747277 0.038027187880246616
11 0.9055501699580268 0.5699564584867833 0.030181734392295767 0.09203838864713709
