4 0.687499885136297 0.7549634194683799 0.0860148400183467 0.01772757645933498
2 0.5506726328601745 0.7427303011126665 0.14054873409604818 0.03984949575937391
2 0.8102108899022482 0.7428887507762137 0.13852227301048659 0.04003186113438306
21 0.05983723691774179 0.9278493565091628 0.10795934767370388 0.04059174308287561
3 0.5276833291306184 0.1147965754940334 0.14255089089506023 0.06863655708740099
4 0.687311199021433 0.12088072251688657 0.08510103793501322 0.01772757645933501
2 0.8177364122110747 0.10476900600750157 0.12268759493503545 0.0485304720594881
23 0.5596573946663578 0.23020664321730472 0.07501893200069798 0.028859711460166887
24 0.12874212222129167 0.3790830580660288 0.08974489347913503 0.026970298391404524
2 0.5392473388510903 0.46520198146175584 0.11866448255049422 0.048421750606399805
4 0.686932004569631 0.4813935317251225 0.08510103793501345 0.01772757645933498
2 0.8173572177592752 0.46528181521573786 0.12268759493503512 0.04853047205948785
23 0.4947320089627172 0.5524602970819952 0.07501893200069798 0.02885971146016686
