6 0.15651993697414907 0.5641176928230047 0.04390934094859758 0.4783439491683664
2 0.8533077466067641 0.18364655775055772 0.024727326551882367 0.15598472223376447
21 0.9681774393478171 0.7283887312820438 0.025187904323338173 0.11981615464364825
3 0.05891782894294642 0.20802424973615358 0.04259021420861642 0.1582067690858472
2 0.056283656891821424 0.7619317702538517 0.03761934089755012 0.11579182012586031
23 0.13053184507003604 0.1725385816271245 0.017907968366218996 0.08325800545742201
24 0.22291232958274082 0.6507798088493943 0.016735553683112747 0.09960126906354894
2 0.30396291829870636 0.2091493337054291 0.04259021420861636 0.15820676908584708
2 0.3013287462475812 0.7630568542231285 0.0376193408975502 0.11579182012586009
23 0.36157481030062666 0.3522214883847504 0.01790796836621905 0.08325800545742212
6 0.5612657201156477 0.5652541413927545 0.043909340948597664 0.47834394916836676
3 0.46366361208444506 0.20916069830590323 0.04259021420861636 0.15820676908584708
2 0.4610294400333201 0.7630682188236011 0.037619340897550035 0.11579182012586031
23 0.5352776282115347 0.17367503019687452 0.017907968366219107 0.08325800545742201
24 0.627658112724239 0.6519162574191445 0.016735553683112636 0.09960126906354883
2 0.6810964486560497 0.1963266528357841 0.03004656437030584 0.13169699797511503
2 0.6847341015240881 0.7634890589088392 0.037619340897550035 0.11579182012586031
23 0.7352417978905209 0.2457309495905104 0.017907968366219107 0.08325800545742201
