6 0.8390069523883257 0.817587492768193 0.0400651120682145 0.3645528775600324
4 0.19629608270633098 0.4118943702811937 0.010037213087699892 0.07275264001551784
2 0.20322237722521236 0.5276249096513062 0.022562468213956355 0.11887822443366192
2 0.20313266428332538 0.30810356448796644 0.022665722041854575 0.1171642132952132
21 0.098409437347584 0.9427808392590026 0.022982722757314278 0.09131363327467468
3 0.9280640712583597 0.5462035031028836 0.03886147385530225 0.12057167864251783
4 0.9246192755038269 0.4111878598472163 0.010037213087699892 0.071979732526531
2 0.9337416015129274 0.30087226102602116 0.027477568094269267 0.10377100540760686
23 0.8627198069218576 0.5191593595660464 0.016340139569540058 0.06345213631777102
24 0.7784271624649454 0.8836339512376441 0.015270368886257435 0.07590757510129498
2 0.7044724901800353 0.5470609459517147 0.03886147385530214 0.12057167864251794
4 0.7010276944255034 0.4120453026960482 0.010037213087699781 0.071979732526531
2 0.7101500204346032 0.3017297038748523 0.0274775680942696 0.10377100540760686
23 0.6519044748180892 0.6560983149363957 0.01634013956954017 0.06345213631777114
3 0.5587534687675406 0.5470696070789483 0.03886147385530214 0.12057167864251783
4 0.5553086730130079 0.4120539638232813 0.010037213087699892 0.071979732526531
2 0.5644309990221082 0.3017383650020865 0.027477568094269378 0.10377100540760709
23 0.49340920443103836 0.5200254635421115 0.016340139569540058 0.06345213631777102
24 0.40911655997412666 0.8845000552137092 0.015270368886257213 0.07590757510129487
2 0.3603567090723957 0.5372885944519412 0.027416010870451757 0.10036819669469121
4 0.35118918182543046 0.41237469217017997 0.010037213087699781 0.07197973252653123
2 0.3603115078345307 0.3020590933489832 0.027477568094269156 0.10377100540760686
23 0.3109517433364892 0.5749403272209617 0.016340139569540058 0.06345213631777102
