11 0.7522029093082354 0.20277824571287395 0.009938488639591014 0.18358260900558665
21 0.9827517829903073 0.6080429519443981 0.020994318193651607 0.13265890569820704
3 0.8387367719376596 0.5588892056579807 0.05336178252760093 0.21895816841481253
4 0.8340066260201415 0.8040776138102733 0.013782379535148603 0.13071519426818035
23 0.7490107251095423 0.6080013703208768 0.02243710512439745 0.11522907955307216
3 0.5389099414408675 0.5600944383651636 0.05336178252760093 0.21895816841481247
4 0.5341797955233498 0.8052828465174553 0.013782379535148603 0.13071519426818023
23 0.44918389461275027 0.6092066030280596 0.02243710512439756 0.11522907955307204
2 0.23189005411160424 0.558537322151686 0.05336178252760093 0.21895816841481247
4 0.22715990819408766 0.8037257303039764 0.013782379535148492 0.13071519426818035
23 0.15970743401602033 0.36052546007550546 0.02243710512439756 0.1152290795530721
3 0.03179916822032086 0.5585215935446299 0.05336178252760082 0.21895816841481253
4 0.02706902230280328 0.8037100016969212 0.013782379535148603 0.13071519426818023
