21 0.09659903315802224 0.7836498652975195 0.025868959988487178 0.1176054128530204
23 0.03403357654816099 0.7836295785710858 0.027646745627397107 0.10339776556123459
3 0.27405269106195107 0.8272258815088824 0.06575178123852005 0.19411185143157128
4 0.2798811230382263 0.6098602714447932 0.016982491236543995 0.11588226442214555
2 0.26444657759689316 0.4322599811440052 0.04649074950240048 0.167063959060473
23 0.38461210499059995 0.783686728438939 0.02764674562739705 0.10215343932009935
3 0.6434958999365221 0.8261574127968407 0.0657517812385201 0.19411185143157128
4 0.649324331912797 0.6087918027327524 0.01698249123654405 0.11588226442214566
2 0.6338897864714643 0.4311915124319631 0.046490749502400286 0.16706395906047344
23 0.754055313865171 0.7826182597268976 0.027646745627396996 0.10215343932009946
