11 0.18532444486799088 0.5340848845929322 0.006410551835142608 0.20041769542094612
21 0.036615163319372535 0.09165616599956544 0.013541814042806077 0.14482413285830453
24 0.07848799545481533 0.8144748663273758 0.013391786341168554 0.14742462487330965
3 0.1295081299334227 0.14531746107207344 0.03441956672829416 0.23903730176289573
23 0.1873834764788464 0.09170156078506908 0.014472444518124905 0.1257959383767162
24 0.26204138346899053 0.8142843757147873 0.013524949743368708 0.15048925369427002
3 0.32290327361850135 0.14400170484152452 0.03441956672829427 0.23903730176289573
23 0.380778620163925 0.09038580455452011 0.014472444518124905 0.12579593837671632
24 0.45543652715406907 0.8129686194842377 0.01352494974336882 0.15048925369427057
2 0.5209381030093114 0.1457016133715217 0.03441956672829416 0.23903730176289562
23 0.5674975392072679 0.36187176847652247 0.014472444518125016 0.1257959383767162
3 0.6500012877913466 0.1457187843399237 0.03441956672829416 0.23903730176289573
23 0.7078766343367702 0.09210288405291978 0.014472444518125016 0.1257959383767162
24 0.7825345413269138 0.8146856989826375 0.013524949743368708 0.15048925369427013
2 0.8257210902473897 0.1263276064680407 0.024282332139350937 0.19898323711523924
23 0.8694790167014352 0.2009733998179764 0.014472444518124905 0.12579593837671632
