4 0.23791353636625828 0.6932667229235363 0.019274485399940144 0.08236832560360374
2 0.2512141170566762 0.5622401272276983 0.04332676415024417 0.13459030895980661
2 0.2510418410699573 0.8107755155173648 0.04352504273424196 0.13264975769582754
21 0.049941566424883566 0.09221321440501958 0.04413378000110213 0.10338251747307306
6 0.7629247533517562 0.23297273585562825 0.07693713492564047 0.4127356768385409
3 0.9339413614901988 0.5402254323844327 0.07462578545453902 0.13650758629352394
4 0.9273263115857702 0.6930860359706491 0.019274485399940144 0.08149326325946404
2 0.9448439370401278 0.8179820007208297 0.05276524274530725 0.1174863751996349
2 0.9385569090282955 0.062290265054947634 0.06591591319570722 0.0999101490362785
23 0.80846060722912 0.5708439889074348 0.031378010889500874 0.07183857827498263
24 0.6465932312243119 0.15819694497001496 0.02932372757041024 0.08594024712216419
2 0.5529595675671775 0.5512991973037873 0.05264703425442774 0.11363381870172024
4 0.5353551420626794 0.6927229170941105 0.019274485399940144 0.08149326325946427
2 0.5528727675170366 0.8176188818442933 0.05276524274530703 0.11748637519963467
2 0.5465857395052046 0.06192714617840803 0.06591591319570722 0.09991014903627848
23 0.4580870882802508 0.5086710509767666 0.03137801088950076 0.07183857827498263
