4 0.6851358496532549 0.8077920932268521 0.02478148122849444 0.08579142484946778
2 0.6680351030512891 0.671320236411187 0.05570583962174247 0.1401836724490454
2 0.6682566007484992 0.9301843681102941 0.05596076922973969 0.13816247489877098
21 0.9268140967207368 0.18175973760107234 0.0567434314299885 0.10767893378364232
24 0.15969052769290043 0.250485649176561 0.03770193544767031 0.08951178985970867
2 0.28007666668064446 0.6599246184904382 0.06768904404140708 0.11835626311529812
4 0.3027109280435707 0.8072256876746449 0.02478148122849433 0.08487999627803944
2 0.28018826674511155 0.9373121340767835 0.06784102638682321 0.12236892585728176
2 0.2882715884746097 0.15021502757803018 0.08474903125162359 0.10406225912609787
23 0.4020555686209791 0.6155249128355413 0.04034315685792966 0.07482407763186505
