4 0.21665812769153708 0.2409245090992735 0.01687772026931278 0.060461387595797667
2 0.18981006183868526 0.19920243207951382 0.02757829018542793 0.1359100503180104
2 0.24073632177949075 0.19974283795756093 0.027180660621372976 0.13653202273752185
21 0.09349897750455434 0.8305665097000459 0.02118364307956172 0.1384415471202457
24 0.5770845755089635 0.32290536245284907 0.020274367362345003 0.11103972165156728
35 0.5374245978028449 0.12466791661916476 0.02116198113936274 0.07710836549484945
26 0.5009754259815609 0.15531352136040982 0.020472602188568167 0.20647904837486097
34 0.9722366233115651 0.18063271580321816 0.013721911697401112 0.09689186788294468
18 0.9643718955945078 0.08192191999916204 0.023898653452161023 0.06360388293460939
19 0.9490684769785726 0.2073035484228526 0.008615338699651476 0.05861232736828392
14 0.8049913951971053 0.1451584180764352 0.05979770814499419 0.04870208702013146
34 0.9721757041446095 0.534826396026808 0.013721911697401223 0.09689186788294468
18 0.9643109764275528 0.43611560022275114 0.023898653452161245 0.06360388293461117
19 0.9490075578116175 0.5614972286464391 0.008615338699651476 0.05861232736828392
14 0.8049304760301501 0.49935209830002586 0.05979770814499419 0.04870208702012968
