12 0.29163498807760363 0.9747511122972767 0.40921630928848696 0.03912970335981403
24 0.2166556385181032 0.914569808376829 0.08530207697026693 0.015182978220944388
6 0.29162197594861483 0.7576993824800793 0.40967080795112565 0.03983582377625783
4 0.7475246432978664 0.11866667741373438 0.08175667962139876 0.009979771205571364
2 0.617471017372047 0.12555333350012848 0.13359087597248143 0.022433345654900516
2 0.8641608458476814 0.12546413397567974 0.13166473474264073 0.02253600857233795
21 0.15093440340696246 0.02134022671216107 0.10261482551163933 0.022851195127076673
3 0.5965930930477497 0.846246837115616 0.135493916098275 0.03863907385432308
4 0.7483185931419896 0.8428217555536546 0.08088811526496309 0.009979771205571475
2 0.8722871126093723 0.8518918754801726 0.11661395162141952 0.02732031695156123
2 0.12220694923803789 0.8486366341692271 0.09916824198897942 0.034129353850428035
23 0.626984284052017 0.7812765309183889 0.07130512348581186 0.016246626722605906
24 0.2174014508369049 0.6974662841255377 0.0853020769702672 0.015182978220944388
2 0.5956295310344593 0.6239348464109327 0.135493916098275 0.03863907385432297
4 0.7473550311286983 0.6205097648489719 0.08088811526496298 0.009979771205571364
2 0.8713235505960818 0.6295798847754897 0.11661395162141952 0.02732031695156134
2 0.12124338722474637 0.626324643464544 0.09916824198897911 0.034129353850428035
23 0.4730974381655355 0.5716676721007568 0.07130512348581197 0.016246626722606017
6 0.2906486808864033 0.390502304521587 0.409670807951126 0.03983582377625783
3 0.5956197979855383 0.479049759157124 0.1354939160982751 0.03863907385432297
4 0.7473452980797779 0.47562467759516236 0.08088811526496309 0.009979771205571364
2 0.8713138175471602 0.4846947975216806 0.11661395162141985 0.02732031695156112
2 0.12123365417582674 0.48143955621073486 0.09916824198897939 0.034129353850427924
23 0.6260109889898053 0.4140794529598968 0.07130512348581197 0.016246626722606017
24 0.21642815577469313 0.3302692061670458 0.08530207697026698 0.015182978220944277
2 0.606611331977274 0.28178840260481275 0.11279000321631139 0.027259112013060527
4 0.7469848756305404 0.27267334012221267 0.08088811526496331 0.009979771205571364
2 0.8709533950979249 0.2817434600487307 0.11661395162141963 0.02732031695156112
2 0.12087323172658818 0.2784882187377852 0.09916824198897939 0.034129353850427924
23 0.5642997312912955 0.23266617613064788 0.07130512348581197 0.016246626722606017
