21 0.9066609392595364 0.7156831505481622 0.02540027223831831 0.11091881747341725
23 0.9680928495996668 0.7156640172476462 0.027145848373956616 0.09751896283701722
3 0.7324223451122968 0.7567816006204175 0.06456050588643802 0.18307539165118103
4 0.726699511299658 0.5517745703927481 0.01667480644312902 0.1092936406924584
2 0.7418544172664627 0.38427195546023235 0.045648441006131524 0.15756533931455985
23 0.6238660207163259 0.7157179177919091 0.027145848373956616 0.09634538424169903
3 0.369672621652665 0.7557738809655823 0.06456050588643825 0.18307539165118092
4 0.36394978784002674 0.5507668507379136 0.01667480644312902 0.1092936406924585
2 0.379104693806831 0.3832642358053966 0.0456484410061313 0.15756533931456018
23 0.2611162972566942 0.7147101981370739 0.027145848373956505 0.09634538424169903
