21 0.1595062160373334 0.013156568759506583 0.0976215492022021 0.018172452835370827
4 0.8511568105369044 0.04001063202880456 0.06408673191972403 0.01790619099564114
2 0.7929115529816992 0.06745352620130987 0.17544188061737576 0.025814814495919665
23 0.21018899481487954 0.7941360722864836 0.10863532252193836 0.021525371138201854
19 0.03191404033717857 0.8252741665974686 0.06212679960893533 0.009238475526146872
32 0.5833275152975286 0.9335493218886519 0.04213248554987048 0.011376654665879449
34 0.6134695827504504 0.8501432551992494 0.1027016317211874 0.014714400653048743
18 0.5088399577976028 0.8417096814226577 0.06741765541231448 0.02562721359226272
19 0.641739633573585 0.8252993854054613 0.0621267996089353 0.009238475526146872
14 0.575868199473317 0.6708013859280194 0.05162232821476098 0.06412280265191983
32 0.9337649618140864 0.9336203246350929 0.0421324855498707 0.011376654665879449
18 0.8592774043141613 0.8417806841690995 0.06741765541231426 0.025627213592262832
14 0.9263056459898753 0.6708723886744608 0.051622328214761204 0.06412280265191972
