21 0.31859190620259303 0.97367748246485 0.08716811906310618 0.020779903774781783
23 0.10777117071755112 0.9736738979680741 0.09315855046468349 0.018269530005180612
4 0.9361797427419336 0.9429702985886164 0.057224249399822624 0.02047543769864979
2 0.8841714557712237 0.9115897961670485 0.1566553579951352 0.029518819833993404
23 0.36384751350482336 0.08064014290549337 0.09700252460076364 0.024613911232592933
34 0.17941958994604582 0.0166256789385692 0.0917042203797131 0.016825677438479958
18 0.08599382811422912 0.026269333163055575 0.06019849369286083 0.029304301256816823
19 0.20466245052559812 0.04503423932307005 0.05547418894269354 0.010564046262667937
14 0.14584460695074677 0.22170018484082155 0.04609454868226498 0.07332338022540963
34 0.7239443424559289 0.01659684164246239 0.09170422037971304 0.016825677438479958
18 0.6305185806241117 0.026240495866948377 0.06019849369286101 0.02930430125681671
19 0.7491872030354809 0.045005402026963126 0.055474188942693625 0.010564046262667937
14 0.6903693594606302 0.22167134754471463 0.046094548682265035 0.0733233802254094
18 0.9434307738003824 0.02615930538307859 0.06019849369286079 0.02930430125681671
