11 0.5396395673817396 0.5593531392043398 0.09999052778082052 0.017883328360461692
12 0.4658399459332286 0.4948904886429333 0.36018167527788403 0.09723848439714255
21 0.7603719781832234 0.9742030586142953 0.07225430593584259 0.03777720130055273
24 0.39975001222446827 0.8573916474101073 0.07355171916337233 0.0373586734233049
3 0.733599785216765 0.715062275253094 0.11925826166384124 0.09601925538649148
4 0.8671446698313036 0.7065508450242668 0.07119563957961894 0.024800030241390214
2 0.3160572969833796 0.7210009924821267 0.08728533717548509 0.08481246615525517
23 0.760349330240129 0.5536091191342363 0.06276093657574733 0.040373353831625436
24 0.39984505002464854 0.34533814656517364 0.07508069519823063 0.03773015545923297
3 0.7342562300463853 0.1755535173831178 0.11925826166384124 0.09601925538649148
4 0.8678011146609234 0.16704208715429125 0.07119563957961894 0.024800030241390214
2 0.31671374181300066 0.18149223461215097 0.08728533717548514 0.08481246615525528
