4 0.6846458242415199 0.8625729704454329 0.020289553216470968 0.096578065985512
2 0.6706447843108228 0.7089423713985585 0.04560851657946707 0.15780910494994882
21 0.8825171140940753 0.15782894437547618 0.046458032958906714 0.12121751317749209
6 0.13198551683302573 0.32287154116405536 0.08098893749980166 0.4839386152405114
23 0.0840515714471173 0.7190305250055011 0.03303049645992154 0.08423178329902925
24 0.254443500015559 0.23519583313735673 0.030868026756604494 0.10076619618709898
2 0.35300826904594107 0.6961139711076569 0.05541962760769209 0.13323731374090586
4 0.3715398106517171 0.8619353501600535 0.020289553216470968 0.09555204259369932
2 0.35971776717119 0.12231808660099888 0.06938729625439116 0.11714611041973005
23 0.45287709445575564 0.6461318463207117 0.033030496459921566 0.08423178329902925
