11 0.4462337214895841 0.33236660395221773 0.12855925000391222 0.011769520536737355
12 0.5405331303556777 0.03834784490714875 0.463090725357279 0.06350641140619825
12 0.5411189490662413 0.3747912843216952 0.46309072535727935 0.06399537692343965
21 0.16243490760196216 0.05934222349325191 0.0928983933460833 0.02486223691504358
24 0.6260917209775043 0.13621909313305253 0.09456649606719303 0.024586791967258756
3 0.19685629855883702 0.22989004939008192 0.15333205071065303 0.06319296807702096
2 0.7336966405731898 0.2259816128294969 0.11222400493990947 0.05581746541055216
23 0.16246402638594065 0.3361469048456456 0.08069263274024652 0.026570837792636248
24 0.6259695295201297 0.47321587989602354 0.09653232239772513 0.024831274725879482
6 0.5411336742766375 0.7297724385054862 0.4636050599783047 0.06515021425476641
3 0.19601229806361092 0.5849559117123915 0.15333205071065292 0.06319296807702102
2 0.7328526400779628 0.581047475151806 0.11222400493990947 0.055817465410552214
23 0.16162002589071456 0.6912127671679549 0.08069263274024663 0.026570837792636248
24 0.6251255290249031 0.8282817422183326 0.09653232239772536 0.024831274725879537
2 0.19710271558005177 0.9485400541456668 0.15333205071065303 0.06319296807702102
2 0.7339430575944046 0.9446316175850811 0.11222400493990914 0.055817465410552325
