21 0.8159904329185453 0.10936196796293204 0.028889720055832013 0.08843927046547134
23 0.8858617585315043 0.10937722358121012 0.03087510058331533 0.07775511970204843
3 0.617815225951994 0.07659280377198714 0.07342972249361912 0.14597211227654164
4 0.6113061985989814 0.24005174254018222 0.01896556405409111 0.08714346284545355
2 0.6285430607375282 0.37360716084637474 0.05191954910084895 0.12563209721347568
23 0.4943456114272121 0.10933424688058449 0.030875100583315218 0.07681938636871471
3 0.2052315393382057 0.07739629224344237 0.07342972249361912 0.14597211227654164
4 0.19872251198519336 0.24085523101163683 0.018965564054091222 0.08714346284545355
2 0.2159593741237396 0.3744106493178304 0.05191954910084895 0.125632097213476
23 0.08176192481342381 0.11013773535203973 0.030875100583315218 0.07681938636871474
