21 0.011294199693318045 0.8571063333806139 0.017033527147329895 0.11280519192024407
3 0.12813931834690057 0.8989037366853905 0.04329454107200559 0.1861889187200786
4 0.1319770742651298 0.6904101923382029 0.01118219385841962 0.11115237607838468
2 0.12181413192424521 0.5200588934782635 0.030612032493818192 0.1602450219559639
23 0.20093763646191715 0.8571416919040163 0.018204117691208777 0.09798391118458505
3 0.3714007765022459 0.8978788789411873 0.04329454107200559 0.1861889187200786
4 0.3752385324204749 0.6893853345940006 0.01118219385841962 0.11115237607838457
2 0.36507559007959056 0.5190340357340598 0.03061203249381811 0.16024502195596435
23 0.4441990946172624 0.8561168341598133 0.018204117691208777 0.09798391118458516
2 0.6204982483684454 0.8992029573540083 0.04329454107200548 0.1861889187200786
4 0.6243360042866735 0.6907094130068228 0.011182193858419454 0.11115237607838457
2 0.6141730619457897 0.5203581141468809 0.030612032493818386 0.16024502195596424
3 0.7828399593649505 0.8992163320198725 0.04329454107200559 0.1861889187200787
4 0.7866777152831795 0.690722787672686 0.011182193858419565 0.11115237607838468
2 0.7765147729422951 0.5203714888127459 0.030612032493818164 0.16024502195596457
23 0.8556382774799671 0.8574542872384987 0.018204117691208888 0.09798391118458516
