18 0.7133115304267358 0.12548970416823374 0.13061448286456656 0.04105304242104238
19 0.7984589724121016 0.21731421502984302 0.04324751237690694 0.04316821015398864
34 0.6912797213548388 0.19289320537381655 0.08360530565560631 0.06572766271642302
18 0.7126432027400402 0.5812812739078924 0.13061448286456534 0.03396380077359051
19 0.7977906447253904 0.6695611639457764 0.04324751237690838 0.04316821015398842
34 0.690611393668129 0.6451401542897494 0.08360530565560764 0.06572766271642294
18 0.4997173815598399 0.7830434876966443 0.13061448286456656 0.04764673962111943
19 0.584864823545207 0.878164847158289 0.04324751237690705 0.04316821015398842
31 0.4776855724879475 0.8537438375022617 0.08360530565560764 0.06572766271642305
32 0.35083317566766264 0.6274638772321346 0.053144395172682546 0.03159057472274429
23 0.9392442623390168 0.3492129732838871 0.08109044866071602 0.0741557513530024
33 0.33588014804461636 0.17568869931775138 0.08012201274358499 0.02937434126423319
