14 0.38531881052798733 0.4030077067323824 0.046812997855566085 0.14244705293291132
14 0.6856843702029491 0.4031222390175254 0.0468129978555657 0.14244705293291193
18 0.33538327608293816 0.7892641234380433 0.03997114412528385 0.063493151392497
19 0.4444060120724489 0.7478730058062606 0.05398516883533694 0.021023096294330412
34 0.4146060755438351 0.7999740306257561 0.08113966638786013 0.040641468027030836
18 0.6361069872002982 0.7887666908791582 0.03997114412528424 0.0634931513924969
19 0.7442740335346341 0.7473755732473757 0.05398516883533644 0.021023096294330412
34 0.7153297866611945 0.7994765980668692 0.08113966638786019 0.040641468027030836
18 0.9352010366982026 0.7891672509343655 0.03847940323003296 0.063493151392497
32 0.6929518604060212 0.9652172625702171 0.03899801983014595 0.02583408098672002
33 0.3923670566890768 0.972697447028422 0.03626211783653632 0.03894820063924265
