14 0.3020531339747079 0.3419568978024403 0.11497968398172231 0.044220747159980645
14 0.30157977898593213 0.8683821473077422 0.11497968398172254 0.04422074715998081
18 0.6136109465814378 0.2896590035577448 0.05125007735717291 0.04787292894701356
19 0.5802010758472695 0.3967377491227485 0.016969315394526285 0.05033947633592162
34 0.6222557147150296 0.36825982906783816 0.032804772398500326 0.07664659039895583
18 0.6138731827813744 0.8211683910717442 0.05125007735717246 0.03960599569037604
19 0.5804633120472122 0.9241136700084298 0.01696931539452673 0.05033947633592151
34 0.6225179509149719 0.8956357499535188 0.03280477239850066 0.07664659039895583
32 0.755839000578832 0.8750230229612515 0.02085262142425892 0.03683852036072455
32 0.8952259944418187 0.34885358066437433 0.02085262142425881 0.03683852036072438
17 0.8600804139260403 0.8574546446273956 0.14356669177410286 0.10205507637545763
23 0.5249602109656324 0.5505480274776273 0.031818001156110554 0.08647478496539052
33 0.7617062199376505 0.34819724545848535 0.03143800948459052 0.03425411782604393
