20 0.26249923420873783 0.64658585423305 0.3092505587041404 0.2654733006109691
14 0.9585115609857575 0.7111435412073253 0.04900999775492354 0.1319972691270227
16 0.6445489188366367 0.6949878778925158 0.04909695185582119 0.16394095127493602
18 0.5856981938027193 0.35233744406855705 0.050242392971125205 0.05883535264169604
19 0.704945323044674 0.391949260485505 0.05651876881677864 0.01948086143103922
34 0.673718271554577 0.3442988749777928 0.0849476651714054 0.03766004759261554
18 0.901401720099487 0.3525787443011865 0.050242392971125205 0.05883535264169604
32 0.9659927484670707 0.029490940463974047 0.04082825180773397 0.024842134247669456
32 0.652574730621091 0.18981574082344388 0.04082825180773397 0.024842134247669456
24 0.15601198666926408 0.2793505274235596 0.09816779766486891 0.03751926028450958
33 0.9656780241375325 0.18305070633370818 0.037963950081571496 0.03609099673134464
