19 0.9468759707353431 0.5664163042247969 0.03983638412785673 0.03719073545925777
34 0.9688657457819029 0.4742474151092275 0.05987405407755575 0.07189645449499316
18 0.8054172359081768 0.49407366724080115 0.029495246301100342 0.11232203686141973
19 0.7255993136767331 0.567296283198746 0.039836384127856395 0.03719073545925766
34 0.7469576637869048 0.47512739408317983 0.05987405407755575 0.07189645449499316
18 0.5847117031997995 0.49336505977213 0.02839447057686917 0.11232203686141962
19 0.5035498940213063 0.5665876757300764 0.039836384127856395 0.03719073545925666
34 0.526802518940643 0.4744187866145103 0.05987405407755575 0.07189645449499427
18 0.3662309854751008 0.49336505977213996 0.03541257723410096 0.11232203686141973
19 0.281560122967993 0.5665876757300775 0.03983638412785673 0.03719073545925666
34 0.3048127478873292 0.47441878661451087 0.05987405407755608 0.07189645449499316
32 0.31921817565174765 0.18192523574801872 0.02877716476015857 0.04570156833031558
32 0.5417992725073348 0.1813396097408549 0.028777164760158902 0.04570156833031669
32 0.7634706373594246 0.18192523574801872 0.028777164760158458 0.04570156833031558
24 0.09777223461296891 0.3503328375113402 0.06919206094953911 0.07162767872497289
33 0.9852762177103505 0.1686924770013173 0.0267583057826859 0.06890099375983971
