20 0.6242379724706217 0.6384346967382499 0.3289836596088086 0.27237648572669926
14 0.7042400821660153 0.025412710991876475 0.16357556317654964 0.04316619834058444
16 0.6842194276275675 0.30193942601669843 0.20316127454645172 0.04324278430544504
18 0.25959520580744616 0.35377297397979907 0.07291079585741278 0.044251646591420335
19 0.3086835333289273 0.2487445008477751 0.024141354596359577 0.04977964693878434
34 0.24963353406338923 0.2762481360234728 0.046669628356399095 0.07481877027815365
18 0.2598942333684559 0.07571295240840109 0.07291079585741278 0.044251646591420335
32 0.058192712312305994 0.2948705870205335 0.030785228565293754 0.03596001828534923
24 0.1691473043191481 0.7322247367014749 0.04649515987410513 0.0864625753677859
23 0.6260054949000042 0.9498663432525696 0.045265800687799285 0.08441258818561181
33 0.04980924851880564 0.019100754575209877 0.04472520647568534 0.03343724697168615
