24 0.8065473886108425 0.3083016989442729 0.16721307189941326 0.02234432048007562
26 0.5364952509689456 0.19797165307648973 0.32036258528196915 0.02987689161494822
35 0.515849274059411 0.2497681100492199 0.12582700776565114 0.029306056974227945
14 0.935984655918023 0.5297082461888427 0.0848485586132135 0.07585937730155035
14 0.3915720790071546 0.529769239713475 0.08484855861321283 0.07585937730155079
19 0.8288891031186865 0.7133643226187187 0.09784811851404818 0.011195731754377047
34 0.8829014880767989 0.7411104305107576 0.14706564532799637 0.021643385339838894
18 0.48143108569945947 0.7351420247285458 0.07244769872707746 0.03381292085990961
19 0.2853783142184756 0.713099417705703 0.0978481185140474 0.011195731754377158
34 0.33783976167658486 0.740845525597741 0.14706564532799649 0.021643385339839005
32 0.37839975301408657 0.8291097848007074 0.07068391094213955 0.013757794608312501
32 0.9218596079153599 0.9210489832708612 0.07068391094213955 0.013757794608312501
17 0.41406707950624766 0.8980017503984703 0.19581817779540955 0.09472003628883119
33 0.9232097097510483 0.8330933149855502 0.06572508857872206 0.02074164531083933
