23 0.06435078890931067 0.23022379826831232 0.0795004398634458 0.08454700313495273
19 0.20341410174231953 0.07952732887763772 0.042399521938144114 0.04985891389250932
34 0.3090895906484611 0.0511896114803256 0.08196598593686893 0.07493790844738636
18 0.2869962520306998 0.49531354111709774 0.12805341457310315 0.0377636052841227
19 0.20176521181791385 0.5964397175601648 0.042399521938144114 0.04985891389250863
34 0.30744070072405993 0.5681020001628533 0.08196598593687021 0.07493790844738712
18 0.28895125438417824 0.7714871976260406 0.12805341457310315 0.037763605284122814
19 0.20372021417139166 0.8726133740691076 0.04239952193814539 0.04985891389250863
34 0.3093957030775377 0.8442756566717968 0.08196598593686893 0.07493790844738712
32 0.642648385160512 0.8250638542851088 0.05406817453904522 0.03601727946096356
32 0.6419139740585283 0.5470144077411472 0.05406817453904522 0.03601727946096278
33 0.6576179304725738 0.03182424422323726 0.07855099288586764 0.03349049099552645
