18 0.5312206070965284 0.12235766510467423 0.12126012998036562 0.023536308215903162
19 0.45217125777322986 0.18655379391068055 0.04015021042949046 0.03178822124314251
34 0.5516745412481283 0.16900662316286735 0.0776176577704567 0.047777671578638437
18 0.5302706032705409 0.2994335559148964 0.12126012998036556 0.023536308215903357
19 0.45122125394724255 0.36312582685288103 0.04015021042949046 0.03178822124314229
34 0.5507245374221375 0.3460825139730892 0.07761765777045682 0.047777671578638437
18 0.5310355986014408 0.47554984902026143 0.12126012998036562 0.022657922714131085
19 0.45198624927814035 0.5403145008114245 0.04015021042948924 0.03178822124314229
34 0.5514895327530354 0.5217596143275682 0.07761765777045804 0.04777767157863855
18 0.5310355986014299 0.6498908075295136 0.12126012998036562 0.0282581580771607
19 0.45198624927813924 0.7174555770021904 0.04015021042948924 0.03178822124314262
34 0.5514895327530347 0.6989006905183341 0.07761765777045682 0.04777767157863866
32 0.8672584324948445 0.6874055979063212 0.049338297905672235 0.022963301016735604
32 0.8678906600410401 0.5097926617352637 0.049338297905673456 0.022963301016735882
32 0.8672584324948445 0.33290566399542365 0.049338297905672235 0.022963301016735715
24 0.6854496953126912 0.864112714308839 0.07732749400812722 0.0552131572653175
33 0.8815441959163498 0.15591156637529396 0.07438383145956173 0.021352313040803095
