18 0.1759817794052188 0.19392336321643955 0.1638532939161229 0.01445553625793286
19 0.0691659919683783 0.22278221634124362 0.05425315172730267 0.013096795961972774
31 0.203620249567091 0.21537313036085567 0.10488120781169413 0.019941104451253744
32 0.36185100018120564 0.642836658448189 0.06666859609476133 0.009584259110798521
32 0.36270530048556315 0.5687058355123876 0.066668596094763 0.009584259110798632
32 0.36185100018120564 0.4948779995913103 0.06666859609476133 0.009584259110798576
32 0.8073771519075421 0.42118852774029014 0.06666859609476139 0.009584259110798576
32 0.3627540807036491 0.14672209156703744 0.066668596094763 0.009584259110798687
32 0.8083927850971407 0.009828855308443142 0.06666859609476306 0.009584259110798625
17 0.6960277033047599 0.14215133550899192 0.4590017529121855 0.026551617328191057
17 0.6956930700312969 0.49004175193135624 0.4590017529121853 0.026551617328191224
17 0.6960422670457838 0.5639009382443705 0.45900175291218714 0.026551617328191113
24 0.11449691825051693 0.8955214578876154 0.10448912272782782 0.023044474536583648
24 0.11618112950854684 0.7165894167772061 0.10448912272782784 0.02304447453658387
33 0.3815123590838146 0.009658096911656781 0.10051148552062639 0.008911876417453793
33 0.38115470200883106 0.4210054630846036 0.10051148552062633 0.008911876417453835
