18 0.4715399775873961 0.5222481827337584 0.11544209344090373 0.027178503625632566
19 0.5467965550997281 0.4481178346986866 0.038223811444237255 0.03670738326435563
34 0.45206741906428183 0.46838039412025295 0.0738935782309651 0.05517116823559076
18 0.4724444004217325 0.31777016110647965 0.11544209344090373 0.02717850362563279
19 0.5477009779340646 0.24422164191079976 0.038223811444237255 0.03670738326435541
34 0.4529718418986218 0.2639023724929744 0.0738935782309652 0.05517116823559076
18 0.4717161094122648 0.11440023296019042 0.11544209344090361 0.026164189769541712
19 0.5469726869245987 0.03961338417438076 0.03822381144423592 0.03670738326435541
34 0.45224355088915574 0.06103960127473085 0.07389357823096632 0.05517116823559065
32 0.1510232857690098 0.07485841522950198 0.04697105633949206 0.026516824737965905
32 0.15162517916526164 0.2791183129712868 0.046971056339490946 0.026516824737965572
23 0.6714533226021939 0.8637740361273064 0.0716708510890155 0.06224562481682283
33 0.13802484378670743 0.48350188408011185 0.07081491025316855 0.024656539677832434
