18 0.44413010103677636 0.9371063787465213 0.09034598617114187 0.04349580411381726
19 0.5030265530029493 0.8184700056247273 0.029914287217229107 0.05874558710036659
34 0.4288907074099913 0.8508977039110237 0.05782975687640757 0.08829457130386276
18 0.44483791021147445 0.6098648169302572 0.09034598617114198 0.043495804113817704
19 0.5037343621776473 0.4921595882737565 0.029914287217228996 0.05874558710036615
34 0.4295985165846921 0.5236561420947601 0.05782975687640757 0.08829457130386287
18 0.44426794333449976 0.28439662047850367 0.09034598617114187 0.04187252133849739
19 0.503164395300674 0.16470959981378386 0.02991428721722822 0.05874558710036615
34 0.42902854970771875 0.1989995870306669 0.057829756876408345 0.08829457130386276
32 0.19329095091803933 0.2211148746543437 0.036759957135254706 0.042436869608789674
32 0.1937619979238016 0.5480073564062058 0.03675995713525382 0.04243686960878923
33 0.18311825719275926 0.8750977619518489 0.055420364545958 0.039459715469401635
