18 0.6570790326539654 0.974008349709693 0.10936619378612034 0.015966310903566705
19 0.7283747376656353 0.938296046734727 0.036212031894539365 0.016788939962116167
34 0.638631345632042 0.9477938429942137 0.07000444253459859 0.025562741175968906
18 0.6565194281316127 0.7967423182411456 0.10936619378611911 0.013209169665340026
19 0.7278151331432695 0.7624085858852928 0.036212031894540475 0.016788939962116167
34 0.6380717411096772 0.7719063821447798 0.0700044425345997 0.025562741175969017
18 0.47823225728694735 0.7182731465557863 0.10936619378612022 0.01853072545829526
19 0.5495279622986184 0.6812786363034575 0.036212031894539254 0.016788939962116056
31 0.4597845702650278 0.6907764325629444 0.0700044425345997 0.025562741175968906
18 0.6572483998196383 0.44512639862677655 0.10936619378611923 0.012592755889551666
19 0.7285441048313214 0.41077920314936417 0.036212031894540475 0.01700782070857987
34 0.6388007127977406 0.4201675590356195 0.0700044425345987 0.025562741175969017
18 0.6581052214521677 0.35038454504281763 0.10936619378611923 0.012592755889551888
19 0.7294009264638507 0.3163069313144553 0.036212031894540475 0.017007820708579757
34 0.6396575344302732 0.3254257054516606 0.07000444253459848 0.025562741175968906
18 0.6574152615484614 0.2561561101113757 0.10936619378611923 0.012122788633035841
19 0.7287109665601461 0.22150473476412108 0.036212031894539365 0.017007820708579646
34 0.6389675745265686 0.2314322541484765 0.07000444253459959 0.025562741175969017
18 0.6574152615484712 0.16287754187041242 0.10936619378611923 0.015119112279197933
19 0.7287109665601472 0.1267280047000774 0.036212031894539365 0.017007820708579757
34 0.6389675745265692 0.13665552408443282 0.07000444253459848 0.025562741175969128
32 0.35417122236709 0.142805804487927 0.0444988954795178 0.012286176806890037
32 0.3536010075706409 0.23783499630133903 0.044498895479518796 0.012286176806890148
32 0.35417122236709 0.3324757854234154 0.0444988954795178 0.012286176806890037
32 0.0567985038703247 0.42693920398311525 0.0444988954795178 0.012286176806890037
32 0.35356844852555486 0.7787810233035262 0.044498895479518796 0.012286176806890148
32 0.05612060516243478 0.954266106177118 0.04449889547951891 0.012286176806890148
24 0.5181470451366398 0.04826125823237032 0.06974273981115786 0.029540988542280266
23 0.8466399898336574 0.603367329069306 0.06789870103169893 0.02884058553435631
23 0.8462571574608992 0.8869981049042568 0.06789870103169993 0.0288405855343562
33 0.34104797085075533 0.9544850034158012 0.06708780971352812 0.011424241360777243
33 0.3412866941137228 0.4271738767628113 0.06708780971352812 0.011424241360777354
