32 0.15593429979137713 0.6915521466842689 0.0784832840102887 0.008968616772991544
32 0.15693999508638018 0.6221830974659932 0.0784832840102906 0.008968616772991655
32 0.15593429979137713 0.5530975729720429 0.0784832840102887 0.008968616772991544
32 0.6804144530894695 0.4841415247688679 0.0784832840102887 0.008968616772991544
32 0.1569974199000764 0.22730536720785421 0.07848328401029064 0.008968616772991655
32 0.6816100719076045 0.09920543161297618 0.0784832840102907 0.008968616772991544
17 0.5493321908102449 0.2230282124509203 0.54034383570675 0.024846081242875018
17 0.5489382554376872 0.5485719803957181 0.5403438357067498 0.02484608124287513
17 0.5493493354673993 0.6176868414975076 0.5403438357067518 0.02484608124287513
33 0.17907995014508132 0.09904564183644332 0.11832364751162344 0.008339424403327134
33 0.17865891080364504 0.483970219222706 0.11832364751162344 0.008339424403327023
