18 0.27225481909337423 0.5681325311970489 0.04193149553989489 0.09938058478825718
19 0.3660441911003817 0.5033464340342705 0.0440919236380255 0.032905715938950975
34 0.34110062061006086 0.5848958641865356 0.06713410343075449 0.0636127325640482
18 0.7377994181427261 0.5686410413934477 0.034690558279444894 0.09938058478825618
19 0.8279683215195092 0.5038549442306812 0.04409192363802528 0.03290571593895203
34 0.8030247510291877 0.5854043743829453 0.06713410343075443 0.0636127325640492
18 0.9438789403577708 0.7306498183783827 0.048666284691471606 0.09938058478825718
32 0.7849702369446625 0.8439312793833003 0.03226654993079159 0.04043595284878021
23 0.5007653193598619 0.3962271916985742 0.07574253633202521 0.061699254415762184
33 0.3235279724843224 0.855308583009531 0.030002893502412198 0.060962401000553834
