18 0.13942493824482372 0.5139819704983348 0.09070450198928139 0.04309156801610525
19 0.08029477019941995 0.631515775096692 0.03003299470618631 0.05819962439497284
34 0.15472480565584207 0.599389449471049 0.05805924003861551 0.08747398978616894
18 0.1387143203035594 0.8381822538590575 0.09070450198928139 0.0430915680161057
19 0.07958415225815561 0.9547935677510926 0.03003299470618631 0.058199624394972393
34 0.15401418771457498 0.923589732831771 0.058059240038615484 0.08747398978616883
32 0.39078656557650077 0.8994648309209894 0.03690582998102865 0.042042474909822714
32 0.6374171138535799 0.576217333581942 0.03690582998102854 0.042042474909822714
17 0.8424662706396715 0.5550288557435945 0.25409025607638835 0.11647177861436997
17 0.5755919971006584 0.8782500642342022 0.25409025607638824 0.11647177861437008
33 0.40147254337393623 0.5754142990328337 0.0556402866274896 0.0390929894892027
