18 0.8877438992175781 0.8629675195095309 0.14842554870973323 0.011063731280205102
34 0.8627077525449518 0.8421654456453774 0.09500602915409961 0.021410830984967655
18 0.6457827387855323 0.7972433406775262 0.1484255487097348 0.015520957947553038
19 0.7425411955870859 0.7662574929184099 0.04914490042830333 0.014062073917313844
31 0.6207465921129274 0.7742126534797 0.09500602915409961 0.021410830984967655
18 0.8887332179370417 0.5684611919344384 0.14842554870973312 0.010547435665452576
34 0.8636970712644663 0.5475561766080872 0.09500602915409806 0.021410830984967655
18 0.8898960472954742 0.4891073464166637 0.14842554870973323 0.010547435665452576
34 0.8648599006229032 0.4682023310903126 0.09500602915409806 0.021410830984967655
18 0.8889596731404444 0.41018352989765355 0.14842554870973323 0.010153800670345325
34 0.8639235264678756 0.389475332068856 0.0950060291540995 0.021410830984967655
18 0.8889596731404577 0.33205530235824793 0.14842554870973323 0.012663460284805805
34 0.8639235264678764 0.3100922747222206 0.09500602915409806 0.021410830984967766
32 0.4774141913942975 0.31524362423215374 0.06039135815077401 0.010290651274560747
32 0.47664032845625937 0.3948381383943427 0.060391358150775565 0.010290651274560858
32 0.4774141913942975 0.474107334378757 0.06039135815077401 0.010290651274560747
32 0.07383693057725876 0.553227968395321 0.06039135815077412 0.010290651274560747
32 0.47659614118078525 0.8479235049598688 0.060391358150775676 0.010290651274560858
24 0.7014784409354083 0.04393510436088616 0.0946508611722856 0.02474292989369309
24 0.6999528080101151 0.23605503931109806 0.0946508611722856 0.0247429298936932
33 0.4596040643364146 0.9950895774742903 0.09104774175407393 0.00956871171300766
33 0.45992804590758474 0.5534245255324547 0.09104774175407382 0.00956871171300766
