32 0.08413033451089863 0.4805316570079543 0.01133777017618287 0.043769474626845994
32 0.17116471139644895 0.7630086862127345 0.01133777017618276 0.043769474626846105
32 0.6079726747179316 0.7642711359397815 0.01133777017618276 0.042178091406889884
32 0.6956662797948698 0.7637306602370246 0.01133777017618287 0.04217809140689088
32 0.7830014641426104 0.7642711359397815 0.01133777017618276 0.042178091406889884
32 0.8701729696906844 0.4824076521945482 0.01133777017618287 0.042178091406889884
17 0.8758869551929553 0.24806575872472925 0.03140943202733382 0.2903888640873009
17 0.7887225390686713 0.5530649284836011 0.03140943202733393 0.290388864087301
17 0.7013502685430004 0.5528440079234158 0.03140943202733393 0.290388864087302
17 0.08961140699476894 0.24355400778381914 0.03140943202733382 0.290388864087301
24 0.3090573230001141 0.920760453079605 0.027260631531998758 0.06610536335842176
24 0.5207263039628038 0.9196949316714635 0.02726063153199887 0.06610536335842165
33 0.8703895273786142 0.7520585898855694 0.010542370097840092 0.06358889900284526
33 0.0842177316430111 0.7510893397308189 0.01054237009783987 0.06358889900284526
