14 0.842473667447095 0.47273988120748045 0.050940973276225265 0.09786438751116067
14 0.2360475826511187 0.47233698745749186 0.0509409732762256 0.09786438751116067
18 0.902719271698958 0.737920767510155 0.05514817706091246 0.0436212490482808
19 0.7793677711794229 0.7094841218089356 0.05798956561023616 0.014443348599157857
34 0.8121734802107831 0.745278719013174 0.08829457130386276 0.02792161925521197
18 0.29043641253648983 0.7381439685505591 0.04562491811236569 0.04362124904828035
19 0.1718465414912272 0.7097073228493448 0.05798956561023594 0.014443348599158412
34 0.20465225052258806 0.7455019200535828 0.08829457130386276 0.027921619255212415
32 0.22839749324914 0.8589774699583188 0.042436869608789674 0.01774860525805244
32 0.8345288958200265 0.9776160181699449 0.04243686960878945 0.01774860525805244
23 0.6021829477086993 0.6624661337608245 0.09961635641416466 0.027081733808445252
33 0.8352849742748405 0.8639713246034202 0.03945971546940141 0.026758305782685787
