19 0.5063295611524683 0.9617094496489368 0.032274262967841916 0.02189608246468211
34 0.5863140768668325 0.973796137192011 0.06239201914597492 0.032909794758712474
18 0.5691087791748272 0.8839566065900888 0.09747349467504862 0.016212072442422953
19 0.5055659120215574 0.8400846577272113 0.03227426296784208 0.021896082464681887
34 0.5855504277359186 0.8518242823332217 0.06239201914597481 0.032909794758712474
18 0.5697237114557423 0.7626457333671626 0.09747349467504873 0.015607030680712675
19 0.5061808443024711 0.7180351165739488 0.03227426296784103 0.021896082464681887
34 0.5861653600168322 0.7308159299911506 0.06239201914597581 0.032909794758712474
18 0.5697237114557335 0.6425577304779225 0.09747349467504862 0.019464535458743493
19 0.5061808443024702 0.596018361295694 0.03227426296784108 0.02189608246468211
34 0.5861653600168317 0.6087991747128958 0.06239201914597481 0.032909794758712585
18 0.5719270915964417 0.0332330074358696 0.09747349467504862 0.019464535458743604
32 0.8399923860353015 0.6167171231204711 0.03965999639752327 0.01581737867236699
32 0.8405005945319235 0.7390589008327029 0.039659996397524266 0.01581737867236699
32 0.8399923860353015 0.8609006440311242 0.03965999639752327 0.015817378672366877
24 0.6928457146948704 0.19969885271694243 0.06215877450120244 0.03803144049394214
23 0.08207794178613512 0.29543072021389244 0.06051526019456321 0.03712973284527965
24 0.6938476228846153 0.4949992841998556 0.06215877450120255 0.03803144049394258
33 0.8514758248623964 0.9828161588254094 0.059792546823570825 0.01470771212950428
