19 0.3623027598350043 0.9044520420841409 0.02510220453054368 0.0527127911186791
34 0.42451293872395424 0.9335496232063563 0.048527126002424925 0.07922728367838194
18 0.41113104051906124 0.7172692717572846 0.07581271808059342 0.03902906328731459
19 0.3617088105109626 0.6116516170873942 0.025102204530543792 0.05271279111867866
34 0.42391898939991013 0.6399136763240861 0.048527126002424925 0.07922728367838183
18 0.4116093211819952 0.425224576961351 0.07581271808059342 0.03757248126838231
19 0.3621870911738954 0.31782864764435476 0.025102204530543015 0.05271279111867877
34 0.424397270062843 0.3485972725376186 0.04852712600242559 0.07922728367838194
18 0.41160932118198845 0.1361238292650323 0.07581271808059342 0.04685906684512342
34 0.4243972700628425 0.05485323205293069 0.048527126002424814 0.07922728367838228
32 0.6218182902994303 0.07391495970079742 0.03084666386474033 0.03807887458162407
32 0.6222135635745806 0.3684414616006149 0.03084666386474111 0.0380788745816244
32 0.6218182902994303 0.6617641767079254 0.03084666386474033 0.03807887458162407
32 0.827957256023556 0.9545371625133252 0.03084666386474033 0.03807887458162407
17 0.776282531573353 0.6809788980505038 0.21237394537727983 0.10549127423321725
17 0.7764441003412498 0.38753162583044753 0.2123739453772806 0.10549127423321725
33 0.6307498538316151 0.9552644901015748 0.0465053141961107 0.035407455126584275
