18 0.43188111699072507 0.8889973651529011 0.12628472100165267 0.02134638952321455
19 0.3495562421429957 0.8412512868835385 0.0418138931820925 0.022446215301565542
34 0.4531825898502939 0.8539495025071513 0.08083385905928786 0.034176475312243215
18 0.4325272901684694 0.6519989890210233 0.12628472100165145 0.017660189799485027
19 0.3502024153207551 0.6060960106135251 0.04181389318209361 0.02244621530156543
34 0.45382876302805203 0.6187942262371383 0.08083385905928908 0.034176475312243104
18 0.638394796834409 0.5470884987721154 0.12628472100165278 0.024774920529209488
19 0.5560699219866783 0.4976281549997568 0.04181389318209239 0.022446215301565542
31 0.6596962696939734 0.51032637062337 0.08083385905928919 0.034176475312243215
18 0.43168554937953363 0.18190101660994618 0.12628472100165156 0.01683606651609626
19 0.3493606745317891 0.1359800384880025 0.04181389318209372 0.022738851070802757
34 0.45298702223907295 0.14853193622699756 0.08083385905928786 0.034176475312243104
18 0.43069618075412686 0.05523452971955489 0.12628472100165156 0.016836066516096482
34 0.4519976536136625 0.0218654493366065 0.08083385905928786 0.034176475312243104
32 0.7816475940623104 0.031291155384537195 0.051382702515023304 0.016426181192073175
32 0.7823436146859617 0.6279853768349976 0.051382702515024525 0.016426181192073175
23 0.21299581284400887 0.3934635096707279 0.07840236748964136 0.03855883657861281
23 0.21343786790426555 0.7726677640731567 0.07840236748964258 0.0385588365786127
33 0.7968009618353157 0.8628953458885185 0.0774660344205933 0.015273804172251881
33 0.7965253090068063 0.15789913371120945 0.0774660344205933 0.015273804172251992
