2 0.6694579088755226 0.8644960229051857 0.3473844266920415 0.030162277372027813
24 0.6477075724283815 0.4213950580622871 0.2477230694806123 0.013700463169642796
2 0.6693133064464211 0.7148418693440368 0.3455348307291659 0.024389947828089564
2 0.6698985177110173 0.7827794470676703 0.3481478422340252 0.024354755975632192
4 0.7898072377434313 0.747616101801342 0.12502180718316025 0.014958529664469866
14 0.4559486578992252 0.2856392068719658 0.12570156831587187 0.04651332340666492
18 0.32186250059307464 0.15951466264154596 0.10732992404011399 0.020732457597549936
19 0.6146087361204646 0.17303012962335257 0.14496017557636753 0.006864684504271135
34 0.534590388034372 0.15601755009045604 0.21787503011555032 0.013270683437397901
32 0.4768746549402076 0.045687879645258944 0.10471690509946596 0.008435618281377955
33 0.4748745040725211 0.09961806718346311 0.09737050159810678 0.012717779800569096
