19 0.733464320875718 0.0119553062466764 0.05504228847969972 0.010628761509716561
18 0.8971993859076686 0.16145883773318573 0.16623661455490113 0.007972236448646697
34 0.8691589016343839 0.17725980873982955 0.10640675265258992 0.01618328971972452
18 0.898501754789113 0.22143811986800993 0.16623661455490124 0.00797223644864678
34 0.8704612705158334 0.23723909087465367 0.10640675265258981 0.01618328971972452
18 0.8974530157354796 0.2810923663290776 0.16623661455490113 0.007674709034875882
34 0.8694125314622025 0.29674457362883583 0.10640675265259147 0.016183289719724492
18 0.8974530157354945 0.3401452700882293 0.16623661455490113 0.009571625070840195
34 0.8694125314622033 0.35674593540596944 0.10640675265258981 0.016183289719724603
18 0.8936952510591594 0.6397788168386198 0.16623661455490124 0.009571625070840195
34 0.8709826394827096 0.6565474286249091 0.10640675265258992 0.016183289719724492
18 0.8943770338982615 0.6999231612569174 0.16623661455490113 0.009571625070840306
34 0.8678364223218159 0.7163504387928625 0.10640675265258981 0.01618328971972438
18 0.896517592818328 0.8122616588107074 0.16623661455490113 0.00815527651940473
34 0.8699769812418567 0.8279807620709325 0.10640675265259159 0.016183289719724603
18 0.8939796443085395 0.8719030124171779 0.16623661455490113 0.008155276519404842
34 0.8674390327320691 0.8876221156774031 0.10640675265258992 0.016183289719724603
18 0.6259722816749598 0.9219311919493003 0.16623661455490124 0.011061254264728704
19 0.7340656684239151 0.9452229837126898 0.055042288479701496 0.01076733078558989
31 0.5994316700984879 0.939103284082184 0.10640675265258981 0.016183289719724492
32 0.4348164599916262 0.8834732119982973 0.07019032112886969 0.0077781470087637805
32 0.43576985913129235 0.8234267703099865 0.07019032112886958 0.0077781470087635585
32 0.4344975658902397 0.6525193950357924 0.07019032112886969 0.0077781470087635585
32 0.436522076179795 0.35285230878188667 0.06763832112886692 0.007778147008763614
32 0.43565534968919234 0.29269111822876026 0.06763832112886858 0.007778147008763725
32 0.436522076179795 0.23277581810023806 0.06763832112886692 0.007778147008763614
24 0.6874740356658391 0.55791975261856 0.10600896451295994 0.018701843158988152
24 0.6857653267895105 0.41270667936527045 0.10600896451295994 0.018701843158988263
33 0.41693759323467683 0.17282424101776633 0.10197347076456276 0.007232471920629674
33 0.4153832684410587 0.7121683718611393 0.10197347076456265 0.00723247192062948
