18 0.723130146729607 0.7500244217192563 0.19704771121809417 0.029299248111582576
19 0.8557955836087819 0.6804845168771059 0.06524409194792002 0.032959366236311016
34 0.6962078700764875 0.6986948184829098 0.12612869387699233 0.04953790158416693
18 0.7239382944914737 0.565919417963036 0.19704771121809417 0.029299248111582354
19 0.8550912313706549 0.49690193417351947 0.06524409194792002 0.03295936623631146
34 0.6924785178383595 0.5156346568319532 0.12612869387699233 0.04953790158416693
18 0.7264755949355179 0.2220453643983818 0.19704771121809406 0.0249637306509779
19 0.8576285318146757 0.1551956393391754 0.06524409194792014 0.032959366236310905
34 0.6950158182823734 0.17392836199760853 0.1261286938769942 0.04953790158416749
18 0.7234672507967602 0.039480041990364756 0.19704771121809417 0.0249637306509779
32 0.18033065198752313 0.18786837046164162 0.08319973409672043 0.023809317369983818
32 0.17882254577506862 0.7110248413009638 0.08319973409672055 0.023809317369983818
33 0.1561655121607377 0.5284361838187442 0.12087372612178782 0.022138977205463872
