14 0.7143798676278574 0.44179090343400174 0.058390405927372435 0.0698174799943474
19 0.09160640421799483 0.2726076516979139 0.06646976015108791 0.010304036304913167
34 0.054003301177747605 0.24707141080612227 0.10120646560206208 0.019919575887993313
18 0.6520374024044107 0.25216141658203817 0.052296949148152416 0.031119856366642606
19 0.7879694481401633 0.2724484177357975 0.06646976015108763 0.0103040363049135
34 0.7503663450999152 0.24691217684400607 0.10120646560206215 0.019919575887993646
18 0.9627078219156932 0.20143028151527842 0.07336573240585276 0.03111985636664283
32 0.7231486797810933 0.16595752994124024 0.048642691401042715 0.012662041055438333
32 0.028378706511668416 0.08131954592096513 0.048642691401042486 0.012662041055438333
17 0.6999508640886472 0.10266049746628464 0.1347565954721096 0.08717596260211014
23 0.29470212660486705 0.30615077727614426 0.11418390961021443 0.01932039280548037
33 0.0275120617451828 0.16239486168523876 0.045230168484281616 0.0190896558613034
