0 0.5104587149269771 0.2232504933675129 0.05656257589957736 0.18279271850585954
31 0.6034025448522176 0.25699630279541213 0.009155636832735126 0.12061183776855466
23 0.8258329002504048 0.7749493367513025 0.013145742024664342 0.1382695780436206
2 0.2953217202198447 0.5587126134012976 0.02490960396523284 0.19436334228515528
2 0.2259366535775968 0.559041794737634 0.024873662309527117 0.19583316125664052
4 0.2618491947134256 0.6264904497558728 0.015277238494745882 0.07032476654052766
2 0.14251516136455705 0.5615793486685572 0.030804919687504012 0.19540374001427452
11 0.45098605323684726 0.39194464324264655 0.01589624156094771 0.17954442391891234
14 0.733877474980041 0.4401442832971606 0.04750434372936385 0.07070713217767621
19 0.8487519335816409 0.07432215876757675 0.007010944572448996 0.08154009876170676
18 0.8629209428800269 0.3577514399351974 0.02117418666169424 0.07248511902605048
19 0.8488276212700361 0.52849781910197 0.007010944572448996 0.08154009876170798
34 0.8663015210104218 0.4821538437751159 0.013553430745466555 0.1225547044399965
32 0.9791966369891116 0.4509374548196803 0.008940406813542912 0.058903259118449736
33 0.9239321913750389 0.45048339940675264 0.012988746855143396 0.054770907148933956
