18 0.7892483249131118 0.39218665584417284 0.030240718491220564 0.11371907712089124
19 0.7216080473648483 0.46632000085630737 0.03179880501055121 0.03765330679581458
34 0.7395971861649664 0.37300473252286953 0.04841667335901123 0.07279068900363728
18 0.45350062539295166 0.39160477850501013 0.025018602215937102 0.11371907712089013
19 0.3884714059823294 0.4657381235171309 0.03179880501055121 0.03765330679581569
34 0.406460544782448 0.3724228551836944 0.04841667335901123 0.07279068900363839
18 0.3048774308736652 0.20622160086055702 0.03509780408304686 0.11371907712089124
19 0.23480861052949092 0.28035494587269266 0.03179880501055121 0.03765330679581458
31 0.2527977493296097 0.18703967753925776 0.04841667335901112 0.0727906890036385
32 0.41948134146274846 0.07659604846687035 0.023270423355437164 0.04626999579711166
23 0.08724202964669991 0.5892923277374846 0.05462501848636814 0.0706011368936571
23 0.6244480567168074 0.5888942582553629 0.05462501848636803 0.0706011368936581
33 0.75227046428857 0.0635772433224272 0.021637889244023545 0.06975797129416605
