19 0.9705263126045597 0.08678389735282713 0.021490321156139913 0.03401489737509539
34 0.9827405106316784 0.17156176148651825 0.032299935830445214 0.06575698197631957
18 0.7913130378712853 0.15383744264035915 0.016276969195901936 0.10273049214066929
19 0.7477253653893045 0.08546108004268595 0.02149032115613969 0.03401489737509539
34 0.7599395634164229 0.17023894417638064 0.032299935830445436 0.0657569819763206
18 0.672275936781638 0.15540583778685757 0.016276969195901825 0.1027304921406693
19 0.6286882642996572 0.08702947518918387 0.02149032115613958 0.034014897375096415
34 0.6409024623267753 0.1718073393228786 0.032299935830445436 0.06575698197631957
18 0.5724255963016023 0.3210283652570473 0.022076957722601986 0.10273049214066932
19 0.5259379295562786 0.2542290813110637 0.02149032115613969 0.03401489737509644
31 0.5381521275833966 0.3374298667930693 0.032299935830445214 0.06575698197631957
18 0.22804905985905116 0.15496539346949698 0.01627696919590227 0.10273049214066926
19 0.1844613873770708 0.08658903087182071 0.02149032115613958 0.03401489737509539
34 0.19667558540419006 0.17136689500551697 0.032299935830445214 0.06575698197631957
18 0.10829342496000943 0.15418119589625032 0.016276969195901603 0.10273049214066926
19 0.06470575247802918 0.0858048332985715 0.02149032115613958 0.034014897375096415
34 0.07691995050514722 0.1705826974322662 0.032299935830445214 0.06575698197631957
32 0.08520715702079562 0.4389480824255494 0.015524263213099188 0.04179896249536724
32 0.20482010368356485 0.4384404274154436 0.015524263213098521 0.04337604114705429
32 0.6491831842889169 0.43915836742090514 0.015524263213098854 0.04337604114705429
32 0.7690287933689497 0.43856918817729124 0.015524263213098632 0.04337604114705429
32 0.9909677538429944 0.7192933466505442 0.015524263213098632 0.04337604114705429
17 0.7767445272940531 0.6472343633371243 0.04300742408684388 0.28777862710674096
17 0.6570309561425712 0.648215362846266 0.04300742408684388 0.28777862710674107
17 0.21239617935797994 0.6467369058415887 0.04300742408684388 0.28777862710674196
17 0.09307601949493444 0.6481627196111301 0.04300742408684333 0.28777862710674196
33 0.9910874225310962 0.4511676430982221 0.014435160154557702 0.06301731339383093
