14 0.44838075867022487 0.9364415510591555 0.0888751110153348 0.07201999670087034
14 0.44801487249172567 0.07908053462346487 0.0888751110153348 0.07201999670087056
19 0.6633789945023956 0.8472228701289984 0.013116663199235323 0.08198524793171313
34 0.6958856997623972 0.8936033553112662 0.025356895129516666 0.12483025598132325
18 0.6894063076611663 0.15597508722002396 0.03961444454297902 0.06450419457265477
32 0.7991407179517488 0.06826489098618466 0.016118317426723427 0.05999695358484047
32 0.9068817911976623 0.9252092877243348 0.01611831742672354 0.05999695358484025
17 0.879715536587546 0.09687758142912217 0.11097182761048507 0.16621171590061268
23 0.6206798164483052 0.5967201886703895 0.024594156872834172 0.14083691768899131
33 0.8036758649778026 0.9262782262294165 0.024300437140602038 0.05578787359467097
