18 0.05433263311573509 0.5137137800301487 0.05535589147545447 0.12950444476656742
19 0.1781487343905228 0.42928997069621655 0.058207982053212565 0.042879969778802984
34 0.14521946336657748 0.5355583499314629 0.08862713089446116 0.0828947789786465
18 0.6689216424068757 0.5143764278781471 0.04579676337832561 0.12950444476656608
19 0.7879581796330997 0.42995261854423045 0.058207982053212426 0.04287996977880426
34 0.7550289086091535 0.5362209977794754 0.08862713089446117 0.08289477897864772
18 0.940977659493027 0.7254926811729634 0.06424682781303492 0.1295044447665673
32 0.7311942299401288 0.8731115821992015 0.04259670715910524 0.05269274308906191
23 0.3560009206615126 0.28970115632108817 0.09999155926318215 0.08040129470609236
33 0.12202092036065913 0.8879375302673775 0.03960833963312796 0.07944108912253478
