19 0.7896200640384692 0.8840225861447385 0.02402639576494836 0.06333696407839318
34 0.7300760356733231 0.919853411787597 0.04644739203089243 0.09643648873966981
18 0.7419446364428794 0.35000534402038747 0.07256360159142505 0.04983213392190755
19 0.7892487708791851 0.22047993158775425 0.024026395764949027 0.06333696407839295
34 0.7297047425140399 0.2563107572306136 0.0464473920308931 0.09643648873966981
18 0.6236525135649904 0.05397717788771056 0.07256360159142572 0.06990792124738021
32 0.5409390658471142 0.282245622749573 0.029524663984823674 0.046350105535829744
32 0.34358478247285346 0.9442702899017914 0.029524663984823563 0.04635010553582941
17 0.3933464615523366 0.30435009876798996 0.20327220486111075 0.12840536248879297
23 0.8678341139978665 0.6904989982146246 0.045050249255953356 0.10880229091956917
33 0.5326318282787552 0.9450960887059221 0.04451222930199161 0.04309841874014542
