18 0.739171708611696 0.30941935300643564 0.027342127412577022 0.16994449443344917
19 0.8040665117551566 0.19500157844893162 0.03075775827553584 0.05626999751642173
34 0.7870726153646717 0.33263856558459065 0.04622888654711066 0.10878013747011972
18 0.9109789321563024 0.3087223631151602 0.027342127412577022 0.16994449443344917
19 0.9753862107418041 0.19560904952419356 0.030757758275536173 0.05626999751642173
34 0.9579047897933639 0.3358549585929391 0.04622888654711066 0.10878013747011972
32 0.7755662090020475 0.7788593657255913 0.02221891110165486 0.07175590449977387
24 0.5053346174997764 0.5202402981111309 0.05342333979011521 0.10837347673257991
24 0.0905216341789847 0.5219871194531025 0.05342333979011575 0.1083734767325798
33 0.9459583746288733 0.7984000043818174 0.020660145722191214 0.10424797197120717
