18 0.9137187680698033 0.9581551497914278 0.12628472100165145 0.026789495385951212
34 0.8964647123142131 0.9112224038101677 0.08083385905928797 0.04529452021651459
18 0.9142366970221599 0.7898204495330936 0.12628472100165156 0.026789495385951212
34 0.8940746302168491 0.7438430452265212 0.08083385905928786 0.04529452021651448
18 0.9158628122238679 0.4754024024816772 0.12628472100165145 0.022825355263165648
34 0.8957007454185375 0.43140706823650443 0.08083385905928908 0.04529452021651492
18 0.9139348126653271 0.3084754955638561 0.12628472100165145 0.022825355263165648
34 0.8937727458599973 0.26448016131868285 0.08083385905928786 0.04529452021651503
18 0.7103380592834639 0.16845437325450874 0.12628472100165156 0.030958736671637288
19 0.7924532011507642 0.10326425732771699 0.04181389318209372 0.030136090398936832
31 0.690175992478133 0.12039234830510942 0.08083385905928786 0.04529452021651459
32 0.5651230013748542 0.2760922998161229 0.05332137654817459 0.021769828201621766
32 0.5658472686770868 0.4441529855039073 0.05332137654817448 0.021769828201621322
32 0.22075817884118182 0.7553801899415233 0.05332137654817448 0.021769828201621433
32 0.5648807475685522 0.9224962456553567 0.05332137654817448 0.021769828201621433
17 0.30933897324580023 0.4549728356760686 0.35376101950966776 0.060309737145843645
17 0.30813304843483874 0.28709730808443334 0.35376101950966776 0.060309737145843645
33 0.5503602177383733 0.7555480025291694 0.0774660344205933 0.020242568185938947
