0 0.38204310467280783 0.7549116078409306 0.10916333329251604 0.09214741932808967
31 0.3612904390245398 0.6032877655746542 0.07240605009551293 0.014459176725976186
24 0.8888638939740903 0.6165095549866133 0.08386862540409457 0.0229033520008054
16 0.13424122471346206 0.3804513429030038 0.04263277637637153 0.09657476811268018
11 0.2807834830151196 0.8523988485952332 0.10806435546216675 0.026019700932589762
26 0.753414545940537 0.7295999431695117 0.1606834283545927 0.030624380184541167
35 0.7430591970203942 0.6765075930352196 0.06311072489813219 0.030039263858344323
14 0.9537854073570022 0.3895636475759549 0.04255727077778737 0.07775729955397737
14 0.6807258076524914 0.38950112805715065 0.042557270777786926 0.0777572995539777
14 0.4071575515017211 0.389550062741969 0.04255727077778737 0.07775729955397748
19 0.9000697695893098 0.20131268826345133 0.04907742621394262 0.01147583724936918
34 0.9271606209789587 0.17287240178123991 0.07376333307987282 0.022184880196711387
18 0.7257961558367195 0.1789901308316953 0.0363374037502584 0.034658884763152265
19 0.6274624773509596 0.2015842208202348 0.04907742621394229 0.01147583724936918
34 0.6537754290540865 0.17314393433802444 0.07376333307987293 0.022184880196711276
18 0.45389247447498815 0.1787714778826815 0.03498127566366627 0.034658884763152265
19 0.3539031609729573 0.20136556787122145 0.04907742621394229 0.011475837249368737
34 0.38254981173565117 0.17292528138901125 0.07376333307987282 0.02218488019671161
18 0.1847297093784157 0.1787714778826846 0.043627407062701185 0.034658884763152265
19 0.08041733017686903 0.2013655678712219 0.04907742621394262 0.011475837249368737
34 0.10906398093956232 0.1729252813890113 0.07376333307987315 0.022184880196711276
32 0.12681110668067958 0.08267139571603016 0.03545274530013265 0.014102000235359013
32 0.4010254360356821 0.08249069079949045 0.03545274530013298 0.014102000235359347
32 0.6741189983769713 0.08267139571603016 0.03545274530013254 0.014102000235359013
33 0.9473779108469208 0.07858820177371961 0.032965561669578536 0.0212605795756291
