17 0.8188880373954817 0.32597446131552404 0.12238636112213097 0.09388672218658367
14 0.8047626264634797 0.7914725839402936 0.05303034913325799 0.07519199275051047
14 0.17346359678329348 0.7917821386690238 0.053030349133258214 0.07519199275051058
18 0.8674792418272357 0.5877265657253354 0.057410114010676416 0.033515446482843325
19 0.7390684024192039 0.6095752495192344 0.0603680438872185 0.011097235580584619
34 0.7732196581100534 0.5820732422831332 0.09191602832999779 0.021452974325118834
18 0.2300832185194317 0.5875550740168725 0.047496252644318115 0.03351544648284299
19 0.1066293097945783 0.6094037578107673 0.06036804388721828 0.011097235580584952
34 0.1407805654854286 0.5819017505746665 0.09191602832999779 0.02145297432511928
32 0.16549973418318675 0.4947152576859838 0.044177444338837635 0.01363675829211064
32 0.7964919950626449 0.40356188633276957 0.04417744433883741 0.01363675829211064
17 0.18656806288824035 0.42654565306302933 0.12238636112213075 0.09388672218658345
23 0.5546162326733141 0.6457005071984281 0.10370218353271432 0.02080766644519849
33 0.797279084547832 0.4908783371082227 0.04107818036170108 0.020559167492855357
