19 0.5523422941360748 0.9336461700672893 0.05045543110639161 0.03216278716988119
31 0.42729983456927206 0.9518412199254741 0.09753952326487558 0.048970870452610615
18 0.7024327704153628 0.48124630579801864 0.15238356334199277 0.024124103634406424
19 0.8017714527316411 0.41544694380643044 0.050455431106393056 0.03258209981737292
34 0.676728993164852 0.43343233734086944 0.09753952326487414 0.048970870452610726
18 0.7036266085566869 0.2997481242703715 0.15238356334199277 0.024124103634406757
19 0.8029652908729652 0.23446520348586075 0.050455431106393056 0.0325820998173727
34 0.6779228313061807 0.2519341558132228 0.09753952326487403 0.048970870452610726
18 0.7026652644241896 0.1192335054266831 0.15238356334199277 0.023223781345909522
19 0.8020039467404703 0.05285142216518912 0.0504554311063915 0.0325820998173727
34 0.6769614871736856 0.07186969811378296 0.09753952326487547 0.048970870452610615
32 0.2793507372150929 0.08413551320579099 0.06200179436812958 0.023536786161794887
32 0.2801452364981454 0.26544008425026827 0.06200179436812814 0.023536786161794665
33 0.2621927937984539 0.446854429885885 0.09347568153418251 0.021885565395620254
