23 0.7213003554561885 0.3180615200700434 0.030419782455787914 0.11442999562230671
14 0.5085117561435245 0.04098147583213294 0.10992698618617003 0.05851624731945611
14 0.5081892418662941 0.737490487220051 0.10992698618616942 0.05851624731945615
19 0.7745110764437385 0.11410164339473382 0.0162236112882288 0.0674814610441721
34 0.814946392134513 0.07574800864147517 0.03136319076040961 0.10142458298482468
18 0.8064926709270738 0.6768467754774512 0.04899793033504585 0.051111086462131694
19 0.7738801507170368 0.8137158246288436 0.01622361128822869 0.06748146104417119
34 0.8143154664078128 0.775362189875586 0.031363190760410165 0.1014245829848256
32 0.9422972012206802 0.7468212242703458 0.02068846549886305 0.048747524787682406
33 0.9483061105881123 0.04953798571593319 0.030056489239287054 0.04532764729566942
