19 0.53613804571108 0.09402609199175074 0.03520146356259868 0.038443331430666514
34 0.6233769709902475 0.07227802866623462 0.06805083018479585 0.05853359018029709
18 0.6059880907929905 0.4181559603458346 0.10631411395952983 0.030246369843147825
19 0.5366820333630542 0.496773374857184 0.03520146356259979 0.03844333143066625
34 0.6239209586422206 0.47502531153166744 0.06805083018479685 0.058533590180297135
18 0.7792998057071071 0.5978347477497479 0.10631411395953094 0.0424316735929372
19 0.709993748277157 0.6825448141359887 0.03520146356259868 0.03844333143066636
31 0.7972326735563218 0.660796750810472 0.06805083018479696 0.058533590180297135
32 0.9004846244565538 0.4592837513659308 0.04325706583822986 0.028132899877468753
23 0.4211732191849563 0.8609462029644375 0.06600385356104682 0.06603920145366893
23 0.421545367863591 0.21148817023788954 0.06600385356104788 0.06603920145366882
33 0.9126556934520564 0.05695660287501243 0.06521559176803438 0.02615923923531213
