18 0.13213839040463257 0.5531413213669216 0.01651229600617138 0.15444280068445215
19 0.1771762727934618 0.6538224183090957 0.02230156547328732 0.05113726125647944
34 0.1648657577032937 0.5270901957751879 0.03351923540239235 0.09885762493061556
18 0.2563689833163625 0.5543512924561016 0.01651229600617149 0.15444280068445215
19 0.30105337567670076 0.6550323893982755 0.022301565473287155 0.05113726125647944
34 0.28909635061502337 0.5283001668643723 0.03351923540239238 0.09885762493061556
18 0.3799263541915652 0.5533769571866787 0.015896049767392506 0.15444280068445215
19 0.4253630935179866 0.654058054128855 0.022301565473287155 0.051137261256477884
34 0.4123455983708366 0.5273258315949516 0.03351923540239238 0.09885762493061712
18 0.5022382089861616 0.5533769571866924 0.019824989819090755 0.15444280068445204
19 0.5496394183384312 0.6540580541288565 0.02230156547328732 0.051137261256477884
34 0.5366219231912814 0.5273258315949525 0.033519235402392544 0.09885762493061556
32 0.5285573461094917 0.12514719915352573 0.016110293092225447 0.06283965645418388
32 0.4039499799211074 0.12434196339367531 0.01611029309222567 0.06283965645418532
32 0.27985190814493754 0.12514719915352573 0.01611029309222556 0.06283965645418388
24 0.9532981770760487 0.3582951344868438 0.03873572642901524 0.0984880582468377
24 0.6525292190841926 0.3567076515780927 0.03873572642901557 0.0984880582468377
33 0.1556786986322397 0.10695215587681112 0.01498007716893951 0.09473886641977958
