14 0.15193714641817313 0.24076265597898655 0.06299660964322115 0.1291711311230429
14 0.5561413798554768 0.24086651397055203 0.06299660964322062 0.12917113112304368
14 0.9610985664545286 0.24078522322839152 0.06299660964322118 0.12917113112304335
18 0.08473851537843183 0.5910203638229108 0.053789474692957355 0.05757565365566486
19 0.23145124594436275 0.5534868566505134 0.07264825504523292 0.01906376490165984
34 0.1913492431912398 0.6007321184515673 0.10919027031312964 0.03685372415549404
18 0.48942471595399756 0.5905692914773224 0.053789474692957806 0.05757565365566475
19 0.6349859383992755 0.553035784304925 0.07264825504523242 0.01906376490165984
34 0.5960354437668047 0.6002810461059771 0.10919027031312956 0.03685372415549404
18 0.8919178684105744 0.5909325197389712 0.051782027548536225 0.05757565365566475
32 0.9701758046617976 0.7508750363167155 0.05247993387815508 0.023426370668059082
32 0.5659212970661074 0.7505748476707259 0.05247993387815464 0.023426370668058416
32 0.1624244210373198 0.9071262284410633 0.05247993387815461 0.023426370668058527
17 0.5394397553549901 0.8678820737263625 0.14538704615900466 0.16128651015428175
33 0.1614220252428412 0.7573578864741358 0.048798209617612665 0.035318267582184815
