23 0.2379435997596155 0.4310106056155988 0.04439424579326945 0.07113197250939884
18 0.10399377335712023 0.6316950267618499 0.023272814135454345 0.11457410777593435
19 0.15881535329026464 0.5554356749925013 0.026180098599076773 0.03793641436570783
34 0.1439356822823114 0.6499874282243123 0.03934866764628653 0.07333798741719844
18 0.377137879449446 0.6302197041978943 0.01982905026624504 0.11457410777593435
19 0.43023757744797947 0.5539603524285595 0.02618009859907644 0.03793641436570783
34 0.4153579064400267 0.6485121056603744 0.03934866764628686 0.07333798741719966
18 0.5221521405594929 0.6319689168299539 0.01982905026624504 0.11457410777593435
19 0.5752518385580263 0.5557095650606186 0.02618009859907644 0.03793641436570905
34 0.5603721675500739 0.6502613182924335 0.03934866764628686 0.07333798741719844
18 0.6437925637028139 0.8166857707754036 0.026894755352701583 0.11457410777593446
19 0.700425114244567 0.7421853162491814 0.02618009859907644 0.03793641436570894
31 0.6855454432366146 0.8349781722378844 0.03934866764628653 0.07333798741719855
32 0.5502843649590705 0.9484347706824632 0.01891208319522164 0.048376787745461614
32 0.40428515724200714 0.9477776660122672 0.018912083195221308 0.0483767877454615
23 0.8211515026974541 0.43097371130335616 0.044394245793269005 0.07113197250939884
33 0.13376724529447576 0.961828574382729 0.01758530798092861 0.07028246731893417
