14 0.5116854590854145 0.8628853154319525 0.10359785667848131 0.04900999775492432
14 0.5121119567116652 0.27944650099827856 0.1035978566784812 0.04900999775492465
18 0.23096872287813902 0.9208472415443045 0.04617683737636191 0.05305772269578768
19 0.2610713538830662 0.8021715199253292 0.015289524577694391 0.05579140518096726
34 0.2231796994688824 0.8337336912497245 0.029557431292386083 0.08494766517140584
18 0.23073244541314553 0.3317736604367311 0.04617683737636136 0.043895453707384235
19 0.2608350764180673 0.21767907331195696 0.015289524577694835 0.055791405180967035
34 0.22294342200388395 0.24924124463635278 0.029557431292386527 0.08494766517140584
18 0.15545563994539796 0.071012387742243 0.04617683737636191 0.061579540737764504
32 0.10281980957947667 0.2720863969346419 0.018788422535796823 0.04082825180773442
23 0.3108439311299553 0.6317030886800303 0.02866834043560662 0.0958402851421476
33 0.09753338567233916 0.8559691178492599 0.02832596410126742 0.03796395008157216
