18 0.7649812919738063 0.550743261367235 0.01630739271927406 0.336140213254399
19 0.7324254155997443 0.7698727076531062 0.01477458817889854 0.11129874508762827
31 0.7407836579103158 0.4940437527263354 0.02249570100619458 0.2151607130842843
32 0.2585590277544329 0.16943802168708544 0.01081207050740185 0.13676866404734134
32 0.342186533551991 0.16768544973917565 0.01081207050740196 0.13676866404734467
32 0.4254722375547359 0.16943802168708544 0.01081207050740185 0.13676866404734134
32 0.8182293804501872 0.16758537855648448 0.01081207050740196 0.13676866404734467
24 0.17535801931443284 0.6734225357876134 0.025996634754463566 0.21435636206664677
33 0.9728522424897179 0.12910332217364506 0.010053550834221325 0.20619635632540256
33 0.5088083686043668 0.12983704514364797 0.010053550834221214 0.20619635632540267
