18 0.22399777547611954 0.5876534326231997 0.015606159912498418 0.26891217060351935
19 0.2551537193802996 0.7629569896518968 0.014139267369741915 0.08903899607010268
31 0.24715488913614791 0.5422938257104801 0.021528365281316963 0.17212857046742747
32 0.7086434190017046 0.2826092408790801 0.010347141583478714 0.10941493123787316
32 0.6286119724653407 0.2812071833207524 0.010347141583478825 0.10941493123787571
32 0.548907629933894 0.2826092408790801 0.010347141583478825 0.10941493123787316
32 0.1730394035215958 0.28112712637459936 0.010347141583478908 0.10941493123787582
24 0.9814412811595481 0.6885609400476811 0.02487875567536013 0.17148508965331744
24 0.7882667079570935 0.6857968521595026 0.024878755675360464 0.17148508965331744
33 0.025065466016244282 0.2503414812683278 0.00962123895022459 0.16495708506032214
33 0.46915502876471393 0.25092845964433025 0.009621238950224653 0.16495708506032203
