18 0.34434330865561125 0.9800977401362644 0.12559084890823713 0.010665449337251998
19 0.2624707682850671 0.9562420254131467 0.04158414651625675 0.011214963160470104
34 0.365527740455512 0.9625865257446833 0.08038971697654451 0.017075836903105546
18 0.3449859314312801 0.8616845456755984 0.1255908489082358 0.00882368699342917
19 0.26311339106075093 0.8387497121243919 0.04158414651625786 0.011214963160470215
34 0.3661703632311947 0.8450942124559286 0.08038971697654573 0.017075836903105546
18 0.5497222979507035 0.8092673667667644 0.1255908489082369 0.012378470815936682
19 0.4678497575801581 0.7845551413043051 0.04158414651625675 0.011214963160470104
31 0.5709067297506 0.790899641635842 0.08038971697654573 0.017075836903105657
18 0.34414881559173394 0.6268061320289898 0.1255908489082358 0.008411924380502311
19 0.26227627522117486 0.6038623051516616 0.04158414651625797 0.011361174863750212
34 0.3653332473916055 0.6101336996315587 0.08038971697654451 0.017075836903105546
18 0.34316488305767556 0.5635188488475424 0.1255908489082358 0.008411924380502533
19 0.26129234268711654 0.5407551017960495 0.04158414651625808 0.011361174863750101
34 0.3643493148575434 0.5468464164501114 0.08038971697654462 0.017075836903105657
18 0.3439571996503932 0.5005745278356468 0.1255908489082358 0.008097987617350921
19 0.2620846592798322 0.4774275096882246 0.04158414651625664 0.01136117486374999
34 0.3651416314502592 0.4840590638197915 0.08038971697654584 0.017075836903105546
18 0.34395719965038196 0.4382647150157582 0.1255908489082358 0.010099523115385867
19 0.26208465927983093 0.41411692911931874 0.04158414651625675 0.011361174863750101
34 0.36514163145025846 0.42074848325088565 0.08038971697654462 0.017075836903105657
18 0.3467961702162944 0.12210566060714584 0.1255908489082358 0.010099523115385867
19 0.262240177480117 0.09813508382919095 0.04158414651625664 0.011361174863750212
34 0.3639554234677332 0.10441221972378967 0.08038971697654451 0.017075836903105435
18 0.34628108702741234 0.058644211562004556 0.1255908489082358 0.010099523115385867
19 0.2626891052802419 0.03485371460988518 0.04158414651625675 0.011361174863750323
34 0.3663323732458808 0.041310930330317686 0.08038971697654451 0.017075836903105546
32 0.693717498297209 0.10866240901158042 0.053028401951755844 0.008207130443209198
32 0.6921879918971329 0.4248568527076465 0.05110037997373196 0.008207130443209198
32 0.6928427989985497 0.48833607699229503 0.05110037997373318 0.00820713044320931
32 0.6921879918971329 0.5515558494065702 0.05110037997373196 0.00820713044320931
32 0.6928801882316431 0.8496864527945542 0.05110037997373318 0.00820713044320931
24 0.5025951653623467 0.20847944825298537 0.08008919022270322 0.019733294595913442
24 0.5038860855299027 0.3617013702488365 0.08008919022270322 0.019733294595913553
23 0.12666067101519562 0.7325106142295328 0.07797158525068726 0.019265427419720593
23 0.12710029720149485 0.9219751491758842 0.07797158525068837 0.019265427419720593
33 0.7072580994076492 0.9670562014834869 0.07704039686883168 0.007631360067195558
33 0.7069839611551205 0.6148138995356804 0.0770403968688318 0.007631360067195558
33 0.708158244996453 0.04572364826843517 0.07704039686883168 0.007631360067195447
