32 0.05048585134144558 0.06417572332475585 0.0439688799782213 0.010714756751058596
32 0.3350467864680915 0.21735671120286248 0.043968879978221354 0.010714756751058596
32 0.05128284596852866 0.2996085264026128 0.04396887997822131 0.010714756751058596
32 0.050014644762087425 0.7124137783336209 0.04237024672081645 0.010714756751058485
32 0.05055758276872917 0.7952885969638869 0.04237024672081749 0.010714756751058596
32 0.050014644762087425 0.8778246901774077 0.04237024672081645 0.010714756751058596
32 0.3331622446063879 0.9602060987839485 0.04237024672081646 0.010714756751058596
17 0.5685717549029485 0.9656060992941478 0.2917118201879265 0.029683475554017513
17 0.2621830672864051 0.8832313905457125 0.2917118201879265 0.029683475554017513
17 0.2624049943183909 0.8006602490494011 0.2917118201879275 0.029683475554017624
17 0.573104060517849 0.22253659732570513 0.2917118201879265 0.029683475554017513
17 0.26200294233489824 0.06950107828869517 0.2917118201879265 0.029683475554017735
33 0.062282828839325455 0.9604107565705047 0.06387859785935024 0.009963064114254405
33 0.06325649471232085 0.21743930583979504 0.06387859785935024 0.009963064114254183
