24 0.10027565699800592 0.5523657663852367 0.025710230884308252 0.08466484653134843
35 0.032924667903442804 0.4051768476250181 0.03372067151417546 0.0637098773496968
14 0.35503450965728967 0.6179036232496319 0.08728670477591166 0.04296129550036132
14 0.35510469114265386 0.3422516855732428 0.08728670477591205 0.042961295500360874
14 0.3550497593560365 0.06608626243369964 0.08728670477591183 0.04296129550036132
18 0.5917192926599073 0.6637305377719871 0.03890644170433866 0.03668237910231742
19 0.5663562248344746 0.5636780268955374 0.012882237729291868 0.04954335114635344
34 0.5982819591919526 0.5910260699123032 0.024903708067627428 0.07446361788759304
18 0.591414482921697 0.38774991680985293 0.038906441704338546 0.036682379102317864
19 0.5660514150962642 0.2884826907435321 0.012882237729291868 0.04954335114635311
34 0.5979771494537411 0.31504544895016956 0.024903708067627428 0.07446361788759315
18 0.591659932487441 0.1132648713845607 0.038906441704338546 0.03531337638199228
34 0.5982225990194845 0.041244904885040345 0.02490370806762776 0.07446361788759315
32 0.6997402373067848 0.05989593068159049 0.015830245370586304 0.03578932199602036
32 0.6995373864260055 0.3355821534248539 0.01583024537058597 0.03578932199602003
32 0.8053261492614504 0.6107517002103087 0.01583024537058586 0.03578932199602003
17 0.8932791492786336 0.6287887272309274 0.10898850132978699 0.0991484444533719
17 0.7788071204584952 0.3536415592436697 0.10898850132978699 0.0991484444533719
17 0.7788900361751265 0.0778382685811485 0.10898850132978743 0.0991484444533719
33 0.704120988817416 0.6114352960764802 0.023866131455535955 0.033278525862644126
