18 0.15218183094918547 0.7289907417678452 0.009411052570681866 0.22084574397390477
19 0.1709699394662993 0.8729598465740215 0.00852646578489813 0.07312381319766881
31 0.1661463690073433 0.6917388906801044 0.012982346622057661 0.14136162792010953
18 0.9009588706727076 0.7301564128532074 0.008873414455677575 0.22084574397390266
19 0.9196437066583454 0.8737587382443316 0.008637627013653892 0.07312381319767103
31 0.9147344414099285 0.694897146266107 0.01298234662205755 0.1413616279201073
32 0.8701076139285651 0.47620544201786097 0.006239683172823529 0.09324801116154191
32 0.8219379442928112 0.4774720350778039 0.006239683172823418 0.09324801116154191
32 0.6848348691762991 0.4757817904338934 0.006239683172823418 0.0932480111615418
32 0.44443986591385554 0.47847135724368894 0.006239683172823307 0.08985767299728709
32 0.3961781439473751 0.4773199090073812 0.006239683172823418 0.0898576729972893
32 0.34811367697530826 0.47847135724368894 0.006239683172823307 0.08985767299728709
32 0.12145217547536785 0.4772541617569174 0.006239683172823418 0.0898576729972892
24 0.6089463836178682 0.8118616415850521 0.015002747560368901 0.14083316541576785
24 0.49245545478460867 0.8095916177155336 0.015002747560369012 0.14083316541576796
33 0.032218788610071714 0.4519712648097378 0.005801938853845834 0.13547200222345301
33 0.3000201083805971 0.4524533243455852 0.005801938853845723 0.1354720022234529
33 0.7326856897578463 0.45038840010285575 0.005801938853845723 0.13547200222345301
