18 0.8491522298965914 0.40344515835390893 0.027210403277775463 0.11843282125025345
19 0.7749348744107742 0.4806513881333999 0.03675046704752982 0.039214065626730354
34 0.7952212161790794 0.3834681294027347 0.055235923127886055 0.07580791963591238
18 0.6444342105913463 0.4043730118316219 0.027210403277775685 0.11843282125025345
19 0.5707993668426201 0.4815792416111129 0.03675046704752949 0.039214065626730354
34 0.5905031968738347 0.3843959828804513 0.055235923127886055 0.07580791963591249
18 0.44082558534629396 0.403625853179422 0.026194898912463738 0.11843282125025345
19 0.3659509585689516 0.48083208295891466 0.03675046704752949 0.03921406562672902
34 0.3874023238114383 0.3836488242282531 0.055235923127885944 0.0758079196359136
18 0.2392694302622408 0.40362585317943256 0.03266934942019173 0.11843282125025345
19 0.16115757823103571 0.4808320829589159 0.03675046704752982 0.039214065626729244
34 0.18260894347352208 0.38364882422825364 0.05523592312788628 0.07580791963591249
32 0.19589845781957 0.07524241178612334 0.026547947771695557 0.04818792308403741
32 0.4012373570314145 0.07462492529670439 0.02654794777169589 0.04818792308403852
32 0.6057369964372157 0.07524241178612334 0.026547947771695557 0.04818792308403741
33 0.8103604543665909 0.06128973611278804 0.024685479278393263 0.0726494934203491
