14 0.1780219362606425 0.18679595537364016 0.056214365954922685 0.19461456947191008
16 0.53813643677951 0.21061559559300788 0.05631410212862309 0.24171180102585438
18 0.6056380965492619 0.7158136735459795 0.057627920716363024 0.0867458614850054
19 0.46886188619720603 0.6574106728705172 0.06482691081676073 0.02872225679680729
34 0.504679249604067 0.7276656055830264 0.09743479607651895 0.05552534531207243
18 0.2435268055173586 0.7154579045122924 0.057627920716363024 0.0867458614850054
19 0.1077781313971915 0.6577207482391045 0.06482691081676162 0.02872225679680729
34 0.14462303103593277 0.7293073697561682 0.09743479607651895 0.05552534531207254
32 0.5289308472793284 0.9554329589756814 0.04682992029292887 0.03662682791354688
33 0.16980201786295446 0.9654072128628252 0.04354457214325169 0.0532119629226846
