18 0.7594684023582488 0.4916149516015611 0.02046183900499965 0.11721812564768674
19 0.7036579991156043 0.5680293226140829 0.02763583223697741 0.03881187008184073
34 0.7189130416456979 0.47184281525501437 0.04153663416148179 0.07503040251144166
18 0.6055233428277379 0.4925332886333489 0.020461839004999982 0.11721812564768674
19 0.5501509801852711 0.5689476596458707 0.027635832236977187 0.03881187008184073
34 0.5649679821151872 0.4727611522868056 0.04153663416148179 0.07503040251144144
18 0.45241253196385034 0.4917937931468125 0.019698194063035412 0.11721812564768674
19 0.396107869991833 0.5682081641593361 0.027635832236977187 0.03881187008183962
34 0.4122389937222819 0.472021656800271 0.04153663416148179 0.07503040251144277
18 0.30084514967646 0.49179379314682303 0.024566889413948245 0.11721812564768674
19 0.24210614002898712 0.5682081641593372 0.02763583223697741 0.03881187008183962
34 0.2582372637594359 0.4720216568002715 0.04153663416148201 0.07503040251144144
32 0.26823079087579316 0.16677838704985531 0.01996368181949215 0.04769368797548312
32 0.42264274332812457 0.1661672337551997 0.019963681819492374 0.047693687975484345
32 0.576423584258171 0.16677838704985531 0.01996368181949215 0.04769368797548312
24 0.11460633398569597 0.3425268329926037 0.04800084722536435 0.07474991087452298
33 0.7302975349694046 0.15296881574240023 0.018563131813937428 0.07190437041090958
