18 0.8030858716896017 0.9282643509359114 0.11204673775146634 0.06620265399429348
19 0.8761290204515577 0.7801869865734964 0.037099581695876016 0.06961360015823392
34 0.7841860354759647 0.8195686147575392 0.07172023769476021 0.10599325789405156
18 0.8025125513701326 0.19324911685123658 0.11204673775146523 0.05477045349975418
19 0.8755557001320752 0.05088785273609031 0.03709958169587724 0.0696136001582337
34 0.7836127151564832 0.09026948092013387 0.07172023769476144 0.10599325789405145
32 0.4921363026560831 0.11877446824727844 0.0455895546824483 0.050943359237578534
32 0.18739807097523953 0.8464051834956626 0.0455895546824483 0.05094335923757831
17 0.26423595778914716 0.1430694779251781 0.3138761986825974 0.14113021823092553
33 0.4793089505284699 0.8473128182173197 0.06873211877513419 0.04736943320988951
