18 0.28688384794541627 0.6156930474970437 0.1979007316129776 0.022079298659680613
19 0.15787257220998985 0.5554709647599805 0.06552653390440649 0.029820378975709994
34 0.32026537684218354 0.5719318820805482 0.12667470553879745 0.04482000619519888
18 0.28533340880083957 0.4495789975465018 0.19790073161297767 0.022079298659680835
19 0.1563221330654131 0.38982958147610686 0.06552653390440649 0.02982037897570977
34 0.3187149376976009 0.40581783213000683 0.12667470553879745 0.04482000619519899
18 0.28658190767421265 0.2843651416333738 0.1979007316129776 0.021255289403256272
19 0.15757063193878323 0.22360973019118752 0.06552653390440454 0.02982037897570977
34 0.31996343657097104 0.2410159808450909 0.12667470553879945 0.04482000619519888
18 0.28658190767419495 0.12081671865088495 0.1979007316129776 0.026508843529527093
19 0.1575706319387813 0.05743453014556421 0.06552653390440454 0.029820378975709882
34 0.31996343657097004 0.07484078079946749 0.12667470553879745 0.044820006195199213
32 0.8353092166690752 0.08562427244026077 0.08052181086769883 0.021541763334747333
32 0.8363410339197928 0.25224212208644303 0.08052181086770072 0.021541763334747444
32 0.8353092166690752 0.4181789723471502 0.08052181086769883 0.02154176333474722
33 0.8586240773180255 0.5842162924955576 0.12139698900543183 0.020030503185896276
