18 0.6827076657072724 0.0836325782665839 0.08091162655327044 0.06567496768460232
19 0.7354538687070661 0.26276341926917945 0.026790494392775033 0.08870084397874045
34 0.669059642388417 0.21380035075191037 0.051790897308782724 0.13331729888090332
18 0.6833415620654975 0.5777395257115381 0.08091162655327055 0.06567496768460301
19 0.7360877650652913 0.7554644177056311 0.026790494392775033 0.0887008439787399
34 0.6696935387466446 0.7079072981968636 0.05179089730878261 0.13331729888090327
32 0.45848419637069676 0.6711390340948791 0.032921306744138845 0.06407606657644382
32 0.2384810170226473 0.17848420812205334 0.032921306744138845 0.06407606657644374
17 0.29363120966596135 0.6388060469065178 0.22665750276548624 0.1775122291629775
33 0.4489519259106833 0.17726031977242082 0.04963310523938891 0.05958081684190103
