15 0.07834388865236216 0.7754497774067676 0.07281049952667307 0.06728513883316381
20 0.47659293411557085 0.6159331662876885 0.028365109000368663 0.061721304835044684
20 0.5369195230374806 0.6159051616263315 0.02915770015966495 0.06177877973745439
17 0.13897836180115644 0.7623726507952765 0.0127837197015729 0.035452521640780804
14 0.07422382547846251 0.6018224246468904 0.00528758500402982 0.0333914366406027
14 0.14036188732164945 0.6018435106044273 0.00533679580457888 0.0333317904629168
14 0.7283662619144217 0.5921015704648988 0.004699232811984264 0.029905063742535584
0 0.35810775240882237 0.4752274992300136 0.014300391102231615 0.03508540479825769
14 0.23524393479399364 0.5935474604266109 0.004793217011893573 0.03236351397434423
18 0.2290519442947062 0.7524026245450881 0.006204633771239986 0.012145815194201506
32 0.14118432530212316 0.7385770523543974 0.00442410566864071 0.005777840897578457
32 0.4519817241343614 0.7774737359151009 0.004302587364646623 0.0055585438574080135
18 0.13342362476605285 0.6908119694629855 0.0070165630155337 0.0132290157897549
31 0.35519375373399437 0.5316118652896424 0.010334363645067653 0.008047103878290806
23 0.5045558114449328 0.6635916972075375 0.011392367588132462 0.011254040360306148
18 0.7222455615066776 0.752316776089243 0.006264358235246296 0.01217739852757946
2 0.30229592429250823 0.3382417253695225 0.018193866440837515 0.013313207709705186
23 0.16582290523113252 0.6657429683603772 0.011328360709091 0.0110631493347464
2 0.27496663025135987 0.30900960638944186 0.01500248865038789 0.015320443319991961
32 0.07504895272182975 0.7368577014762887 0.00440138507279394 0.0057694848883469456
18 0.0673493264927942 0.6908635650947998 0.006976578149311678 0.01347781031302616
2 0.27496671553279495 0.3374044691362041 0.014839147901422357 0.015091134217821479
19 0.08113124856905152 0.6820273907125401 0.006489933556676846 0.004821178160984102
29 0.41465510814090933 0.3623443692411822 0.015929006743518565 0.015510445807410294
16 0.4504760316568557 0.6046482684616376 0.006870232767665728 0.039177041408770465
2 0.3023571974770642 0.30782500776424576 0.01824814757889116 0.012892401587249046
23 0.2699097529949503 0.6596375166660086 0.011229167458299745 0.011374160146605396
13 0.44093388446455206 0.2698816281159675 0.028548141809040795 0.0436782670038409
24 0.4205186937147264 0.5251169465004467 0.012316329271847792 0.011516668600144412
12 0.25433058875217424 0.4509783106464365 0.03325081592945511 0.04404749067630533
23 0.7631470595483676 0.6595701107308887 0.011242399943735625 0.011296621740693904
19 0.24143310006386604 0.7447310573237325 0.005788096051992435 0.004463080273004283
19 0.14728921616127844 0.6819705520233811 0.00653480013821026 0.00486107420205187
31 0.7324476917727093 0.767940699809667 0.010361867543926992 0.0075091833613958
4 0.2794464175058819 0.3241149891209271 0.006639702586013492 0.009177519425234806
4 0.30847739425280446 0.3241103445042586 0.006639702586013492 0.009177519425234806
2 0.304508981687684 0.2520332995890031 0.022703692333807632 0.011069579042028065
2 0.37896968941337233 0.3382417253695225 0.018193866440837515 0.013313207709705186
2 0.3790309625979285 0.3078250077642457 0.01824814757889116 0.012892401587249046
4 0.38515115937366884 0.3241103445042585 0.006639702586013492 0.009177519425234806
2 0.38123386177980606 0.25209023328105795 0.022703692333807632 0.011069579042028065
23 0.41718254249900155 0.3054877865561156 0.010927843839480644 0.008373597181008812
9 0.43389646227504786 0.22525436600711352 0.009356643985325583 0.009704707230756542
24 0.482257979399097 0.26303895248453657 0.01005397949638835 0.009479984846694113
11 0.424791921478721 0.28135152633927973 0.004675714946641545 0.012802734764099443
2 0.5107454652075566 0.3382703983617721 0.018193866440837515 0.013313207709705186
2 0.5108067383921124 0.30785368075649533 0.01824814757889116 0.012892401587249046
4 0.5169269351678527 0.32413901749650803 0.006639702586013492 0.009177519425234806
2 0.5129585226027323 0.2520619725812526 0.022703692333807632 0.011069579042028065
29 0.6215932636699169 0.36206255147864735 0.015929006743518565 0.015510445807410294
13 0.6478720399935596 0.2695998103534326 0.028548141809040795 0.04367826700384089
2 0.5859078449423799 0.33795990760698763 0.018193866440837515 0.013313207709705186
2 0.5859691181269359 0.307543190001711 0.01824814757889116 0.012892401587249046
4 0.5920893149026764 0.3238285267417237 0.006639702586013492 0.009177519425234806
2 0.5881720173088136 0.2518084155185233 0.022703692333807632 0.011069579042028065
23 0.6241206980280087 0.30520596879358086 0.010927843839480644 0.008373597181008812
9 0.6408346178040553 0.22497254824457869 0.009356643985325583 0.009704707230756542
24 0.6891961349281044 0.2627571347220017 0.01005397949638835 0.009479984846694113
11 0.6316222528246594 0.2807647034923497 0.004675714946641545 0.012802734764099443
36 0.26465414190130004 0.5101097994848759 0.02475616287218234 0.011257426504010593
24 0.2904539657447333 0.48986899432258096 0.010080940878464055 0.009436811248319544
35 0.3986214468561944 0.5029619645858766 0.008285103883109702 0.011718144933564743
26 0.31429545524229097 0.48280872945084846 0.022901500040272974 0.011217129136848126
11 0.34509318645150955 0.44042844211417803 0.014066154791272751 0.009843345905481797
0 0.5665596928714919 0.4752098228060116 0.014300391102231615 0.03508540479825769
31 0.5695456941966639 0.5315941888656404 0.010334363645067653 0.008047103878290806
24 0.629070634177396 0.5250992700764444 0.012316329271847792 0.011516668600144412
35 0.6070233873188638 0.5029442881618746 0.0081851038831097 0.011718144933564743
26 0.5228473957049605 0.4827910530268462 0.022901500040272974 0.011217129136848126
11 0.5535451269141793 0.44041076569017606 0.014066154791272751 0.009843345905481797
27 0.10770900179380703 0.7203011187297491 0.009704176476209074 0.009226403802955047
34 0.0782112195144238 0.6952701243641592 0.010871529201997288 0.007310039212777496
34 0.14436690317338127 0.6951980526640523 0.010652802459483262 0.007332954696203307
17 0.20249874640698137 0.7624066215862715 0.0127837197015729 0.035452521640780804
14 0.20388227192747435 0.6018774813954226 0.00533679580457888 0.0333317904629168
32 0.204704709907948 0.7386110231453926 0.00442410566864071 0.005777840897578457
18 0.19694400937187775 0.6908459402539809 0.0070165630155337 0.013229015789754899
19 0.21080960076710345 0.6820045228143763 0.00653480013821026 0.00486107420205187
34 0.20788728777920618 0.6952320234550473 0.010652802459483262 0.007332954696203307
31 0.2392162438668805 0.7679201461096962 0.010468597743947927 0.007403199003022562
17 0.33075502307398613 0.762392705740888 0.0127837197015729 0.035452521640780804
14 0.332138548594479 0.6018635655500391 0.00533679580457888 0.0333317904629168
32 0.33296098657495266 0.7385971073000092 0.00442410566864071 0.005777840897578457
18 0.3252002860388824 0.6908320244085973 0.0070165630155337 0.013229015789754899
19 0.3390658774341081 0.6819906069689927 0.00653480013821026 0.00486107420205187
34 0.33614356444621085 0.6952181076096637 0.010652802459483262 0.007332954696203307
17 0.3697118407281834 0.7624101525833364 0.0127837197015729 0.035452521640780804
14 0.37109536624867623 0.6018810123924877 0.00533679580457888 0.0333317904629168
32 0.3719178042291499 0.7386145541424576 0.00442410566864071 0.005777840897578457
18 0.36415710369307974 0.6908494712510458 0.0070165630155337 0.013229015789754899
19 0.3780226950883053 0.682008053811441 0.00653480013821026 0.00486107420205187
34 0.375100382100408 0.695235554452112 0.010652802459483262 0.007332954696203307
17 0.4087395172043895 0.7624054991716188 0.0127837197015729 0.035452521640780804
14 0.4101230427248824 0.6018763589807703 0.00533679580457888 0.0333317904629168
32 0.41094548070535614 0.73860990073074 0.00442410566864071 0.005777840897578457
18 0.4031847801692861 0.690844817839328 0.0070165630155337 0.013229015789754899
19 0.4170503715645115 0.6820034003997238 0.00653480013821026 0.00486107420205187
34 0.4141280585766143 0.6952309010403945 0.010652802459483262 0.007332954696203307
18 0.4442075543451693 0.6846229727612895 0.0070165630155337 0.013229015789754899
19 0.4580731457403948 0.6757815553216857 0.00653480013821026 0.00486107420205187
34 0.45515083275249746 0.6890090559623563 0.010652802459483262 0.007332954696203307
24 0.46715540796210253 0.6744019594649895 0.009682899604603076 0.009156176356803915
24 0.5143116794926962 0.6804060697789971 0.009682899604603076 0.009156176356803915
14 0.49669147154451315 0.5650169361081985 0.02125673117484782 0.007291290180883597
32 0.5624975962048144 0.777460951659236 0.004302587364646623 0.0055585438574080135
16 0.5609919037273086 0.6046354842057725 0.006870232767665728 0.039177041408770465
18 0.5547234264156223 0.6846101885054245 0.0070165630155337 0.013229015789754899
19 0.5685890178108476 0.6757687710658209 0.00653480013821026 0.00486107420205187
34 0.5656667048229506 0.6889962717064914 0.010652802459483262 0.007332954696203307
17 0.5951498849402789 0.7624277069395277 0.0127837197015729 0.035452521640780804
14 0.5965334104607717 0.6018985667486794 0.00533679580457888 0.0333317904629168
32 0.5973558484412455 0.738632108498649 0.00442410566864071 0.005777840897578457
18 0.5895951479051753 0.6908670256072368 0.0070165630155337 0.013229015789754899
19 0.6034607393004009 0.6820256081676328 0.00653480013821026 0.00486107420205187
34 0.6005384263125036 0.6952531088083035 0.010652802459483262 0.007332954696203307
23 0.6220573843352352 0.668867683249544 0.011392367588132462 0.011254040360306148
17 0.6574227708151732 0.7624661884367105 0.0127837197015729 0.035452521640780804
14 0.6588062963356665 0.601937048245862 0.00533679580457888 0.0333317904629168
32 0.65962873431614 0.7386705899958315 0.00442410566864071 0.005777840897578457
18 0.6519680337800697 0.6908055071044195 0.0070165630155337 0.013229015789754899
19 0.6657336251752956 0.681964089664816 0.00653480013821026 0.00486107420205187
34 0.6628113121873982 0.6952915903054862 0.010652802459483262 0.007332954696203307
17 0.692420400543134 0.762438661023836 0.0127837197015729 0.035452521640780804
14 0.6938039260636276 0.6019095208329871 0.00533679580457888 0.0333317904629168
32 0.6946263640441015 0.7386430625829565 0.00442410566864071 0.005777840897578457
18 0.6869656635080312 0.6907779796915444 0.0070165630155337 0.013229015789754899
19 0.7007312549032568 0.681936562251941 0.00653480013821026 0.00486107420205187
34 0.6978089419153595 0.695264062892611 0.010652802459483262 0.007332954696203307
17 0.8155867022538448 0.7625668832672201 0.0127837197015729 0.035452521640780804
14 0.8169702277743386 0.6020377430763714 0.00533679580457888 0.0333317904629168
32 0.8177926657548124 0.7387712848263408 0.00442410566864071 0.005777840897578457
18 0.8101319652187426 0.6909062019349289 0.0070165630155337 0.013229015789754899
19 0.8238975566139674 0.6820647844953257 0.00653480013821026 0.00486107420205187
34 0.8209752436260704 0.6953922851359958 0.010652802459483262 0.007332954696203307
17 0.850279780779565 0.7625053641843677 0.0127837197015729 0.035452521640780804
14 0.8516633063000587 0.6019762239935189 0.00533679580457888 0.0333317904629168
32 0.8524857442805325 0.7387097657434883 0.00442410566864071 0.005777840897578457
18 0.8448250437444628 0.6908446828520763 0.0070165630155337 0.013229015789754899
19 0.8585906351396878 0.6820032654124734 0.00653480013821026 0.00486107420205187
34 0.8556683221517907 0.6953307660531433 0.010652802459483262 0.007332954696203307
14 0.8908130408526226 0.6018731399143044 0.00533679580457888 0.0333317904629168
32 0.8916354788330966 0.730288361180768 0.00442410566864071 0.005777840897578457
18 0.8839747782970268 0.6907415987728617 0.0070165630155337 0.013229015789754899
19 0.8977403696922517 0.6819001813332589 0.00653480013821026 0.00486107420205187
34 0.8948180567043547 0.6952276819739289 0.010652802459483262 0.007332954696203307
27 0.9243324871325639 0.720574372299057 0.009707798489300501 0.009167915044441059
15 0.8948577475988888 0.7665553574248836 0.07281049952667298 0.06512379838389765
19 0.7345379158757946 0.7447301546445338 0.006038891452665494 0.00462727589233719
