15 0.6719351636350004 0.29934776543702935 0.49466405470691077 0.5455416815746466
17 0.5755533456975309 0.9323151361785399 0.22893023314882233 0.09707332385788159
32 0.41103306341402446 0.9158421660673675 0.039247048416479746 0.03283014650020266
34 0.07831981567355828 0.8917378961253694 0.08793180031981063 0.08356311286641094
17 0.575129959987284 0.664789887506626 0.22893023314882233 0.09707332385788148
32 0.4106096777037821 0.6483169173954506 0.0392470484164808 0.03283014650020277
18 0.06087558902769954 0.7072232242389254 0.10054656946487327 0.054735654962784874
34 0.07789642996331239 0.62421264745345 0.08793180031981063 0.08356311286641027
18 0.060328024443096095 0.38259668217311094 0.10054656946487328 0.054735654962784874
34 0.07734886537870589 0.29958610538763625 0.08793180031981063 0.08356311286641172
32 0.3876832073609465 0.3249415446995801 0.0392470484164808 0.03283014650020266
27 0.6372911801596624 0.0776351333602659 0.07113783458096568 0.0736164157425917
