15 0.3949453186344829 0.11906003705716307 0.7138222795621121 0.19727343909624914
17 0.5509983902469744 0.28652549204383904 0.32936414188508 0.034964530543089734
32 0.7876953125000037 0.29245883854622745 0.05646510836693697 0.011824985633756557
19 0.7192829498487872 0.5500715555221116 0.051335899697580456 0.016451511191987733
32 0.8037429224617361 0.1105063969881448 0.056801614163306646 0.01223985871483689
18 0.6371631298477467 0.5167345634543867 0.12916489163306377 0.01752800391309106
27 0.44444330479950117 0.1991653276138787 0.1006552458413309 0.026714098786457197
17 0.5517436716771045 0.4418035297157646 0.32936414188508 0.03496453054308968
32 0.7884405939301359 0.44773687621815306 0.05646510836693541 0.011824985633756613
31 0.4943648083518559 0.5444945815040075 0.12692653151710642 0.029530816530068504
17 0.549506574044476 0.7859347971316935 0.32936414188508 0.03496453054308979
32 0.786203496297506 0.7918681436340821 0.056465108366935524 0.011824985633756446
17 0.5648413110997896 0.9058359370361542 0.32936414188508 0.03496453054308979
32 0.801538233352824 0.9117692835385428 0.05646510836693541 0.011824985633756446
