15 0.6733262087101595 0.5589633931778185 0.4386086846904219 0.7012483698574101
17 0.5874909784380291 0.0892179987675244 0.20298784092321043 0.12477966837565191
32 0.4416141476260176 0.11039262909793118 0.03479956976888765 0.04220041748046888
19 0.07437415297044614 0.1682365044285935 0.032981028671719814 0.06406509183791514
34 0.14660399157780785 0.14137665941921113 0.07796736171498131 0.10741341799703151
18 0.1310264391682323 0.45195384812331363 0.08915262421736281 0.07035812315007967
19 0.073888638448113 0.5855168720423582 0.032981028671719814 0.06406509183791331
34 0.14611847705547287 0.5586570270329758 0.0779673617149812 0.10741341799703341
32 0.4212857067256106 0.5260647227507481 0.03479956976888765 0.04220041748046888
27 0.6426080841972355 0.843956505659825 0.06307648950916633 0.09462776773578985
