15 0.3547534710936224 0.05430030717098272 0.7071159243566737 0.10645136544325007
17 0.2168364168147835 0.9173604340649617 0.3272528332832525 0.018941885142413906
17 0.2015999793559783 0.8524045034336079 0.3272528332832525 0.018941885142413906
17 0.20838756891319793 0.7967780894931697 0.3272528332832526 0.018941885142413906
32 0.3925837597721 0.7375587414411051 0.05884731244721486 0.006406135480905961
32 0.39291305410179617 0.5751469745039408 0.05884731244721497 0.006406135480906072
17 0.2158379788431145 0.5252053617685326 0.3272528332832525 0.018941885142414017
17 0.21446473046299785 0.41695903784999755 0.3272528332832525 0.018941885142413906
17 0.21578736455076242 0.3650704473121997 0.3272528332832525 0.018941885142414017
19 0.046834791602472114 0.31012028408782744 0.05100682341746643 0.008912535949359812
18 0.12842820250094394 0.32818045720990613 0.1283369115584928 0.009495721284985659
34 0.27031115014109175 0.31314158595152564 0.12611289990481733 0.015998193774828362
17 0.21697689801634223 0.1778110180335734 0.3272528332832525 0.018941885142414017
17 0.21637167357156623 0.12560890594294383 0.3272528332832526 0.018941885142413906
27 0.305230340869261 0.011037595598761663 0.10169062250997019 0.01436474652535702
