15 0.7484934353078028 0.5205722524512444 0.18293546301764685 0.6473061875606863
23 0.417845539057386 0.3426807686510877 0.032226967376658366 0.10358698918269227
14 0.28063997739657065 0.9423502070421215 0.09213471315298508 0.05017899338942444
32 0.6518506768290936 0.9346375731403712 0.014514248419361886 0.03895423152043276
19 0.49868175700176987 0.8812432266812983 0.013755769006529972 0.05913700785038323
34 0.5288074691240774 0.906036929766882 0.032518725491405887 0.09915084738187518
18 0.5223103639316923 0.6193502940400182 0.03718388887341084 0.06494595983084261
19 0.4984792579928697 0.496061348883977 0.013755769006529861 0.05913700785038145
34 0.5286049701151765 0.5208550519695607 0.032518725491405887 0.09915084738187696
14 0.28034901553919184 0.557194265279117 0.09213471315298494 0.05017899338942278
22 0.4176970517263745 0.1546512613918769 0.032226967376658366 0.10358698918269238
32 0.6433720650770997 0.5509402559223864 0.014514248419361886 0.03895423152043287
27 0.7356814812199083 0.25750168708323845 0.026308021743872922 0.08734870867919053
