15 0.40096056230626853 0.06386512737738942 0.6498054392501098 0.12657496752684005
23 0.22238223880031982 0.2926438783114128 0.10398693894787647 0.02229817708333326
17 0.8362458698679311 0.08863570731249071 0.11562594752956168 0.058578820415590815
14 0.8243670032083072 0.38757784696485115 0.05037273467664238 0.06374897536574864
32 0.8166245907972838 0.1307332666346031 0.039104633958735646 0.010042560868474104
18 0.8867890528096852 0.22022345799979692 0.06519671643250624 0.025727923110346218
19 0.7630240885603767 0.23671245040497152 0.05936533606602179 0.00951776099935453
34 0.7879135202293024 0.2158681538934955 0.09953366918643847 0.022500047586136218
18 0.500119986294999 0.22036356919012 0.06519671643250613 0.025727923110346218
19 0.3763550220456913 0.236852561595295 0.0593653360660199 0.00951776099935464
34 0.40124445371461687 0.21600826508381937 0.09953366918644024 0.022500047586136218
14 0.4377239728670672 0.3877791665288208 0.05037273467664072 0.06374897536574864
32 0.4314458167560636 0.1365997071239345 0.039104633958735646 0.010042560868474104
27 0.13687428046966021 0.07272985292529571 0.08768596238065474 0.01820279645617362
