15 0.33275933360366017 0.14389717464555585 0.5436975593716333 0.28445235788878354
17 0.4516203955198085 0.3853688281743234 0.2508670368166457 0.05041602762652586
32 0.6319055205773983 0.39392423436842394 0.04300782209766685 0.017050673729482324
19 0.5797978242091499 0.7653809550583982 0.039101053823709986 0.023721749723800478
32 0.6441285158799464 0.13156351686926937 0.0432641287238944 0.017648887187302675
18 0.5172495583606915 0.717311706395088 0.0983811213912772 0.025273965238320595
27 0.3704605024271383 0.25940253047354733 0.07666615776612418 0.03851957173501777
17 0.45218805459435474 0.6092672107770243 0.2508670368166457 0.05041602762652586
32 0.6324731796519463 0.6178226169711247 0.04300782209766574 0.017050673729482324
31 0.40848425206161004 0.7573394091888594 0.09667622793686237 0.04258105110775012
