15 0.5081408771897958 0.1407416348349559 0.5642459549853764 0.23604433206981545
17 0.39619692047175264 0.9448979506884237 0.26113269561221164 0.042001571402743965
32 0.20833719949195828 0.9377247802798223 0.044767732976343844 0.014204909109835295
17 0.39725232158526314 0.8298406412350459 0.26113269561221175 0.042001571402743965
32 0.20958980010587114 0.8227131359344901 0.044767732976343816 0.014204909109835184
19 0.2624359462403358 0.7079946271288292 0.040701096946929693 0.01976257971379769
18 0.3275437319189118 0.7480410979647429 0.1024069473305621 0.021055729805837697
34 0.4407597924399505 0.7146940356092033 0.10063228841509719 0.035474255761576035
17 0.3982015145296643 0.4146132110954832 0.26113269561221164 0.042001571402743965
32 0.2105389930502683 0.4074857057949269 0.04476773297634265 0.014204909109835184
17 0.39771857328472804 0.29886070167713064 0.26113269561221175 0.042001571402743965
32 0.21005605180533718 0.2917331963765731 0.044767732976343844 0.014204909109835184
32 0.18390463039125865 0.15181552109371732 0.044767732976343844 0.014204909109835295
27 0.46862369910795243 0.044811274392204614 0.08114443535322424 0.03185226403448749
