15 0.09252014531847276 0.4205020708554329 0.15181015326679012 0.8350373836386973
17 0.22139180946590126 0.6030547206662719 0.02690666703518091 0.3852939018278294
32 0.22595776748862878 0.8799454599056646 0.009099820480963583 0.06605352299528466
19 0.42420151599702477 0.7999159035966943 0.012660125189521532 0.060053316627358355
32 0.08593776192304223 0.8987181357099554 0.009419082649827312 0.06644717128537758
18 0.3985473078155277 0.7038512085011376 0.01348853131317379 0.15109855247641435
27 0.15416451311885632 0.47840537542583156 0.020557615103863974 0.11774764607853794
17 0.340884746811817 0.6039265593203863 0.02690666703518091 0.3852939018278294
32 0.34545070483454454 0.8808172985597816 0.009099820480963638 0.066053522995283
31 0.4199098014898315 0.5368041154304729 0.02272519708715509 0.1484800934728414
17 0.6057081345402475 0.6013095771841039 0.026906667035180964 0.3852939018278294
32 0.610274092562975 0.8782003164234976 0.009099820480963472 0.066053522995283
17 0.6979770710435454 0.6192483261922067 0.026906667035180964 0.3852939018278294
32 0.7025430290662731 0.8961390654316055 0.009099820480963583 0.066053522995283
17 0.7769935673955962 0.6112568999965368 0.026906667035180964 0.3852939018278294
32 0.7815595254183243 0.8881476392359355 0.009099820480963583 0.066053522995283
32 0.8611137733886907 0.39439195075888606 0.009099820480963472 0.06928438295672101
