15 0.5085669512233103 0.3115579511625348 0.22128490666425482 0.5786462348833472
17 0.46019049902343806 0.8027708353957126 0.10210288398437484 0.10255863154163125
32 0.3868144531249989 0.8201746411467254 0.0175041835937505 0.03468527464148108
23 0.10509000195312568 0.47028200725398717 0.03768572109375001 0.09354897243551985
18 0.23084690527400858 0.22423380870607845 0.04484376998133344 0.0578285943699286
32 0.3818396940368618 0.28646825006967813 0.017608500390625004 0.03590218831937597
19 0.20245749151178077 0.33422633523810275 0.01658945742187512 0.054785294707834
22 0.10504200987961554 0.6370521683209442 0.03768572109375001 0.09354897243551985
34 0.23843820033129193 0.3119350516455316 0.039217582942635554 0.08828500109345083
27 0.49322257551215465 0.5465243256893394 0.03120312621081256 0.0783583068856184
23 0.10488158724101959 0.9402533585474019 0.038036621093749945 0.09354897243551985
18 0.2308330495754624 0.7579397244987451 0.04484376998133344 0.05782859436992871
19 0.20244363581323455 0.8679322510307694 0.01658945742187501 0.05478529470783389
34 0.23842434463274592 0.8456409674381982 0.039217582942635 0.08828500109345094
