15 0.3916439281706853 0.8562238490505295 0.5838651890877435 0.28421312125473075
17 0.5192862822600581 0.6149552835398686 0.26940074929914193 0.05037362558478786
32 0.712890625000003 0.606407072809346 0.04618518098614888 0.017036333381518
19 0.6569332835174776 0.2352627631544349 0.04198978603232173 0.023701798714781286
32 0.7260166384251666 0.8685471336915962 0.04646042319426136 0.017634043716161174
18 0.5897640376063362 0.2832915835177757 0.1056493836576512 0.025252708749474273
27 0.43213040761964466 0.7408156381811823 0.08233014831348962 0.0384871751229614
17 0.5198958792081857 0.391245209080652 0.26940074929914193 0.05037362558478786
32 0.7135002219481323 0.3826969983501293 0.04618518098614777 0.01703633338151811
31 0.47296329970732276 0.24329754573896978 0.10381853501399219 0.042545238617331504
