15 0.6364276481149846 0.49857287939540385 0.7254293481283551 0.26612806803290967
17 0.15048413665605972 0.5506538454109425 0.12908241556101924 0.12316391312952324
32 0.17238892665303227 0.6391653603668435 0.043655604290140204 0.021114817362786975
18 0.0940587729409117 0.8273214563252667 0.07278426532766857 0.05409381179895478
19 0.23222741837440708 0.8619901098381972 0.06627423293577428 0.020011408229041128
34 0.20444137181297703 0.8181642849654556 0.11111732896244636 0.04730709643261222
18 0.5257281187482554 0.827616044750759 0.07278426532766863 0.05409381179895478
19 0.6638967641817499 0.8622846982636903 0.06627423293577228 0.020011408229041128
34 0.6361107176203198 0.8184588733909495 0.11111732896244841 0.04730709643261222
32 0.602394540776636 0.6514997461001422 0.04365560429014015 0.021114817362787086
27 0.9312481093032672 0.5172112589249585 0.09789079420943769 0.038271983381315766
