15 0.41201582688617466 0.7972034273502768 0.6936830929913942 0.17664892899732088
17 0.56366614726195 0.647246122388345 0.32007173662813404 0.031309064725725366
32 0.7936850999216336 0.6419330943911722 0.05487204888323027 0.010588709038486632
19 0.7272028666242132 0.41125322811846465 0.04988755143025081 0.014731541386238778
32 0.8092799559972983 0.804862802906068 0.055199060785658616 0.010960208038952257
18 0.6473999067485939 0.4411049099856954 0.12552074108542244 0.015695489128659146
27 0.4601173181437158 0.7254729711434531 0.09781544266712405 0.023921197711030295
17 0.5643904019432675 0.508202066699893 0.32007173662813415 0.03130906472572548
32 0.7944093546029535 0.5028890387027202 0.05487204888322883 0.010588709038486632
31 0.5086303780221797 0.416247141601482 0.1233455321953072 0.026443433725042986
17 0.5622164199178292 0.20004897674511707 0.32007173662813415 0.031309064725725366
32 0.7922353725775138 0.19473594874794425 0.05487204888322872 0.010588709038486521
17 0.5771185154888236 0.09268324090803343 0.32007173662813415 0.031309064725725366
32 0.8071374681485124 0.08737021291086039 0.05487204888322883 0.010588709038486521
