15 0.31960937449613447 0.09608729635265612 0.6281215635164958 0.17087637580251336
17 0.8528218733663498 0.1334436300977313 0.11132758516786745 0.07884392585666
14 0.8642591464698517 0.5358035910352328 0.04850014230947952 0.08580267495173743
32 0.8717137368581555 0.1901046694015453 0.03765093009409837 0.013516744087838206
14 0.2845548592193859 0.5359695806728841 0.04765702616751866 0.08531049589768336
23 0.4919046324095326 0.4076525081443046 0.1015475834616052 0.02910094292953669
18 0.2248188555471186 0.31054293029034086 0.06277304667665118 0.03462839380797944
32 0.29237445732470635 0.19394618221091753 0.03897189215337471 0.01359729759893824
19 0.3442159475447063 0.3324652575198603 0.05946953923675663 0.012810391831563739
22 0.6729339522294264 0.40768956766052855 0.1015475834616052 0.0291009429295368
34 0.3200187177713577 0.3046809263851028 0.09583353278545609 0.03028384783215099
27 0.5746658107854539 0.1079362351257494 0.08505808777174939 0.024095078155067617
18 0.804157619158489 0.3105536296714576 0.06277304667665118 0.03462839380797944
19 0.9235547111560769 0.33247595690097714 0.059469539236756463 0.012810391831563739
34 0.8993574813827282 0.3046916257662193 0.09583353278545603 0.030283847832150657
