15 0.4208273805751154 0.7969504138209773 0.8249980821851883 0.3918653079916202
23 0.19410294043766096 0.08867090604477347 0.13202263327205888 0.06903325516207814
32 0.9485576912573359 0.5899323556942928 0.049647549977022254 0.031090912244672197
19 0.8805060732212625 0.2618298382666686 0.07537069627990012 0.029466176593028526
34 0.9121058908793594 0.32636200313257074 0.1263687270553311 0.06965822902777186
18 0.5467209629921801 0.3124445806423106 0.08277426252950548 0.07965145644997068
19 0.389587993675657 0.2613960659669642 0.0753706962798979 0.029466176593028526
34 0.421187811333754 0.3259282308328647 0.12636872705533342 0.06965822902777186
32 0.4595316987246101 0.5717703560976592 0.04964754997702214 0.031090912244672197
27 0.08554136589040195 0.7695059793094305 0.11132678557151743 0.056354305902505675
