13 0.19820122086821657 0.6489761195428271 0.03535600059387466 0.06293839482002166
2 0.14430567126469337 0.3417823768401301 0.025741486399635735 0.02871520846408621
2 0.1891732735994082 0.33575504420257773 0.01962879739206259 0.016440528977876734
23 0.1963564701612293 0.5507524151893727 0.014541850849440117 0.013032971186310421
2 0.16853720441689624 0.6321765169470592 0.020718210823124226 0.016313630443102186
31 0.2706561062857835 0.15189167509509724 0.01279989862026591 0.012932491252909075
4 0.17460622383310798 0.43577632145079426 0.008382477970776257 0.017353704772711507
31 0.18225391234958085 0.6835116322602534 0.016125570065869045 0.015394148116065149
11 0.28203902603471936 0.16316850344720005 0.010112813515112307 0.028600811983792714
10 0.15417043550109077 0.6180397662967397 0.025147457920451487 0.01502482244777113
24 0.2529941678346962 0.628139625885572 0.010045275844172032 0.009469407639804863
28 0.35674036463760145 0.07196833260094061 0.026648409349191878 0.01877917174535498
10 0.1444809367211945 0.36886642246738205 0.013336123150687235 0.02770089125663811
5 0.0915276117613007 0.28984340257107694 0.00753780873734488 0.01922660544457446
5 0.09146318604559692 0.31635971624108256 0.00753780873734488 0.01922660544457446
10 0.15411068087238983 0.6541053576779672 0.025147457920451487 0.01502482244777113
2 0.1843271250080489 0.6567180219734435 0.008839753503041906 0.025503712232192874
13 0.35873752084311405 0.6488757607908034 0.03535600059387466 0.06293839482002166
2 0.304841971239591 0.3416820180881064 0.025741486399635735 0.02871520846408621
2 0.34970957357430554 0.33565468545055394 0.01962879739206259 0.016440528977876734
23 0.35689277013612686 0.5506520564373488 0.014541850849440117 0.013032971186310421
2 0.32907350439179367 0.6320761581950355 0.020718210823124226 0.016313630443102186
4 0.33514252380800547 0.43567596269877046 0.008382477970776257 0.017353704772711507
31 0.3427902123244783 0.6834112735082297 0.016125570065869045 0.015394148116065149
10 0.3147067354759883 0.6179394075447158 0.025147457920451487 0.01502482244777113
24 0.41353046780959374 0.628039267133548 0.010045275844172032 0.009469407639804863
10 0.30501723669609193 0.3687660637153583 0.013336123150687235 0.02770089125663811
10 0.3146469808472872 0.6540049989259432 0.025147457920451487 0.01502482244777113
2 0.3448634249829465 0.6566176632214199 0.008839753503041906 0.025503712232192874
13 0.5200851221732798 0.6489933892902939 0.03535600059387466 0.06293839482002166
2 0.46618957256975674 0.34179964658759693 0.025741486399635735 0.02871520846408621
2 0.5110571749044713 0.3357723139500447 0.01962879739206259 0.016440528977876734
23 0.5182403714662926 0.5507696849368394 0.014541850849440117 0.013032971186310421
2 0.4904211057219594 0.6321937866945261 0.020718210823124226 0.016313630443102186
4 0.4964901251381713 0.43579359119826094 0.008382477970776257 0.017353704772711507
31 0.5041378136546443 0.6835289020077201 0.016125570065869045 0.015394148116065149
10 0.4760543368061541 0.6180570360442061 0.025147457920451487 0.01502482244777113
24 0.5748780691397595 0.6281568956330386 0.010045275844172032 0.009469407639804863
10 0.46636483802625767 0.36888369221484885 0.013336123150687235 0.02770089125663811
10 0.4759945821774531 0.6541226274254339 0.025147457920451487 0.01502482244777113
2 0.5062110263131123 0.65673529172091 0.008839753503041906 0.025503712232192874
13 0.682727390891252 0.6489501365793012 0.03535600059387466 0.06293839482002166
2 0.6288318412877288 0.34175639387660434 0.025741486399635735 0.02871520846408621
2 0.6736994436224437 0.33572906123905205 0.01962879739206259 0.016440528977876734
23 0.6808826401842647 0.5507264322258468 0.014541850849440117 0.013032971186310421
2 0.6530633744399316 0.6321505339835335 0.020718210823124226 0.016313630443102186
4 0.6591323938561433 0.4357503384872683 0.008382477970776257 0.017353704772711507
31 0.6667800823726163 0.6834856492967277 0.016125570065869045 0.015394148116065149
10 0.6386966055241264 0.6180137833332137 0.025147457920451487 0.01502482244777113
24 0.737520337857732 0.6281136429220462 0.010045275844172032 0.009469407639804863
10 0.6290071067442301 0.3688404395038563 0.013336123150687235 0.02770089125663811
10 0.6386368508954255 0.6540793747144414 0.025147457920451487 0.01502482244777113
2 0.6688532950310847 0.6566920390099173 0.008839753503041906 0.025503712232192874
31 0.43120938126523817 0.1518472440069711 0.01279989862026591 0.012932491252909075
11 0.44259230101417396 0.16312407235907395 0.010112813515112307 0.028600811983792714
31 0.5925817272620251 0.1519356532588459 0.01279989862026591 0.012932491252909075
11 0.6039646470109608 0.16321248161094876 0.010112813515112307 0.028600811983792714
31 0.7551821794089784 0.15185604485657264 0.01279989862026591 0.012932491252909075
11 0.766565099157914 0.16313287320867556 0.010112813515112307 0.028600811983792714
30 0.8239659073048177 0.07648688370462262 0.03837116596797742 0.009833463387218347
