23 0.07181999695926827 0.3587205346624355 0.1272853386836018 0.030780765368368712
31 0.3997505319965986 0.7267298626410034 0.1326980263581541 0.029182519430673404
21 0.8329114046085424 0.3694157097792983 0.13018174752695388 0.031587152732544865
14 0.3859430673730745 0.5119117066551571 0.06331488470772872 0.08371321136455212
21 0.177255046790173 0.308340970757322 0.12931000061436126 0.03202362937172765
32 0.37363269875034394 0.24616561368970008 0.05016304713494357 0.015066845736109724
18 0.515689187999836 0.24954503850677656 0.09286446964625694 0.04761228145926655
19 0.3054447542316402 0.2854340890353718 0.07461773213977163 0.013822830489432558
32 0.3737859303487971 0.023560738871478026 0.05016304713494357 0.015066845736110057
1 0.2944837769666127 0.9213490764648692 0.37985138083985903 0.13915381745855337
