23 0.8275166041823041 0.923724741732576 0.1203525860319895 0.029053868751796164
2 0.43810804339018866 0.08464974860090585 0.13928341570376024 0.02664284550095823
11 0.6474208751949535 0.2422715598649998 0.11234652175163429 0.020325088828457682
31 0.5174472093975517 0.5763618809794926 0.12547046500967074 0.027545289379217852
21 0.10787897690608414 0.913629599184817 0.12309123840239206 0.02981501527825503
14 0.5305026334642389 0.7791280706704545 0.05986636157549963 0.07901663999155972
21 0.7278242041243244 0.9712778555019971 0.1222669722584594 0.030227004221228926
19 0.6066165068920875 0.9928995899552404 0.07055358550906521 0.013047326731875142
14 0.7788547735250223 0.6885567242488784 0.2702152783890934 0.02041500587924261
4 0.48035030261060413 0.02906815099129949 0.0568190345338081 0.02781974468144994
1 0.6169804810381048 0.39266141000852 0.35916230780936553 0.13134685575125016
