1 0.2493833956296595 0.5665081440419676 0.3972421669506001 0.09137473772990456
14 0.1181292331069666 0.30263402003851825 0.06621363846543271 0.05496990936121704
23 0.5615641846428809 0.9298322685476066 0.13153293012734923 0.019274815100469578
23 0.38943018166415777 0.20428280085953981 0.1322595067771084 0.020456177272877185
31 0.22620278229965735 0.4387523951830033 0.13877335768539434 0.019162572094508667
21 0.7552244931647691 0.9305520774794686 0.1348505712758482 0.01903777240190485
11 0.2673450326546671 0.6592429575318691 0.12425796020240998 0.014139658314734183
31 0.17489539578391294 0.12597868748635788 0.1363620243004372 0.02073391925816681
19 0.19280030025733585 0.14910363663241616 0.07100207816800341 0.007623919507133148
21 0.7988348202407051 0.20407307947005598 0.136141875726983 0.02074156389874393
4 0.10510601900177025 0.8193809668754379 0.062843221327754 0.01935350381583989
