7 0.5982346624708085 0.6843778947677586 0.14229750055060952 0.23803764129181848
23 0.0981226396003642 0.13906724073997406 0.03177830385260025 0.08664470794103163
22 0.09693589374400739 0.26663712651233007 0.03138749258609719 0.08883013822139207
2 0.34508353937430536 0.6907066361237798 0.02993132830067069 0.11688192105996476
3 0.08940669764438637 0.7192515593769817 0.03297981670586059 0.14529862386724424
26 0.7375625804115353 0.3394544924083105 0.032417660201285003 0.1677833560961921
36 0.8000999891511428 0.8441006387607994 0.043507614350502655 0.21918299780435346
24 0.7453968521659997 0.8304271154486766 0.03528570297717404 0.09473958392969895
24 0.8846033412616272 0.35514922727422177 0.03264174370182815 0.09166518075050567
35 0.9477271010391619 0.21514560674472166 0.03371576318002789 0.06105486505831215
4 0.2345560644785244 0.7284554708303259 0.028652115391884142 0.04062150558805988
