23 0.5548202338078796 0.3033936092201858 0.026798638380153283 0.10025741740232885
31 0.23442050420416138 0.5616909816452338 0.025407158525306617 0.10452076849262959
35 0.26635396237415115 0.1623562028145651 0.02711407528463783 0.06980864788881425
21 0.5455087002271144 0.9028739557170733 0.027500702903509366 0.10253879932250087
14 0.4214475001498808 0.5508154105987557 0.07288318052368348 0.049870526248918856
21 0.5986821618231708 0.3864404542775593 0.027880712285175524 0.10185216019352594
22 0.5550080754734734 0.12626789587430454 0.02667341060309103 0.10025741740232808
32 0.6528138538156107 0.5411190403950077 0.013117638420598987 0.039511365619901206
18 0.6498716273140303 0.6530110845588544 0.0414526506411097 0.07314551692645299
19 0.6186255658398336 0.48741020569243537 0.012034562209331079 0.05877331351844084
32 0.8466201958776293 0.5412397346123012 0.01311763842059932 0.039511365619901095
14 0.33790651698200747 0.3439304155208979 0.018830344583721015 0.22509766384862762
1 0.06497930056030621 0.478776695469165 0.1211514005146146 0.29919328363792896
