20 0.8765394785278813 0.7038758286230096 0.11940846006661054 0.21583628164613722
14 0.8387148623835383 0.14819985126439184 0.04414778250102358 0.03756395436376869
16 0.8514224698421922 0.5077977269305888 0.06939207223692423 0.05237573106197502
7 0.5072928326158255 0.5242515135560655 0.08859887689940482 0.2450387483886367
2 0.3496730212671636 0.5177366327483968 0.018636181670693697 0.1203196246205519
3 0.19048061845752262 0.4883521529289241 0.020534265951131392 0.149572112804516
29 0.36337945811282396 0.19746975876136774 0.031753912064171996 0.10654919805557816
26 0.5940427544522282 0.8793197218672621 0.02018424971926247 0.17271816068725665
36 0.6329805021785675 0.35983104179852327 0.027089202221482367 0.22562955656330497
24 0.5989206172121817 0.3739067275610029 0.021969982904033625 0.09752604228057249
24 0.6855949336496325 0.8631633771523533 0.0203237711191675 0.09436121547846177
19 0.9835774217173459 0.1016677426981315 0.007826178335421763 0.04748731326840483
4 0.28085515655132814 0.4788775381975403 0.017839703682006935 0.041816255752414655
2 0.05599673435185931 0.5148902336050404 0.03347341595755682 0.11362633374796016
