2 0.15637239739573347 0.20728320064730077 0.12967766289660437 0.028271852949126236
2 0.14958430561170338 0.04429645509883863 0.1443693863003488 0.030238473969705863
26 0.8354083777225874 0.5713571741538741 0.21440875119797365 0.02999220372604805
11 0.3512498614898248 0.3745423873386442 0.10459848576876285 0.02156781348731751
31 0.23023989678189902 0.7290597916427601 0.11681732949176243 0.02922947440964474
24 0.8554645297824741 0.707396494328939 0.1171380605939526 0.030199521526228845
35 0.6765552378279405 0.7657973983869961 0.07802142999338046 0.03119318395577808
14 0.24239494677502169 0.944223592288278 0.05573764698408584 0.08384790679715792
14 0.4736193530385097 0.8481144966084238 0.25157974194846633 0.021663228282156832
4 0.19570139735956854 0.14830321090709897 0.05290048042802825 0.02952071056704142
1 0.3229088048610346 0.5341274334684134 0.3343924934776852 0.13937771740619387
