21 0.23168827398544883 0.8235828882462412 0.12299557599885047 0.02110854764562098
2 0.6045969053101025 0.6575128547341551 0.1405078852923647 0.020550826441967263
2 0.5980176410480018 0.9744158051935288 0.15283366209615734 0.03579756937898604
2 0.597241895970483 0.7759880153872185 0.15642660977158662 0.021980364411897324
11 0.815749849921942 0.5359320541158277 0.11333418348131896 0.015677656236687487
31 0.6846335584911565 0.2782331456070464 0.12657350206470086 0.0212469220416307
21 0.27146472615361017 0.018083367646331228 0.12417335917955596 0.022997663831589632
14 0.6978037555166718 0.1218304530910354 0.06039265925967985 0.06094909248471769
4 0.6472105250511369 0.7003854437675298 0.05731854252970969 0.02145862177475588
1 0.7850418479043737 0.41992959075951 0.3623197786472502 0.1013137442899994
