2 0.01900358096534253 0.7220421311658617 0.020967728649023944 0.1371911755537043
1 0.2612771831124281 0.5525877485272344 0.10336903504528588 0.35376716584656454
14 0.559788721961199 0.6694771851086027 0.06218552992175874 0.05896708146599683
23 0.6710500057102102 0.4278679712647521 0.02314135567385145 0.11778475388948506
31 0.40580277967364314 0.5732314277803481 0.021677945519802178 0.12358571553527609
11 0.1563695420761194 0.5365918700607579 0.015995699382300665 0.11065891305579412
18 0.7603598419570164 0.789088298362898 0.03572671370362679 0.08964608857158551
31 0.7596327019844066 0.6189236282181891 0.023455555437639664 0.12143828344352237
19 0.7334722583203694 0.6029782733759779 0.00862467266439415 0.06323146446292138
21 0.6712872561603662 0.06326941974271971 0.023464203551323615 0.12124222838347198
