14 0.6788818866070896 0.126875419074733 0.05895947525624756 0.052367061664297276
16 0.66191084468653 0.6281827081583606 0.09267328808503195 0.07301582553514507
36 0.9536406453190063 0.4219056892498777 0.036177698122254465 0.3145450765757236
32 0.43047216700465474 0.6113070182320816 0.013563429458754106 0.04959171402406626
18 0.4329258209065746 0.7513747180591905 0.042861381357039985 0.09180678775962647
19 0.46523375142581 0.5446373697110032 0.012443545885280516 0.07376787186483125
32 0.2302868817149829 0.6119215594780567 0.013563429458754106 0.04959171402406726
18 0.46666482636248807 0.1932797431851495 0.028817100950828456 0.06883041788496946
31 0.3782253258988735 0.07781543801423851 0.028424809048072763 0.12890715281248677
19 0.4854175720087218 0.06200605587985547 0.010451880972902394 0.06620099252907463
