12 0.4870923491049208 0.34407994815304527 0.0299240258387516 0.0357374392434745
11 0.4129332333472789 0.422581215207061 0.013715796771593701 0.0102009870949719
11 0.41296655998320586 0.13042967648940795 0.0140859276438099 0.0104009870949719
11 0.5983036110406392 0.13030947019169795 0.0138523353627706 0.010500987094971902
11 0.598185797238966 0.423176810351195 0.0139157967715942 0.0102009870949719
0 0.42578925188355443 0.45680951923687974 0.0139200925927387 0.0343038626526435
0 0.6109030440254304 0.45694694141996073 0.014920092592738698 0.0347038626526435
20 0.45049969695832465 0.579289020918065 0.027726028108735302 0.060548112204231994
20 0.5193472419314087 0.5793366595857811 0.0284260281087353 0.060548112204231994
13 0.6302683288947132 0.12774326598271446 0.0274851813274465 0.0434393797940309
3 0.42388750313549395 0.09928568060497091 0.024716624877964 0.0115608511268216
24 0.48878874620464674 0.1157256638936868 0.0104323827248995 0.0099345141705676
23 0.5446690929091093 0.1881182592467793 0.011883075075320599 0.0107369633279526
29 0.4619997841523643 0.24115312448700607 0.0139442379662945 0.017849597808348102
4 0.42438979731973775 0.254806951998301 0.005800716294977481 0.009814468977132
3 0.4264704368007276 0.2680782637313929 0.0221912195974093 0.0110022534100497
8 0.5213776128291321 0.3046170137477431 0.00401333515430009 0.0038197121197302702
24 0.506496807372423 0.393719191089547 0.011993725855496 0.011167686647846
36 0.5086799247876409 0.4062629416116115 0.0291707861824297 0.0111057185849551
3 0.4261963062835865 0.32801652689060945 0.021714074511173 0.011823094501100799
4 0.4243389845788321 0.3488135406562367 0.00567625721633619 0.010215359579817401
26 0.37258761662059614 0.46605984977494236 0.028760596178968482 0.010838063427930556
35 0.4655485811917091 0.4813746525665249 0.008278789948068301 0.0116747345535098
24 0.4870479368516748 0.503180438035167 0.012083985640097501 0.0116644065430279
31 0.4305655645867681 0.5123110935758353 0.013732903773310202 0.0099433183642867
13 0.4449855854524361 0.12784502141234363 0.027603195783216385 0.04398623980455648
23 0.7018788191879933 0.1882410875573693 0.0116830750753206 0.0109369633279526
24 0.6741173381690309 0.11551991505976882 0.0102323827248995 0.009234514170567601
4 0.6096985620164187 0.256117251847423 0.00560071629497748 0.010114468977132
3 0.6109988604943157 0.2689614702510497 0.0203714196258195 0.0114697364625114
3 0.6092084521202921 0.09936610118288669 0.024416624877964 0.0110608511268216
3 0.6109303620484601 0.3279569888409793 0.0208375297093502 0.0118230945011007
4 0.6096818491615661 0.34876982673585166 0.00567625721633619 0.0101153595798174
31 0.607741526675643 0.512538075681862 0.0109911890583681 0.009927075253054099
24 0.6722410473235277 0.5031072477164169 0.0119839856400975 0.0114644065430279
35 0.6506368649769331 0.4814164628456769 0.0080787899480683 0.011674734553509798
26 0.67500007619738 0.4660612190510603 0.02802471807772425 0.010838063427930575
14 0.03705298123904309 0.565452488233907 0.00543258257110238 0.0329713973296662
34 0.0411366465915639 0.655777419305926 0.0109326867170902 0.00991507120338214
18 0.030341838869280588 0.652522919961041 0.007100651168659971 0.0136371903124279
19 0.043855153683683715 0.6440834249358482 0.006617750809662421 0.005104743192900279
32 0.03789536019327275 0.6974984811277438 0.0046077935380439 0.00572539921386392
15 0.041749472509589956 0.7372361151310991 0.0707132876990532 0.0696365023820481
27 0.07114503400782655 0.7305351290415132 0.009673573916142299 0.0093571147893504
34 0.11827899582897666 0.6556615305178957 0.0111326867170902 0.0098657517009913
19 0.1208408921954092 0.6439890055219961 0.008117750809662424 0.006904743192900285
18 0.10737470485697598 0.6524896007165389 0.007200651168659969 0.0135371903124279
32 0.11497998164254296 0.6989203061338469 0.0044077935380438995 0.00542539921386392
17 0.11285468122719809 0.7206169848009266 0.0127373162066882 0.030480581420557196
23 0.1297928597122343 0.6253692679347764 0.0112597310130146 0.0111269407312348
14 0.11416032474591718 0.5655366260756032 0.00553258257110238 0.0328713973296662
17 0.18694699728664613 0.7205932181358476 0.012537316206688201 0.0306805814205572
32 0.18920310874610596 0.698878910305397 0.0046077935380439 0.005625399213863919
34 0.1924833696238261 0.6557089035163485 0.0109326867170902 0.0099047504043405
19 0.1951012308670302 0.6440507601705141 0.006617750809662421 0.0052047431929002795
18 0.181676715237419 0.652520418735892 0.007000651168659971 0.0136371903124279
14 0.18829993461931518 0.5654514576811801 0.00543258257110238 0.0330713973296662
31 0.22892004366917637 0.7267921604373037 0.0103929618554627 0.00917753828948587
18 0.21894153249507087 0.7127257451322248 0.0064241063668377795 0.0120143904553596
19 0.23084714121436123 0.7051401726918222 0.00591775080966242 0.0042047431929002795
23 0.24988095307959232 0.6444655921549683 0.0112597310130146 0.0110269407312348
14 0.22476335361743618 0.5660291282245361 0.00543258257110238 0.0328713973296662
17 0.35561032466404235 0.7206719179116766 0.0127373162066882 0.0305805814205572
32 0.31984279996718995 0.698955639447678 0.0046077935380439 0.00552539921386392
32 0.3577947568874829 0.698895311437197 0.0044077935380438995 0.00542539921386392
32 0.39121705904913995 0.6988556394476789 0.0044077935380438995 0.00552539921386392
32 0.4293876403478669 0.7330429641519299 0.0044077935380438995 0.00582539921386392
32 0.561230644761175 0.733117283207788 0.0048077935380439005 0.00592539921386392
32 0.601887533106221 0.6989518417207999 0.0047077935380439 0.00572539921386392
32 0.67600566740549 0.698987484560114 0.0044077935380438995 0.00542539921386392
32 0.713072257420789 0.699049618208756 0.0045077935380439 0.00592539921386392
32 0.8430626448130079 0.6989530342626509 0.0043077935380439 0.005325399213863919
32 0.8801303832133839 0.698956169709497 0.0046077935380439 0.00552539921386392
32 0.926464590242948 0.6973761600449611 0.0045077935380439 0.00552539921386392
17 0.3176977035354621 0.7206646915784316 0.0126373162066882 0.030480581420557196
17 0.38904106004254113 0.7207993848741016 0.012537316206688201 0.0306805814205572
17 0.59957595331275 0.7206464328652075 0.0126373162066882 0.0307805814205572
17 0.673797302990436 0.7206266506469425 0.0126373162066882 0.0305805814205572
17 0.710881902535994 0.7206581706374134 0.0127373162066882 0.030480581420557196
17 0.8409122128156201 0.7208231336610526 0.012537316206688201 0.030180581420557198
17 0.877872611028303 0.7208041176924986 0.0126373162066882 0.0302805814205572
18 0.3123653249547507 0.6524939865327749 0.00717778607963949 0.013590454329578101
18 0.35019621156408276 0.652605121608408 0.00697778607963949 0.013690454329578099
18 0.38365967826879976 0.652568820684822 0.00697778607963949 0.013490454329578102
18 0.4219118145406107 0.652388181871007 0.00717778607963949 0.013490454329578102
18 0.5536029033379047 0.6525398597146301 0.00717778607963949 0.013690454329578099
18 0.5942523079065558 0.6525060748710281 0.00727778607963949 0.013690454329578099
18 0.6684699545238018 0.652570788485046 0.007077786079639489 0.0137904543295781
18 0.7053894630929587 0.6525590604129902 0.00717778607963949 0.013690454329578099
18 0.8355728164935817 0.6525497467288021 0.00717778607963949 0.013690454329578099
18 0.8724675013973487 0.6525417785476 0.00717778607963949 0.013490454329578102
18 0.9187532736628967 0.65259476723759 0.00717778607963949 0.0137904543295781
34 0.3232418541843731 0.655715289170252 0.0111326867170902 0.0096963505659512
34 0.3610797728078541 0.6557408865029101 0.011032686717090201 0.0099946987450022
34 0.39450224852928106 0.6556906111994187 0.011032686717090201 0.0096952493519858
34 0.4325876145249611 0.6557105152244493 0.011032686717090201 0.0098941481380169
34 0.5645420600064172 0.6558324080009165 0.0111326867170902 0.010124249756014692
34 0.6051045783160081 0.6556964348074663 0.0111326867170902 0.009921351182332701
34 0.6792458211536792 0.6557458078347124 0.011032686717090201 0.0099213511823309
34 0.7162720707231951 0.6557281749768187 0.0111326867170902 0.0099566168981213
34 0.8462899203729681 0.6557232386127514 0.0109326867170902 0.009921351182336599
34 0.8833501815911952 0.6556451970399434 0.0108326867170902 0.0099889840402254
34 0.9295400400177581 0.6557082020446882 0.0108326867170902 0.009956616898120501
19 0.3258436473637112 0.6440331333241912 0.006617750809662421 0.0052047431929002795
19 0.36376018951052413 0.6439524867422393 0.006617750809662421 0.0052047431929002795
19 0.3971717235111592 0.6440331333241902 0.006617750809662421 0.00500474319290028
19 0.43527591335571025 0.6441137799061422 0.00671775080966242 0.00500474319290028
19 0.5670949109598071 0.6441502816141942 0.006617750809662421 0.005104743192900279
19 0.6078551979877123 0.6441502816141942 0.00681775080966242 0.00530474319290028
19 0.6819771859547373 0.6440634503684602 0.00671775080966242 0.005104743192900279
19 0.7189452183447131 0.6440674344590611 0.006617750809662421 0.0052047431929002795
19 0.8490771636400163 0.6440887591466121 0.0065177508096624205 0.00530474319290028
19 0.8860421692629772 0.6441608936990052 0.006617750809662421 0.0052047431929002795
19 0.9323018388880832 0.6441326898294542 0.006617750809662421 0.00530474319290028
14 0.31900351214612316 0.5654521890960571 0.00543258257110238 0.0330713973296662
14 0.3569842352602742 0.5654494674729971 0.00543258257110238 0.0328713973296662
14 0.39041995735013124 0.5654008282845271 0.00553258257110238 0.0329713973296662
14 0.6010155528744582 0.565477391965581 0.00543258257110238 0.0329713973296662
14 0.6752685636583992 0.5653524885562962 0.00533258257110238 0.0330713973296662
14 0.7121766052047832 0.5655071687525192 0.00543258257110238 0.0331713973296662
14 0.7482217271582311 0.5659171538803001 0.00543258257110238 0.0331713973296662
14 0.8421987571867553 0.5653635378737071 0.00543258257110238 0.0333713973296662
14 0.8793042977043322 0.5654948266335611 0.00553258257110238 0.0329713973296662
14 0.9255522967928641 0.565432249113854 0.00553258257110238 0.0329713973296662
24 0.4622083879364158 0.6580389474136079 0.0119839856400975 0.0117644065430279
24 0.4877835987080168 0.6580389474136079 0.012083985640097501 0.011964406543027899
23 0.46856968454257425 0.6310742616001555 0.0115597310130146 0.0114269407312348
23 0.6166766518918443 0.6254184551381344 0.0114597310130146 0.0112269407312348
23 0.7738414840228873 0.6444730979281453 0.0113597310130146 0.0110269407312348
14 0.46334281729064364 0.5310056268200821 0.0177828489843653 0.00523718929513044
16 0.42781877614417807 0.5682810614499609 0.00679966181778011 0.0383056492750479
16 0.55958146769334 0.5683509162885689 0.00689966181778011 0.0384056492750479
27 0.9592318298262712 0.7305436192231691 0.0098735739161423 0.0092571147893504
15 0.9302740380371433 0.7371132314098351 0.07059706636528176 0.06943650238204803
18 0.7425133206241938 0.7128166910444791 0.00627778607963949 0.0120904543295781
19 0.7544150808103852 0.7052041302712673 0.00591775080966242 0.00450474319290028
31 0.7523760958847023 0.7267860914501147 0.010592961855462699 0.0092961911515154
