28 0.04226278330267952 0.12749327941388205 0.04853397478756594 0.15677278723251437
30 0.3204980860806345 0.17219621234065552 0.05941271295018613 0.07057653731683541
11 0.9061911293867371 0.7806666712498807 0.015846075846872476 0.20395440064411552
31 0.9237889853680674 0.7009781615427311 0.02046983524054169 0.09525783749555083
11 0.6584110215723329 0.7809877543841948 0.015846075846872254 0.20395440064411552
31 0.6760088775536645 0.7012992446770452 0.02046983524054169 0.09525783749555095
11 0.4091424553580917 0.7814118508129015 0.015846075846872365 0.20395440064411552
31 0.426740311339423 0.7017233411057524 0.02046983524054158 0.09525783749555095
11 0.15801200251114922 0.7811377105316328 0.015846075846872365 0.20395440064411563
31 0.1756098584924805 0.7014492008244833 0.02046983524054158 0.09525783749555095
