28 0.894740238028743 0.04410946432004098 0.1629970169985695 0.04695153419076592
30 0.848262498831924 0.3132729603789729 0.07337858346340953 0.05747557325886876
11 0.2156344038369727 0.8798695984751667 0.2120518458309787 0.015329417694932124
31 0.2984867253439099 0.8968936798616203 0.099039786378749 0.019802420333021264
11 0.2153005729851672 0.6401683118041199 0.2120518458309787 0.015329417694931902
31 0.2981528944921044 0.6571923931905748 0.099039786378749 0.019802420333021264
11 0.21485963898112714 0.39902709762337785 0.2120518458309788 0.015329417694932124
31 0.2977119604880638 0.4160511790098324 0.09903978637874888 0.019802420333021264
11 0.21514466324378617 0.1560847032533511 0.2120518458309787 0.015329417694932124
31 0.29799698475072345 0.17310878463980556 0.09903978637874888 0.019802420333021264
