28 0.3219295911604082 0.06221664261446122 0.2278986642198746 0.03207412004415211
2 0.6253873293465269 0.4746223027158748 0.1735446422215935 0.04819660082950694
4 0.17230543146542276 0.7008332743823211 0.07217773580098963 0.02640920967006488
10 0.670652992477346 0.5286358125839516 0.16350873418705936 0.021928765465324296
10 0.36090724441999 0.36636137549738407 0.16030209619779034 0.020551062517458862
10 0.1355881434919296 0.3595103765771273 0.15943896576300642 0.019523035173708903
11 0.8654476639653963 0.1959456546448995 0.07440766049835756 0.041726998959904504
31 0.9480810746603437 0.17964219489524338 0.09611922634689107 0.019488786089177645
2 0.22217487418074205 0.4746223027158751 0.1735446422215935 0.04819660082950683
10 0.2674405373115561 0.5286358125839519 0.16350873418706013 0.021928765465324296
