28 0.0833408580409391 0.029758127938682544 0.16380996970180428 0.051918277308410477
30 0.13005040641080962 0.3273949415284126 0.07374456143579558 0.06355559626208496
11 0.7658337537498754 0.9539287041775713 0.21310946102215567 0.016951032007351707
31 0.682568203706744 0.9727536689753494 0.0995337504005881 0.021897208854779082
11 0.7661692495934604 0.6888707441542388 0.21310946102215567 0.016951032007351596
31 0.682903699550329 0.7076957089520183 0.0995337504005881 0.021897208854779082
11 0.7666123827695905 0.42222053465406006 0.21310946102215567 0.016951032007351596
31 0.6833468327264596 0.44104549945183924 0.09953375040058798 0.021897208854779082
11 0.7663259369395365 0.15357860807452572 0.21310946102215567 0.016951032007351596
31 0.6830603868964051 0.1724035728723049 0.0995337504005881 0.021897208854779082
