0 0.7336445115446686 0.20063295526825214 0.08896950091085054 0.12959659361172549
29 0.22946508676426872 0.671766423489075 0.04656658038535849 0.13013128698018905
3 0.25231802431151873 0.1682511465317817 0.04138771723227738 0.19813434175087352
3 0.4239905585388055 0.17021709015249403 0.04018043527075077 0.1983479527402755
24 0.8607180142137629 0.766606843712164 0.029209666726473515 0.11339618789259365
4 0.22323623172440565 0.1854175477879964 0.025907690944330847 0.053124328555021694
4 0.47472943352394903 0.1868743074391208 0.02590769094433082 0.05312432855502092
11 0.6449461074043485 0.0819589587565206 0.026105921844715718 0.1294536736384222
35 0.8042563769455946 0.56738036943629 0.029645377271405593 0.07595661595463976
31 0.8823756230994173 0.17237187766385131 0.019041992281554676 0.0953899959138862
