0 0.11648603064043005 0.15062226987092384 0.09470086950885295 0.17686491640247565
24 0.6565370643141397 0.902015429893612 0.025626012406367082 0.12206759793931166
16 0.467275023367455 0.6951998537603801 0.10591114796571477 0.0884893120169884
17 0.895865159730656 0.1778447745782164 0.09604139828688718 0.15948716622320402
32 0.8296915937677614 0.20716644358836184 0.01499426835711315 0.05500859799592392
14 0.45960789814195485 0.19605991126307626 0.09080073239069486 0.06987869088730356
18 0.7011026538573162 0.11009305488679717 0.03749460226027079 0.08902650297744549
19 0.6775123346787594 0.28170935952716486 0.012297000552355497 0.08156736448786261
34 0.7130181620663736 0.2456804485681562 0.02061910564016589 0.13541627850588672
18 0.6844127989367215 0.6187276931270311 0.03591752360858591 0.08902650297744552
19 0.6605596333162171 0.7903439977674072 0.012297000552355497 0.0815673644878615
34 0.6960654607038307 0.7555138790789255 0.02061910564016589 0.13541627850588667
32 0.9364362547689684 0.7140094257855069 0.01499426835711315 0.055008597995923836
35 0.19164667538553548 0.6511350452451783 0.03155511693083693 0.10366059906853009
31 0.2747983224151851 0.1120534079228889 0.02026866743976724 0.13018199925445822
