0 0.1791840767771109 0.6613285247001262 0.07414994767995228 0.14792338462752508
11 0.10526006957277378 0.5258723468635033 0.02175748676911493 0.147760253748906
26 0.19916772552514211 0.20724748947839433 0.02378545391277684 0.2382038926923492
17 0.789577829803884 0.27959141197849374 0.07519956991964516 0.1333892662957702
32 0.7377645098270731 0.3041149896960699 0.01174038020923529 0.04600719105113682
14 0.44799223202035604 0.29482588993310455 0.07109617462849116 0.058443996014835686
18 0.6370805011581904 0.22292633732748876 0.02935794370525635 0.07445852976295436
19 0.6186094887808458 0.36645997393579544 0.009628443247738816 0.06821997757166687
34 0.6464102392573645 0.3363267029518986 0.01614457831649363 0.1132572511140143
17 0.7894310781468772 0.6840964377280436 0.07519956991964483 0.13338926629577064
32 0.7376177581700654 0.7086200154456198 0.01174038020923529 0.046007191051136376
14 0.4478454803633488 0.6993309156826537 0.07109617462849127 0.05844399601483574
18 0.6369337495011831 0.6274313630770385 0.029357943705256018 0.07445852976295442
19 0.618462737123838 0.770964999685346 0.009628443247738705 0.06821997757166687
34 0.646263487600357 0.7408317287014479 0.01614457831649352 0.1132572511140143
31 0.3031412084599836 0.6290709310708607 0.015870188288615417 0.10887949028554689
