0 0.5132331290046088 0.40831839175924994 0.13169438019896562 0.04590619491442227
3 0.4803271542993824 0.15996510985717793 0.20134155231878326 0.02135510028579013
3 0.4823249207484877 0.24854414803327612 0.20155862104002809 0.02073217084957768
4 0.4977714289572265 0.14495958071183024 0.05398425473666779 0.013367766460382846
4 0.4992517692501858 0.27472422840868976 0.0539842547366669 0.013367766460382735
11 0.39263815053495343 0.36255207647842386 0.13154914677285712 0.013470048998308282
26 0.1089703368557648 0.4206902585404384 0.21207001237897993 0.014725562426029182
16 0.9187279486633044 0.5783631649221324 0.0658895236961029 0.051340371290569786
17 0.17337724627581724 0.786212853963552 0.1187548324036084 0.046556015509438886
32 0.19521028758912695 0.7541352539052868 0.04095963951495096 0.007268463419297766
14 0.18694031567785385 0.574737384021317 0.052031974869323205 0.04401560557065265
18 0.12292902334012046 0.6918018353212472 0.06628951840406905 0.01817548802376978
19 0.2507152645651416 0.6803664409481998 0.06073541168700558 0.005960964320041673
34 0.22388798194458598 0.6975778714356595 0.10083154550618179 0.009995100228620712
17 0.5335031235168733 0.7861220000873006 0.11875483240360873 0.046556015509438775
32 0.5553361648301831 0.7540444000290347 0.04095963951495052 0.007268463419297766
14 0.5470661929189093 0.5746465301450652 0.052031974869323094 0.04401560557065276
18 0.4830549005811763 0.6917109814449953 0.06628951840406905 0.01817548802376967
19 0.6108411418061983 0.6802755870719477 0.06073541168700558 0.005960964320041673
34 0.5840138591856414 0.6974870175594077 0.10083154550618179 0.009995100228620712
18 0.8617864477600556 0.6836205833625719 0.06628951840406916 0.01741100000634066
32 0.9327336371856112 0.8057888163095761 0.04095963951495052 0.007268463419297766
35 0.8859171020350788 0.44475247336226936 0.0771861295222509 0.015296325745340345
31 0.4845145879138057 0.4850601889703239 0.096934078581557 0.009825225501848056
