0 0.9139257529102651 0.8680941783854167 0.08467894226009287 0.1627157230902776
24 0.7929803762908526 0.15748251845028283 0.027801029081258477 0.1423752136873675
24 0.4310268045148183 0.17681247116454368 0.022914083431011423 0.11230219010416675
16 0.600259774818786 0.36708280120711695 0.09470286840872677 0.08141016705562942
17 0.2170261297786834 0.8430494740547076 0.08587760663964805 0.14672819292534767
32 0.27619673296720587 0.8160735385653738 0.01340746701724449 0.05060791015624999
14 0.6071155096989218 0.8262915483046365 0.0811915457076876 0.06428839561631927
18 0.39117746624278826 0.9053810561708133 0.03352665372904329 0.08190438273924983
19 0.412271288147258 0.747494055901675 0.01099564349457105 0.07504197532883361
34 0.38052294282745563 0.780640653983963 0.018437043556344013 0.12458297622541581
18 0.40610108065604605 0.437437188989798 0.03211647288510522 0.08190438273924983
19 0.42742993270117213 0.2795501887206521 0.01099564349457105 0.07504197532883261
34 0.3956815873813703 0.3115938979140554 0.018437043556344013 0.1245829762254157
32 0.18074855986833688 0.34977799494400036 0.01340746701724449 0.0506079101562501
35 0.8467191482654455 0.4076224250411027 0.0282157274632735 0.09536775114304774
31 0.7723672066816664 0.9035775313776089 0.018123691247213136 0.1197674393141015
