0 0.720187855066749 0.2792647691514758 0.11247834590241879 0.16949554488570584
11 0.8323234709772427 0.4344749729226063 0.033004016851726825 0.16930862408728808
26 0.6898745800530541 0.7995659553430435 0.03608024815060895 0.2729419603766501
14 0.31243171210435317 0.6992157048220214 0.10784606560638554 0.06696707876699937
18 0.025602976445983416 0.7816006088492895 0.044533179730838146 0.08531706535338524
19 0.05362172742763155 0.6171349835689381 0.014605423253909788 0.0781687243008683
14 0.31265432026734025 0.2357203628173296 0.10784606560638588 0.06696707876699926
18 0.025825584608970442 0.31810526684459717 0.0445331797308377 0.08531706535338524
19 0.05384433559061924 0.15363964156424476 0.014605423253909788 0.0781687243008683
31 0.5321567967755587 0.3162265951850091 0.024073550740292937 0.12475774928552241
