20 0.2568123811944381 0.8250631524890129 0.16504329758843095 0.24629227797520126
0 0.6330311523244833 0.21319323082748723 0.09344099097880165 0.12452733909970232
3 0.9582479056292368 0.1839671019322434 0.042199851086279994 0.19058944438478848
24 0.49957110258850185 0.7570286848594774 0.030677706148055317 0.10896062271992413
24 0.10016483306771867 0.7422353537006043 0.025285089846637132 0.08594555365114798
4 0.9049589615391489 0.19997276139983552 0.027209777407165014 0.05104633611154219
11 0.7261874215657211 0.09916124438339136 0.027417971131811658 0.12439000953351786
16 0.2869089754652236 0.596620305198635 0.10450213047614876 0.06230369927726731
14 0.29447409902475247 0.24518503956277818 0.08959274038549714 0.0492003027675913
18 0.056192133851059034 0.18465735497131636 0.03699578271800563 0.06268192556575244
19 0.07946861286316048 0.3054892429323916 0.012133404092678934 0.057430083159821566
34 0.04443514681551469 0.28012194848166105 0.020344793813467432 0.09534411445822638
18 0.07265995079044846 0.5427776614873995 0.03543968515703033 0.06268192556575247
19 0.0961957793960459 0.6636095494484805 0.012133404092678934 0.0574300831598209
34 0.061162313348400776 0.6390863026167944 0.020344793813467432 0.09534411445822633
35 0.558870427465122 0.5655950828767071 0.03113531493175703 0.07298552383396506
31 0.47682501077289574 0.18603760353754423 0.019999017762076354 0.09165875457711853
