13 0.5379411128018466 0.6592190730977556 0.3634343496271324 0.0679130337138828
2 0.8033140067722453 0.6366065604722697 0.14926787286288512 0.022783865006733572
2 0.8608749099510286 0.2564082830864355 0.12312329879981898 0.02342472281311217
4 0.7605717290463636 0.3917370110013922 0.060559998796988146 0.02475513866996215
31 0.7123224619989815 0.7270463067573152 0.10555834324048918 0.016445077015487253
23 0.4884937120520523 0.48721687999280844 0.1235055803824161 0.018039265655607428
10 0.9054228950832246 0.6663403220838949 0.18010286564481393 0.021041199077191486
10 0.9055244240581162 0.6177921475192825 0.18046307903787362 0.021173074421523053
30 0.3374318532750061 0.03681111927427389 0.2960347969986684 0.042390544848073336
2 0.5205193475462722 0.2561828077799766 0.17796804517663078 0.022909198817029824
10 0.8906726208437331 0.3011202536483187 0.09565250930178593 0.03808406244512741
2 0.6909873878587602 0.6698966428377406 0.06475301779042109 0.03515644091270831
24 0.13130544090394575 0.6312522433034666 0.08601359752352977 0.01585602117988716
