24 0.08668102814377071 0.2777464308702473 0.14711185923793868 0.027519121137378977
18 0.90343475341797 0.8607709228697404 0.08426613169887598 0.036426634924143664
20 0.5804569545813016 0.657461534557715 0.2551150639048777 0.11580676786589805
19 0.7575781256424754 0.8379751835326699 0.06552312354372258 0.011917519662137055
24 0.45283473190015133 0.3468148882678321 0.11791894307752004 0.026464640871766698
35 0.6636683997187267 0.3982414431357537 0.08143385147828408 0.02780041629527691
11 0.9054338939197979 0.07695731686378196 0.10724991632763725 0.019262152411150604
7 0.20258583620731818 0.08810644188441008 0.26333345384223183 0.06376772566410882
32 0.8158845406680273 0.8708619697494933 0.0432610879463059 0.012693544943689683
16 0.831922043532328 0.680343602115493 0.06658757147561312 0.0973584067964095
14 0.4236786852620439 0.5808173290770289 0.21265816595239895 0.01748066319580499
22 0.35183861091987634 0.6927110174400383 0.10443828802129329 0.021982367269558267
