24 0.606137543973357 0.09486029345406655 0.1237693871079335 0.031588187767094045
24 0.4028624616235889 0.9146999489265804 0.10273383302583039 0.03107083441840286
23 0.8738944999623927 0.7078699342067145 0.10109430999192792 0.024834710787259517
22 0.7399485917546373 0.7077850616765123 0.09193748342366281 0.024834710787259517
11 0.8662050583092711 0.7950309191806176 0.09171752712242653 0.02220576726439294
6 0.8032877757160388 0.8749814154724903 0.2207475692099199 0.1376242762478641
4 0.17998256500615512 0.5661127659540302 0.04517621348844336 0.026597003701246846
8 0.1796924046993305 0.6495808703108946 0.045793164129527386 0.02284669478925072
8 0.18651002204581435 0.9084352498512973 0.061126605356738306 0.025057285080935077
8 0.17934082029073228 0.479368898550087 0.04691990270202284 0.023766089760952624
24 0.914193058572821 0.01557914962077056 0.09920855727555189 0.03037778862460061
7 0.7036515522334632 0.31254106713610025 0.22154991688571524 0.07319662868965648
