31 0.8428225575672734 0.9196251177935575 0.025173493499002886 0.09904066631897201
24 0.7589039611403325 0.16314892840206674 0.022673729869631898 0.11957755403297687
4 0.42055913917261145 0.9755612393560953 0.019091100816232442 0.04364618130256115
23 0.3188909061215608 0.42183746698683916 0.017826142098830378 0.0976704385305257
8 0.48282314215580985 0.9749412293101769 0.017059095104487443 0.045330815088229115
29 0.4402029711230172 0.6811148548522274 0.034486297304539226 0.11204696593545715
22 0.31895182689477336 0.2924280512139277 0.01782614209883049 0.08882373621323558
11 0.2563274997292499 0.4144084520563724 0.015939109017999775 0.08861122941239785
6 0.19893972018232287 0.3536220578219127 0.09878552344171831 0.2132712700744679
24 0.8158112852415328 0.4607711902789109 0.021804915761216348 0.09584855266194126
35 0.8581829804486609 0.6321440111795711 0.022905496370893785 0.06619222152245552
11 0.5934685132196682 0.8286592791932761 0.01587059551421799 0.08717640257647508
7 0.6026545714421858 0.25736032319168806 0.052539911390735106 0.21404644376480875
