24 0.3227036926659433 0.290007915681613 0.11015272218801309 0.02174010569852941
18 0.934263132280122 0.7505972643612127 0.06309582274989722 0.02877704159007355
20 0.6924275390625181 0.5899828475947126 0.19102211681547476 0.09148734661405944
19 0.8250502878373871 0.7325886302849268 0.04906164915589084 0.009414840533088276
24 0.5968680422766321 0.34457199702570496 0.08829398693489177 0.020907066288695708
35 0.7547336457664029 0.3851989753713631 0.060975100614281685 0.021962328873268766
11 0.9357600256608011 0.13138451561650538 0.0803053560679845 0.015217100404808961
7 0.4094895588021955 0.1401923243828016 0.1971757880986169 0.05037650327464595
32 0.8687082931767167 0.7585691913962173 0.03239253875782511 0.01002790050551483
32 0.8689017212746049 0.9355757325787557 0.03239253875782544 0.010853547564338206
16 0.8807166697056512 0.6080596809653571 0.04985867420834078 0.0769131413691635
14 0.5750369137594287 0.5294339252649705 0.15923173017125436 0.013809723924685824
22 0.5212453310007613 0.6178299390717479 0.07820009743466305 0.017366070142950996
20 0.11455525417586421 0.5899646992791985 0.19102211681547487 0.09148734661405944
