30 0.23994218426044295 0.8459019735781972 0.40969846112651276 0.026051370771602467
24 0.4240956737902929 0.6754740416615708 0.11226156754032268 0.03139281197714272
23 0.93881213503955 0.4665007107269913 0.1104699919669857 0.025092065303189637
22 0.7924438240544626 0.46641495868870414 0.10046394357988953 0.025092065303189748
11 0.9304095596847277 0.554564918343111 0.10022358810555476 0.02243587884226239
6 0.8616572065284134 0.6353439171872313 0.24122012603180742 0.13905043455095079
4 0.18054546418011297 0.32327455627479745 0.049365942965194254 0.026872620319912666
8 0.18022839384483297 0.40760761508095583 0.05004011080283022 0.0230834481031289
8 0.187678290219418 0.669144423424886 0.06679560504708093 0.025316946066229806
8 0.17984420281769548 0.23563178869050233 0.05127134529132327 0.024012370483864065
7 0.7527805268357602 0.06707517145875413 0.2420968849839873 0.073955142976596
