31 0.1914987525592315 0.5291992311653444 0.10029208268040313 0.041032794403374706
20 0.5511040229439106 0.15602915908898862 0.2099864063910184 0.15552848924390106
24 0.656150473381825 0.5732276050563014 0.09705963545730878 0.03554201269078272
35 0.4826122919282683 0.5041617418686828 0.06702858533230616 0.03733595908455689
1 0.21874306907895846 0.7587830441517398 0.2994825961569467 0.16492330144169587
11 0.28361397901186314 0.9356463234519408 0.08827790946823555 0.025869070688175344
7 0.862131513879897 0.9206730485492373 0.2167510017185157 0.08564005556689813
14 0.09690310066205127 0.1386004009781006 0.04276252176994022 0.1040385825362703
16 0.3441219280672535 0.12529854235889276 0.05480854258642531 0.130752340327578
14 0.680148952203083 0.25896232704955013 0.17503993443013344 0.02347653067196598
22 0.7392808545497047 0.10868910357802863 0.08596364501391651 0.029522319243016737
