14 0.20213679606119966 0.1406014498901385 0.050198793945312015 0.16306304748535183
14 0.9201783694051178 0.19337049813550494 0.055691142578124686 0.18362985076904295
32 0.9120464520874038 0.9420201656464893 0.04756704752604146 0.031186892700196034
34 0.8796631285601815 0.7056325657236946 0.11148571261904017 0.04013485654285487
19 0.850038515923275 0.6339333167955723 0.06816808228332905 0.026653803140176513
14 0.557785212374922 0.19312243872217338 0.055691142578124575 0.18362985076904256
32 0.549653295057208 0.941772106233158 0.04756704752604157 0.031186892700195257
18 0.6304957144908069 0.6809715816359929 0.07196821899414085 0.07390610595703107
34 0.5172699715299865 0.7053845063103636 0.11148571261904006 0.04013485654285487
19 0.48764535889308 0.633685257382242 0.06816808228332905 0.026653803140176513
25 0.10286504944666319 0.2868705778459727 0.11097895937986291 0.06157051856006035
19 0.13880343635764852 0.9770562021847876 0.06293077834691585 0.024307013136496636
