25 0.15868447434991306 0.9612503832381218 0.11182075608295983 0.058737307268295735
17 0.3870441935590984 0.46071160166327374 0.13204447428385413 0.19415779113769527
32 0.4102180979780485 0.5937410737091722 0.04756704752604157 0.031186892700196034
18 0.3293756785444553 0.8545415983063376 0.07196821899414096 0.07390610595703107
34 0.4426014215052764 0.8301286736319688 0.11148571261904017 0.04013485654285487
19 0.4722260341421792 0.9018279225600885 0.06816808228332916 0.026653803140176513
17 0.7901286980317319 0.4611176612893999 0.13204447428385413 0.19415779113769527
32 0.8133026024506833 0.5941471333352986 0.04756704752604146 0.031186892700195368
18 0.7324601830170879 0.8549476579324637 0.07196821899414041 0.07390610595703107
34 0.8456859259779089 0.8305347332580932 0.11148571261904006 0.0401348565428542
19 0.875310538614813 0.9022339821862146 0.06816808228332916 0.026653803140176513
