25 0.7366394639089264 0.7608416273957304 0.11097895937986291 0.06000000232293845
17 0.5110381836481503 0.2606956733701665 0.13204447428385513 0.19415779113769527
32 0.48786427922919506 0.3937251454160666 0.04756704752604146 0.031186892700195257
18 0.5687066986627917 0.6545256700132331 0.07196821899413997 0.07390610595703107
34 0.45548095570196995 0.6301127453388617 0.11148571261904017 0.04013485654285487
19 0.42585634306506676 0.701811994266983 0.06816808228333004 0.02665380314017729
17 0.1508178592876277 0.2612974457962892 0.13204447428385424 0.19415779113769527
32 0.12764395486867197 0.3943269178421879 0.04756704752604146 0.031186892700195257
18 0.20848637430226802 0.6551274424393541 0.07196821899413908 0.07390610595703173
34 0.09526063134144636 0.6307145177649836 0.11148571261903917 0.04013485654285487
19 0.06563601870454555 0.7024137666931061 0.06816808228333004 0.026653803140176513
