17 0.4655730960083002 0.8726542769368473 0.1941577911376946 0.1320444742838539
32 0.5986025680541992 0.8958281813557964 0.031186892700195257 0.04756704752604202
18 0.8594030926513646 0.8149857619222051 0.07390610595703184 0.07196821899414063
18 0.8591383686822045 0.1309439994127993 0.07397662414550799 0.07313915568033853
32 0.6068360476684582 0.2113140500895183 0.02968204650878903 0.04571540242513025
19 0.907039392887641 0.2743720310141022 0.027021022949218598 0.06712046457926443
34 0.8348811854405394 0.24416805780382855 0.041389070809818684 0.11148571261904094
27 0.6968386848622565 0.5490770687246125 0.0524440214964258 0.1015580532127317
34 0.834990167976996 0.9282115048830256 0.0401348565428542 0.11148571261904006
19 0.9066894169051154 0.9578361175199285 0.026653803140176513 0.06816808228332882
