25 0.2684371167618782 0.12326780768324638 0.05873730726829579 0.11182075608295983
17 0.7689758983367263 0.3516275268924318 0.19415779113769538 0.13204447428385419
32 0.6359464262908279 0.3748014313113818 0.031186892700196034 0.04756704752604146
18 0.3751459016936625 0.2939590118777886 0.07390610595703107 0.07196821899414085
34 0.3995588263680311 0.40718475483860983 0.040134856542854924 0.11148571261904011
19 0.32785957743991145 0.4368093674755125 0.02665380314017657 0.06816808228332905
17 0.7685698387106001 0.7547120313650653 0.19415779113769538 0.13204447428385413
32 0.6355403666647014 0.7778859357840167 0.031186892700195257 0.04756704752604146
18 0.37473984206753636 0.6970435163504213 0.07390610595703107 0.07196821899414041
34 0.3991527667419067 0.8102692593112423 0.04013485654285415 0.11148571261904006
19 0.3274535178137853 0.8398938719481464 0.02665380314017657 0.06816808228332916
