25 0.835065525650087 0.9565628832381219 0.11182075608295983 0.058737307268295846
17 0.6067058064409016 0.45602410166327373 0.13204447428385424 0.19415779113769538
32 0.5835319020219515 0.589053573709172 0.04756704752604146 0.031186892700196034
18 0.6643743214555448 0.8498540983063374 0.07196821899414085 0.07390610595703107
34 0.5511485784947235 0.8254411736319689 0.11148571261904006 0.04013485654285498
19 0.5215239658578208 0.8971404225600885 0.06816808228332905 0.026653803140176624
17 0.20362130196826816 0.4564301612893999 0.13204447428385413 0.19415779113769538
32 0.1804473975493167 0.5894596333352986 0.04756704752604146 0.031186892700195257
18 0.26128981698291204 0.8502601579324636 0.07196821899414052 0.07390610595703107
34 0.1480640740220911 0.8258472332580933 0.11148571261904006 0.04013485654285409
19 0.1184394613851869 0.8975464821862147 0.06816808228332905 0.026653803140176624
