15 0.4647369171974084 0.44961945364315076 0.359047780839326 0.7569393130623457
27 0.7181285734187771 0.14435007182830284 0.05243707105756745 0.10210518786787093
17 0.4878599457962892 0.909151192620961 0.19415779113769527 0.13204447428385413
32 0.6208894178421879 0.8859772882020053 0.031186892700195257 0.04756704752604146
34 0.8572770177649836 0.8535939646747797 0.04013485654285487 0.11148571261903917
19 0.9289762666931061 0.8239693520378788 0.026653803140176513 0.06816808228333004
32 0.6652650757067378 0.48358502229118583 0.031186892700195368 0.04756704752604346
18 0.8811566236060879 0.5633890838820624 0.07390610595703107 0.07196821899414085
34 0.8567436989317172 0.4501633409212445 0.04013485654285487 0.11148571261904106
19 0.9284429478598379 0.42053872828433614 0.02665380314017718 0.06816808228332816
