14 0.11438706929524795 0.8597522355651841 0.05569114257812491 0.18362985076904292
32 0.10625515197753682 0.11110256805419921 0.04756704752604202 0.031186892700195368
18 0.18709757141112826 0.3719030926513646 0.07196821899414063 0.07390610595703173
18 0.871139333920534 0.3716383686822045 0.07313915568033857 0.07397662414550787
32 0.790769283243815 0.11933604766845818 0.04571540242513028 0.02968204650878903
14 0.7989695472208656 0.8596789443969723 0.056842975056966005 0.1833852044677734
19 0.7277113023192312 0.41953939288764097 0.06712046457926435 0.027021022949218487
34 0.7579152755295048 0.34738118544053936 0.11148571261904094 0.041389070809818684
27 0.4530062646087208 0.20933868486225649 0.1015580532127317 0.05244402149642591
34 0.07387182845030771 0.347490167976996 0.11148571261904006 0.0401348565428542
19 0.04424721581340485 0.4191894169051153 0.06816808228332882 0.026653803140176513
