25 0.14826780768324638 0.10749961676187816 0.11182075608295985 0.05873730726829579
17 0.37662752689243173 0.6080383983367262 0.13204447428385419 0.19415779113769527
32 0.3998014313113818 0.4750089262908279 0.04756704752604152 0.031186892700196034
18 0.31895901187778863 0.2142084016936625 0.07196821899414091 0.07390610595703107
34 0.4321847548386098 0.23862132636803113 0.11148571261904006 0.040134856542854896
19 0.4618093674755125 0.1669220774399115 0.0681680822833291 0.02665380314017654
17 0.7797120313650652 0.6076323387106001 0.13204447428385424 0.19415779113769527
32 0.8028859357840166 0.4746028666647014 0.04756704752604157 0.031186892700195312
18 0.7220435163504213 0.21380234206753634 0.07196821899414041 0.07390610595703107
34 0.8352692593112423 0.2382152667419067 0.11148571261904017 0.04013485654285415
19 0.8648938719481464 0.16651601781378533 0.06816808228332905 0.02665380314017654
