15 0.42799452942361 0.34624150194143194 0.3284715237596131 0.661665717709362
17 0.4996749744126305 0.8808063124037318 0.14648398014992103 0.11258384673128796
18 0.8225671367941163 0.8319790707642223 0.06233510114010199 0.06346550437618526
32 0.6023613609801828 0.8998673556728576 0.026178397679083698 0.04144329964453797
18 0.8223735451052662 0.24614763891448416 0.06195762170353869 0.0645813020054159
32 0.6098086711301598 0.3127918763368617 0.02698110417663735 0.04026541873967959
34 0.8113755436059151 0.3389804423901096 0.054901017281562825 0.09242829491706117
19 0.8627351540779753 0.36538652471174315 0.02336513446014621 0.058478101889081646
34 0.8112799880378609 0.9258085797225135 0.05432768387324238 0.09242829491706117
19 0.8623529318057631 0.9522146620441461 0.02336513446014621 0.058478101889081535
27 0.452386387009263 0.618991924065549 0.04420931867106004 0.08580711640797722
