13 0.19250018907234057 0.7071422960864184 0.23164401567518336 0.21967415728609685
25 0.40845765975584436 0.9451788022509429 0.13165518758966738 0.05163205325771758
25 0.5333911254530248 0.8879565639924896 0.13165518758966688 0.050118895443983624
24 0.5755166653482343 0.7786496113953185 0.07875172403418085 0.04092662033662686
31 0.08686009014941831 0.5878215757041354 0.10910708497728243 0.05472727988510118
2 0.10023075423162832 0.6799271754796201 0.06213312387858991 0.09068115448551028
10 0.8973705969184536 0.7735380422461281 0.07286205968437398 0.10351115989476622
10 0.8964883120344329 0.6428078886859586 0.07286205968437398 0.10351115989476622
25 0.9284711219509276 0.3484524397898987 0.13165518758966743 0.05163205325771747
25 0.8165541862998646 0.28534397853935883 0.13165518758966743 0.050118895443983624
26 0.6862082643482281 0.22843033133528046 0.2008819209994509 0.050107625238065
