20 0.1290144946196738 0.8426323968228484 0.24795615395285886 0.28800326924391095
19 0.947043509573239 0.5355601877657445 0.05847810188908176 0.02336513446014621
17 0.6753000711194403 0.17373890506086376 0.11258384673128796 0.14648398014992026
18 0.7241273127589546 0.4966310674423536 0.06346550437618537 0.06233510114010199
14 0.6635708131853131 0.9088397103201483 0.048036108266287236 0.15577717401632252
32 0.656239027850316 0.2764252916284193 0.04144329964453752 0.02617839767908381
34 0.6302978038006569 0.4853439186860943 0.09242829491706117 0.05432768387324316
19 0.6038917214790274 0.536416862454001 0.05847810188908131 0.02336513446014621
18 0.38554141793621566 0.4962631771059673 0.06346550437618625 0.06233510114010199
34 0.2932381225108685 0.4849760283497059 0.08937586785116125 0.05432768387324316
19 0.26530582665628993 0.5360489721176152 0.05847810188908131 0.02336513446014543
32 0.3187743314202839 0.09366842900320516 0.04144329964453752 0.02747065930564574
16 0.3326226673610075 0.8947892295573092 0.0622122878943695 0.181823537606002
