18 0.8360291008531661 0.7479756072459043 0.06346550437618537 0.06233510114010199
14 0.7754726012795257 0.3357669643681087 0.04803610826628757 0.1557771740163229
32 0.7681408159445285 0.9681813830598376 0.04144329964453797 0.026178397679084586
34 0.742199591894869 0.7592627560021608 0.09242829491706128 0.05432768387324316
19 0.7157935095732391 0.7081898122342555 0.05847810188908176 0.02336513446014621
18 0.49287731275895463 0.7471189325576464 0.06346550437618537 0.06233510114010199
14 0.43232081318531307 0.3349102896798517 0.048036108266287125 0.15577717401632257
32 0.4249890278503159 0.9673247083715808 0.04144329964453752 0.02617839767908381
34 0.3990478038006569 0.7584060813139057 0.09242829491706128 0.05432768387324316
19 0.3726417214790274 0.707333137545999 0.058478101889081424 0.02336513446014621
18 0.1542914179362157 0.7474868228940328 0.06346550437618625 0.06233510114010199
34 0.06198812251086849 0.7587739716502941 0.08937586785116114 0.05432768387324316
19 0.03405582665628987 0.7077010278823849 0.05847810188908131 0.023365134460145542
16 0.10137266736100753 0.34896077044269075 0.0622122878943695 0.181823537606002
