14 0.9366310963288048 0.47459922032808743 0.04803610826628768 0.15577717401632257
23 0.7716586834275175 0.7665931025954468 0.10060587116418485 0.0536281991626133
34 0.9033580869441531 0.898095011962139 0.09242829491706128 0.054327683873242494
19 0.8769520046225208 0.8470220681942369 0.058478101889081535 0.02336513446014621
18 0.48971667073321656 0.8864288070381743 0.06346550437618537 0.06233510114010199
14 0.42916017115957766 0.47422016416037815 0.04803610826628757 0.15577717401632257
34 0.39588716177492506 0.897715955794428 0.09242829491706128 0.05432768387324316
19 0.3694810794532927 0.8466430120265261 0.05847810188908131 0.02336513446014621
25 0.07387929437213148 0.4890127863095802 0.10455053219277444 0.05213511792991099
14 0.1639978381107215 0.4766992205395647 0.04803610826628757 0.1557771740163229
