20 0.4026801031771516 0.41681883871365955 0.28800326924391084 0.24795615395285897
23 0.6910009368650251 0.722755885321575 0.05241866357964686 0.10290045048415375
25 0.0400640026548091 0.8137242062702019 0.051336273380982435 0.10113091693070453
14 0.1699510318074452 0.6084713086803238 0.030386670640970698 0.2081837309322414
18 0.7490493228940327 0.16029191539711765 0.0623351011401021 0.06346550437618625
34 0.7603364716502942 0.25259521082246483 0.05432768387324316 0.08937586785116122
19 0.7092635278823849 0.28052750667704346 0.023365134460145542 0.05847810188908131
16 0.3505232704426907 0.21321066597232582 0.181823537606002 0.062212287894369445
24 0.6570468669680626 0.5211011887843985 0.05668343560966993 0.10778726601511529
24 0.7897177382072111 0.6859175698193345 0.05668343560966982 0.10778726601511535
