18 0.7370381072459042 0.967279100853166 0.06233510114010199 0.06346550437618526
14 0.32482946436810867 0.9067226012795258 0.15577717401632293 0.04803610826628768
32 0.9572438830598375 0.8993908159445285 0.026178397679084475 0.04144329964453797
34 0.7483252560021608 0.8734495918948688 0.05432768387324316 0.09242829491706128
19 0.6972523122342554 0.8470435095732392 0.02336513446014621 0.05847810188908176
18 0.7361814325576463 0.6241273127589546 0.06233510114010199 0.06346550437618526
14 0.32397278967985166 0.563570813185313 0.15577717401632254 0.048036108266287125
32 0.9563872083715808 0.5562390278503159 0.026178397679083698 0.04144329964453752
34 0.7474685813139057 0.5302978038006569 0.05432768387324316 0.0924282949170614
19 0.696395637545999 0.5038917214790275 0.02336513446014621 0.05847810188908131
18 0.7365493228940327 0.2855414179362157 0.06233510114010199 0.06346550437618625
34 0.7478364716502941 0.19323812251086847 0.05432768387324316 0.08937586785116114
19 0.6967635278823849 0.16530582665628984 0.02336513446014543 0.05847810188908131
16 0.33802327044269076 0.2326226673610075 0.18182353760600203 0.0622122878943695
