14 0.5111080356318913 0.07244406538714093 0.15577717401632296 0.04803610826628765
34 0.08761224399783918 0.10571707477179781 0.05432768387324316 0.09242829491706128
19 0.13868518776574457 0.13212315709342756 0.02336513446014621 0.0584781018890818
18 0.0997560674423536 0.355039353907712 0.06233510114010199 0.06346550437618531
14 0.5119647103201483 0.4155958534813535 0.15577717401632252 0.04803610826628718
34 0.0884689186860943 0.44886886286600974 0.05432768387324316 0.09242829491706128
19 0.13954186245400102 0.47527494518763924 0.02336513446014621 0.05847810188908137
18 0.09938817710596731 0.693625248730451 0.06233510114010199 0.06346550437618625
34 0.0881010283497059 0.7859285441557982 0.05432768387324316 0.08937586785116114
19 0.13917397211761512 0.8138608400103768 0.02336513446014543 0.05847810188908131
16 0.49791422955730924 0.7465439993056592 0.181823537606002 0.06221228789436939
