25 0.9676440639924897 0.4125577921196914 0.050118895443983624 0.13165518758966688
24 0.8583371113953187 0.45468333201490096 0.04092662033662686 0.07875172403418085
10 0.8532255422461281 0.7765372635851202 0.10351115989476622 0.07286205968437398
10 0.7224953886859586 0.7756549787010996 0.10351115989476611 0.07286205968437398
2 0.8432045922216245 0.8903546151065151 0.05861870768413524 0.13857757832127315
32 0.6529610862674269 0.946280590335688 0.026234346865556923 0.03914882666913111
32 0.5427735565670138 0.9438182991691988 0.026234346865556923 0.03914882666913122
25 0.42813993978989867 0.8076377886175943 0.05163205325771758 0.13165518758966743
25 0.36503147853935886 0.6957208529665313 0.050118895443983624 0.13165518758966732
26 0.3081178313352804 0.5653749310148948 0.05010762523806489 0.2008819209994509
