1 0.5593044395023516 0.7612254524336353 0.19081234318714824 0.14896410596659315
10 0.7630460697482131 0.2561494577538719 0.07286205968437398 0.10351115989476622
10 0.7639283546322337 0.3868796113140414 0.07286205968437398 0.10351115989476611
2 0.6492287182268182 0.2661704077783755 0.13857757832127315 0.05861870768413524
32 0.5933027429976453 0.45641391373257306 0.03914882666913111 0.026234346865556923
32 0.5957650341641345 0.5666014434329862 0.03914882666913122 0.026234346865556923
25 0.731945544715739 0.6812350602101014 0.13165518758966732 0.05163205325771758
25 0.843862480366802 0.7443435214606411 0.13165518758966743 0.050118895443983624
24 0.1332303465859705 0.9484221809883054 0.09989761306569556 0.04902382863409582
35 0.29956361374843443 0.8552718531634996 0.06851002970122222 0.050975532000470336
