17 0.8078681145669548 0.8061442235343008 0.11258384673128796 0.14648398014992103
18 0.8566953562064692 0.4832520611528114 0.06346550437618537 0.062335101140102045
32 0.7888070712978248 0.7034578369667439 0.04144329964453841 0.026178397679084475
34 0.7640240965579106 0.4945392099090714 0.09011179629759836 0.05432768387324316
19 0.7364597649265424 0.44346626614116536 0.05847810188908231 0.02336513446014621
23 0.3001954421299085 0.38221741348423316 0.10060587116418562 0.0536281991626133
25 0.4121085538705074 0.07119509957922805 0.10455053219277488 0.050456283043663674
18 0.5549060165546806 0.7703744841489073 0.055821058931910694 0.05698398932911386
31 0.4764928059089944 0.8338555557316465 0.07331718130639431 0.04649212729286567
19 0.44803905694918217 0.7333803832801604 0.0534183963384417 0.021836245371294916
