1 0.14814954756636478 0.45097110616901825 0.14896410596659315 0.19081234318714824
25 0.9427911841944974 0.2226933860939146 0.049908673194266506 0.13109459492375486
10 0.6532255422461282 0.6547127364148797 0.10351115989476611 0.07286205968437409
10 0.5224953886859586 0.6555950212989003 0.10351115989476622 0.07286205968437409
2 0.6432045922216245 0.5408953848934848 0.05861870768413513 0.13857757832127326
32 0.452961086267427 0.48496940966431196 0.026234346865556923 0.03914882666913122
32 0.34277355656701386 0.4874317008308012 0.026234346865556923 0.03914882666913122
25 0.22813993978989872 0.6236122113824057 0.05163205325771758 0.13165518758966743
25 0.1650314785393588 0.7355291470334686 0.050118895443983624 0.13165518758966732
26 0.10811783133528047 0.8658750689851051 0.05010762523806489 0.2008819209994509
35 0.054103146836500415 0.1912302804151011 0.050975532000470336 0.06851002970122211
