1 0.3659129524336352 0.41986222716431504 0.14896410596659315 0.19081234318714835
32 0.061101413732572996 0.38586392366902134 0.026234346865556923 0.039148826669131165
32 0.17128894343298612 0.3834016325025322 0.026234346865556923 0.03914882666913111
25 0.28592256021010126 0.24722112195092763 0.05163205325771758 0.13165518758966738
25 0.3490310214606412 0.13530418629986465 0.050118895443983624 0.13165518758966738
25 0.6338140026548091 0.6553908729368687 0.051336273380982456 0.10113091693070453
24 0.5531096809883055 0.8459363200806962 0.04902382863409582 0.09989761306569567
31 0.5901657338659264 0.40414439568078203 0.04756698844355012 0.07970226227618105
35 0.4599593531634996 0.6796030529182322 0.05097553200047045 0.06851002970122222
14 0.7637010318074453 0.4501379753469905 0.03038667064097067 0.2081837309322414
