25 0.250153817791607 0.4211583729458379 0.10455053219277585 0.050663562181888055
17 0.5687262281419341 0.7093960312540496 0.11258384673128796 0.14648398014992092
18 0.5198989865024212 0.3865038688725594 0.0634655043761862 0.062335101140102045
32 0.5877872714110641 0.606709644686493 0.04144329964453852 0.026178397679083698
34 0.6125702461509827 0.3977910176288184 0.09011179629759924 0.05432768387324244
19 0.6401345777823471 0.3467180738609141 0.05847810188908131 0.02336513446014621
17 0.9028627744354641 0.709451852545212 0.11258384673128785 0.14648398014992026
18 0.854035532795955 0.38655969016372216 0.06346550437618625 0.062335101140102045
32 0.921923817704599 0.6067654659776534 0.04144329964453841 0.026178397679084475
34 0.9487587017499237 0.39784683891997974 0.09421561490841168 0.05432768387324244
