20 0.8689021720469929 0.5495551031771515 0.24795615395285886 0.28800326924391084
19 0.05087315709342756 0.8566273122342555 0.058478101889081785 0.02336513446014621
18 0.27378935390771203 0.8955564325576464 0.06346550437618534 0.06233510114010199
14 0.3343458534813536 0.48334778967985165 0.04803610826628718 0.15577717401632263
34 0.36761886286600975 0.9068435813139057 0.09242829491706128 0.05432768387324316
19 0.39402494518763925 0.855770637545999 0.05847810188908131 0.02336513446014621
18 0.612375248730451 0.8959243228940328 0.06346550437618625 0.06233510114010199
34 0.7046785441557981 0.9072114716502941 0.08937586785116125 0.05432768387324316
19 0.7326108400103768 0.8561385278823849 0.05847810188908131 0.023365134460145542
16 0.6652939993056591 0.4973982704426907 0.06221228789436939 0.181823537606002
