20 0.4091328016486875 0.7332339994495698 0.2868051598349044 0.2574328506947722
25 0.046314002654809096 0.8883591270631315 0.05133627338098244 0.10113091693070453
16 0.3569194596979862 0.5224980604155907 0.18182353760600162 0.06221228789437039
18 0.7553514710629532 0.5754977307814633 0.0623351011401021 0.06346550437618437
34 0.7666386198192185 0.4817580988423259 0.054327683873242494 0.09224854087872814
19 0.715565676051305 0.45526213950153643 0.02336513446014621 0.05847810188908131
18 0.7556459780313098 0.20434435146805802 0.062335101140102656 0.06346550437618526
14 0.3434373351535145 0.14378785189441695 0.15577717401632296 0.048036108266287125
32 0.9758517538452434 0.13645606655941833 0.026178397679084475 0.04144329964453841
34 0.7669331267875684 0.11051484250976246 0.054327683873242494 0.09242829491706084
19 0.7158601830196613 0.08410876018813224 0.02336513446014621 0.0584781018890822
