20 0.6727644946196738 0.20825739682284844 0.24795615395285897 0.28800326924391084
1 0.511387772835685 0.8387745475663648 0.19081234318714835 0.14896410596659315
25 0.6840288780490724 0.9187649397898987 0.13165518758966732 0.05163205325771747
25 0.7959458137001354 0.8556564785393588 0.13165518758966732 0.050118895443983624
25 0.27585912706313137 0.570873497345191 0.10113091693070453 0.051336273380982456
24 0.08531367991930383 0.6515778190116945 0.09989761306569567 0.04902382863409582
31 0.5271056043192179 0.6145217661340736 0.07970226227618105 0.04756698844355001
35 0.25164694708176777 0.7447281468365003 0.06851002970122211 0.05097553200047045
14 0.4811120246530095 0.44098646819255477 0.2081837309322414 0.03038667064097067
16 0.8763726673610075 0.2604142295573093 0.06221228789436939 0.181823537606002
