20 0.2861796983513125 0.8209326672170969 0.2868051598349044 0.2574328506947723
20 0.28638239682284844 0.26890217204699285 0.28800326924391084 0.24795615395285892
1 0.9168995475663648 0.4302788938309817 0.14896410596659315 0.1908123431871483
25 0.9337814785393588 0.1457208529665313 0.050118895443983624 0.13165518758966735
25 0.648998497345191 0.6658075396035352 0.051336273380982456 0.10113091693070453
24 0.7297028190116945 0.8563529867473629 0.04902382863409582 0.09989761306569556
31 0.6926467661340736 0.4145610623474487 0.04756698844355001 0.0797022622761811
35 0.8228531468365003 0.6900197195848989 0.05097553200047045 0.06851002970122211
14 0.5191114681925548 0.46055464201365715 0.03038667064097067 0.2081837309322414
16 0.3385392295573093 0.06529399930565916 0.181823537606002 0.062212287894369445
24 0.03201563303193744 0.3731845221177319 0.05668343560966993 0.10778726601511529
