1 0.18252454756636483 0.8219455604976484 0.14896410596659315 0.19081234318714835
25 0.8592413022509429 0.12929099308917766 0.05163205325771758 0.13165518758966738
25 0.8020190639924896 0.2542244587863581 0.050118895443983624 0.13165518758966688
24 0.6927121113953185 0.2963499986815677 0.04092662033662686 0.07875172403418085
10 0.6876005422461281 0.618203930251787 0.10351115989476622 0.07286205968437398
10 0.5568703886859586 0.6173216453677663 0.10351115989476622 0.07286205968437398
2 0.6775795922216246 0.7320212817731819 0.05861870768413524 0.13857757832127315
32 0.48733608626742697 0.7879472570023547 0.026234346865556812 0.03914882666913111
32 0.37714855656701385 0.7854849658358656 0.026234346865556812 0.03914882666913122
25 0.2625149397898987 0.649304455284261 0.05163205325771747 0.13165518758966743
25 0.19940647853935883 0.537387519633198 0.050118895443983624 0.13165518758966738
26 0.14249283133528046 0.4070415976815615 0.050107625238065 0.2008819209994509
