23 0.17625798323914915 0.33846810259544674 0.10060587116418487 0.0536281991626133
19 0.07096466204414599 0.4188970681942369 0.058478101889081556 0.02336513446014621
17 0.5070272375729596 0.781195969419661 0.11258384673128785 0.14648398014992092
18 0.45819999593345007 0.4583038070381743 0.06346550437618531 0.062335101140102045
32 0.5260882808420857 0.678509582852109 0.04144329964453797 0.026178397679084475
34 0.5520295048917416 0.46959095579442794 0.09242829491706128 0.05432768387324316
19 0.578435587213374 0.41851801202652616 0.05847810188908131 0.02336513446014621
25 0.8740373722945352 0.06088778630958025 0.10455053219277433 0.05213511792991099
18 0.7312399096103626 0.7452374627174496 0.05582105893191036 0.05698398932911397
31 0.8096531202560466 0.8095579517433127 0.0733171813063952 0.04649212729286567
19 0.8384799436350271 0.7090827792918266 0.05491069401510296 0.021836245371294916
