25 0.588345872945838 0.9040128488750596 0.050663562181887944 0.10455053219277588
17 0.8765835312540495 0.5854404385247326 0.14648398014992103 0.11258384673128785
18 0.5536913688725593 0.6342676801642454 0.06233510114010199 0.06346550437618625
14 0.1414827259947657 0.5737111805905954 0.1557771740163233 0.048036108266287236
32 0.7738971446864931 0.5663793952556024 0.02617839767908381 0.04144329964453852
34 0.5649785176288183 0.541596420515684 0.054327683873242494 0.09011179629759936
19 0.5139055738609141 0.5140320888843197 0.02336513446014621 0.05847810188908131
17 0.876639352545212 0.25130389223120253 0.14648398014992026 0.11258384673128785
18 0.5537471901637221 0.30013113387071166 0.06233510114010199 0.06346550437618625
14 0.14153854728592724 0.2395746342970625 0.15577717401632285 0.048036108266287236
32 0.7739529659776534 0.2322428489620677 0.026178397679084475 0.04144329964453841
34 0.5650343389199797 0.20540796491674296 0.05432768387324238 0.09421561490841168
19 0.5136815893377029 0.17840324491412263 0.02336513446014621 0.05847810188908231
