20 0.5439921983513125 0.8499006661162364 0.2868051598349044 0.2574328506947723
23 0.31778879055826936 0.096025600306055 0.05448526552998767 0.10338421839350453
16 0.5962055403020137 0.6391647270822574 0.18182353760600167 0.06221228789437039
18 0.1977735289370468 0.6921643974481299 0.0623351011401021 0.06346550437618448
34 0.18648638018078145 0.5984247655089926 0.054327683873242494 0.09224854087872814
19 0.23755932394869494 0.5719288061682031 0.02336513446014621 0.05847810188908131
18 0.19747902196869022 0.32101101813472466 0.062335101140102656 0.06346550437618537
14 0.6096876648464855 0.26045451856108365 0.15577717401632296 0.048036108266287125
34 0.18619187321243158 0.2271815091764291 0.054327683873242494 0.09242829491706073
19 0.23726481698033874 0.20077542685479888 0.02336513446014621 0.05847810188908231
