20 0.7874006661162364 0.5122578016486875 0.2574328506947723 0.28680515983490446
25 0.9425257937297981 0.14943900265480908 0.10113091693070442 0.05133627338098243
24 0.7519803465859705 0.06873468098830546 0.09989761306569556 0.04902382863409578
16 0.5766647270822574 0.46004445969798624 0.06221228789437039 0.18182353760600162
18 0.6296643974481299 0.8584764710629531 0.06346550437618448 0.06233510114010199
34 0.5359247655089926 0.8697636198192186 0.09224854087872814 0.054327683873242494
19 0.5094288061682031 0.8186906760513051 0.05847810188908131 0.02336513446014621
18 0.25851101813472466 0.8587709780313098 0.06346550437618537 0.062335101140102656
14 0.19795451856108365 0.4465623351535145 0.048036108266287125 0.15577717401632296
34 0.1646815091764291 0.8700581267875684 0.09242829491706073 0.05432768387324238
19 0.13827542685479888 0.8189851830196613 0.05847810188908231 0.02336513446014621
