1 0.27002454756636474 0.7447211061690182 0.14896410596659315 0.19081234318714835
10 0.7751005422461281 0.9484627364148797 0.10351115989476622 0.07286205968437398
10 0.6443703886859586 0.9493450212989003 0.10351115989476611 0.07286205968437398
2 0.7650795922216245 0.8346453848934847 0.05861870768413524 0.13857757832127315
32 0.5748360862674269 0.778719409664312 0.026234346865556923 0.03914882666913111
32 0.4646485565670138 0.7811817008308012 0.026234346865556923 0.03914882666913111
25 0.35001493978989867 0.9173622113824057 0.05163205325771758 0.13165518758966743
24 0.08282781901169456 0.3186470132526371 0.04902382863409582 0.09989761306569567
31 0.04577176613407358 0.7604389376525513 0.04756698844355001 0.07970226227618105
35 0.17597814683650037 0.4849802804151011 0.050975532000470336 0.06851002970122222
