20 0.41274219835131254 0.6186506661162364 0.2868051598349044 0.2574328506947723
23 0.12462406313497498 0.864744114678425 0.05241866357964686 0.10290045048415375
25 0.7755609973451909 0.773775793729798 0.051336273380982345 0.10113091693070453
24 0.8562653190116946 0.5832303465859705 0.04902382863409582 0.09989761306569556
35 0.9494156468365004 0.7495636137484345 0.050975532000470336 0.06851002970122211
16 0.46495554030201375 0.4079147270822574 0.18182353760600167 0.0622122878943705
18 0.06652352893704677 0.46091439744812984 0.06233510114010199 0.06346550437618437
34 0.055236380180781475 0.36717476550899264 0.054327683873242494 0.09224854087872814
19 0.10630932394869497 0.3406788061682032 0.02336513446014621 0.05847810188908131
18 0.06622902196869018 0.0897610181347247 0.06233510114010277 0.06346550437618537
14 0.47843766484648553 0.029204518561083637 0.15577717401632296 0.048036108266287236
