13 0.4279168557390072 0.8647327039135815 0.23164401567518328 0.21967415728609685
2 0.23246675008557863 0.8067027302419719 0.1385775783212722 0.05861870768413513
4 0.27315788694172766 0.1290358038535871 0.0576407481835588 0.06333573591598485
29 0.5072806047918862 0.04998051224064076 0.12468795327998378 0.08593160521041854
25 0.6438743264225111 0.626696197749057 0.13165518758966732 0.05163205325771747
25 0.7688077921196914 0.6839184360075103 0.131655187589667 0.050118895443983735
10 0.1387196904475734 0.7586126168417089 0.166215725443206 0.05360667367793248
10 0.13878783665263464 0.8830403686015021 0.166215725443206 0.05360667367793259
24 0.810933332014901 0.7932253886046814 0.07875172403418085 0.04092662033662675
2 0.335647420898295 0.8919478245203798 0.06213312387858988 0.09068115448551028
