25 0.35891843600751033 0.15839112545302475 0.050118895443983624 0.13165518758966688
25 0.12760018879563317 0.8293163333757623 0.05058094200913277 0.1313748912567102
24 0.4682253886046814 0.2005166653482343 0.04092662033662686 0.07875172403418085
10 0.47333695775387186 0.5223705969184536 0.10351115989476622 0.07286205968437398
10 0.6040671113140414 0.5214883120344329 0.10351115989476611 0.07286205968437398
2 0.4833579077783755 0.6361879484398485 0.05861870768413513 0.13857757832127315
32 0.673601413732573 0.6921139236690214 0.026234346865556923 0.03914882666913111
32 0.7837889434329861 0.6896516325025321 0.026234346865556923 0.03914882666913111
25 0.8984225602101013 0.5534711219509276 0.05163205325771758 0.13165518758966732
25 0.9615310214606412 0.4415541862998647 0.050118895443983735 0.13165518758966732
