1 0.3822211061690183 0.5403370475663648 0.19081234318714824 0.14896410596659315
10 0.5868450212989003 0.9146828886859586 0.07286205968437398 0.10351115989476622
32 0.416219409664312 0.8451485862674271 0.03914882666913122 0.026234346865556923
32 0.41868170083080114 0.7349610565670139 0.03914882666913111 0.026234346865556923
25 0.5548622113824058 0.6203274397898988 0.13165518758966732 0.05163205325771758
25 0.6667791470334686 0.5572189785393589 0.13165518758966743 0.050118895443983624
26 0.7971250689851052 0.5003053313352805 0.2008819209994508 0.05010762523806489
25 0.14669246039646472 0.2724359973451909 0.10113091693070453 0.051336273380982456
31 0.3979389376525513 0.3160842661340736 0.07970226227618116 0.04756698844355012
35 0.12248028041510112 0.4462906468365004 0.06851002970122211 0.05097553200047045
14 0.35194535798634285 0.14254896819255475 0.2081837309322414 0.03038667064097067
