20 0.21240066611623643 0.5247578016486875 0.2574328506947723 0.2868051598349044
20 0.7644311612863405 0.5245551031771516 0.24795615395285897 0.28800326924391095
23 0.45849411467842505 0.812875936865025 0.10290045048415375 0.05241866357964686
25 0.36752579372979804 0.1619390026548091 0.10113091693070453 0.051336273380982345
24 0.1769803465859705 0.08123468098830544 0.09989761306569567 0.04902382863409582
31 0.6187722709858846 0.11829073386592642 0.07970226227618116 0.04756698844355001
14 0.5727786913196762 0.2918260318074452 0.2081837309322414 0.03038667064097067
34 0.9286547891775352 0.8822114716502941 0.08937586785116114 0.05432768387324316
19 0.9007224933229565 0.8311385278823848 0.05847810188908131 0.02336513446014543
16 0.9680393340276742 0.4723982704426908 0.06221228789436939 0.181823537606002
24 0.6601488112156015 0.7789218669680625 0.10778726601511524 0.05668343560966993
24 0.49533243018066553 0.9115927382072112 0.10778726601511535 0.05668343560966993
18 0.05466439744812984 0.8709764710629533 0.06346550437618437 0.06233510114010199
