18 0.06921189275409567 0.9151957675198328 0.0623351011401021 0.06346550437618537
14 0.48142053563189136 0.8546392679461924 0.15577717401632296 0.04803610826628768
34 0.0579247439978392 0.8213662585615356 0.05432768387324316 0.09242829491706128
19 0.10899768776574459 0.7949601762399058 0.02336513446014621 0.05847810188908187
18 0.07006856744235357 0.5720439794256212 0.0623351011401021 0.06346550437618537
14 0.48227721032014836 0.5114874798519797 0.15577717401632252 0.048036108266287125
34 0.05878141868609421 0.47821447046732357 0.05432768387324316 0.09242829491706117
19 0.10985436245400104 0.4518083881456941 0.02336513446014621 0.05847810188908131
18 0.06970067710596733 0.2334580846028823 0.06233510114010199 0.06346550437618625
34 0.05841352834970581 0.14115478917753516 0.05432768387324316 0.08937586785116125
19 0.10948647211761509 0.11322249332295659 0.023365134460145542 0.05847810188908131
16 0.46822672955730926 0.1805393340276742 0.181823537606002 0.06221228789436939
