14 0.9379726012795258 0.8032955356318914 0.04803610826628768 0.15577717401632285
32 0.9306408159445285 0.17088111694016245 0.04144329964453797 0.026178397679084475
34 0.9046995918948688 0.3797997439978392 0.09242829491706128 0.05432768387324316
19 0.8782935095732392 0.4308726877657445 0.05847810188908176 0.02336513446014621
18 0.6553773127589546 0.39194356744235354 0.06346550437618526 0.06233510114010199
14 0.594820813185313 0.8041522103201484 0.048036108266287125 0.15577717401632263
32 0.5874890278503159 0.17173779162841923 0.04144329964453752 0.02617839767908381
34 0.5615478038006569 0.38065641868609423 0.0924282949170614 0.05432768387324316
19 0.5351417214790274 0.43172936245400106 0.058478101889081424 0.02336513446014621
18 0.3167914179362157 0.3915756771059673 0.06346550437618625 0.0623351011401021
34 0.22448812251086847 0.38028852834970583 0.08937586785116114 0.05432768387324316
19 0.19655582665628984 0.4313614721176151 0.05847810188908131 0.023365134460145542
16 0.2638726673610075 0.7901017295573093 0.0622122878943695 0.181823537606002
