23 0.5697174134842331 0.2539712245367582 0.0536281991626133 0.10060587116418562
25 0.2586950995792281 0.1420581127961592 0.050456283043663674 0.10455053219277488
25 0.705533372945838 0.5793204844582737 0.050663562181887944 0.10455053219277577
14 0.25925260127040506 0.050820345800075495 0.15577717401632296 0.048036108266287125
19 0.9208803832801604 0.10612760971748447 0.021836245371294916 0.05341839633844159
18 0.6708788688725593 0.8490656531690879 0.06233510114010199 0.06346550437618625
14 0.2586702259947657 0.9096221527427379 0.1557771740163233 0.048036108266287236
32 0.8910846446864931 0.9169539380777308 0.02617839767908381 0.04144329964453841
34 0.6821660176288183 0.9417369128176494 0.054327683873242494 0.09011179629759924
19 0.6310930738609141 0.9693012444490137 0.02336513446014621 0.058478101889081424
