25 0.906096182208393 0.09303337294583791 0.10455053219277588 0.050663562181888
17 0.5875237718580659 0.3812710312540496 0.11258384673128796 0.14648398014992098
18 0.6363510134975788 0.05837886887255941 0.06346550437618625 0.062335101140102
32 0.5684627285889358 0.278584644686493 0.04144329964453841 0.02617839767908381
34 0.5436797538490173 0.06966601762881837 0.09011179629759924 0.054327683873242445
19 0.5161154222176529 0.018593073860914088 0.05847810188908131 0.02336513446014621
17 0.25338722556453586 0.381326852545212 0.11258384673128785 0.14648398014992026
18 0.302214467204045 0.05843469016372218 0.06346550437618625 0.062335101140102
32 0.23432618229540103 0.2786404659776533 0.04144329964453841 0.026178397679084475
34 0.20749129825007628 0.06972183891997971 0.09421561490841168 0.05432768387324245
19 0.180486578247456 0.01836908933770296 0.0584781018890822 0.02336513446014621
