20 0.7769839994495698 0.4924296983513125 0.2574328506947723 0.2868051598349045
25 0.9321091270631314 0.8552484973451908 0.10113091693070453 0.051336273380982456
24 0.7415636799193038 0.9359528190116946 0.09989761306569567 0.04902382863409571
16 0.5662480604155907 0.5446430403020137 0.0622122878943705 0.18182353760600167
18 0.6192477307814632 0.1462110289370468 0.06346550437618426 0.06233510114010199
34 0.525508098842326 0.13492388018078144 0.09224854087872814 0.05432768387324238
19 0.4990121395015365 0.185996823948695 0.05847810188908131 0.02336513446014621
18 0.24809435146805803 0.1459165219686902 0.06346550437618537 0.06233510114010277
14 0.18753785189441696 0.5581251648464856 0.048036108266287236 0.15577717401632285
34 0.1542648425097624 0.13462937321243162 0.09242829491706084 0.054327683873242494
19 0.12785876018813225 0.18570231698033868 0.05847810188908231 0.02336513446014621
