16 0.790301791296652 0.24216222492989864 0.22249471452580738 0.07417815796398586
14 0.8067949794291223 0.6720944488173008 0.18985481485212963 0.05726829088271479
18 0.30350622560454427 0.7468106049703512 0.0762904093687865 0.0760915424559292
19 0.35233408676523686 0.5992345382727426 0.02663301474230273 0.07081550597818498
32 0.034759481359349254 0.6634314555020451 0.030541747981548184 0.0470095576781816
34 0.27803184078252025 0.6301944429620744 0.04329160178414859 0.11525059247306468
18 0.3394909367770676 0.3088562126617565 0.07629040936878584 0.07609154245592997
19 0.3883187979377613 0.16128014596414791 0.02663301474230273 0.07081550597818487
34 0.3140165519550454 0.19224005065348282 0.04329160178414848 0.11525059247306424
24 0.396719550785582 0.06325166048999192 0.052345340179626 0.10623231019051305
