15 0.3994572434738605 0.4457415935129063 0.7074926059074264 0.3691212407046436
32 0.9018874559631012 0.6480249224029737 0.044450985316566105 0.028131903331843233
17 0.9239770547901818 0.5328326631710627 0.12416725635317793 0.16107946857711475
34 0.8691176525480766 0.878235543779488 0.10903527352007814 0.05192489568019243
19 0.842144563131211 0.940065103958186 0.06497960508678868 0.025482495264517957
18 0.5148749131560284 0.8954420703723696 0.06815379818121803 0.07074136156896105
34 0.40673914384151716 0.8782355437794886 0.10903527352008002 0.05192489568019243
19 0.37976605442465633 0.9400651039581895 0.06497960508678868 0.025482495264517957
32 0.439071870738141 0.6558677564610257 0.044450985316565994 0.0281319033318439
27 0.10946587785379908 0.479767812731005 0.0974756192154681 0.04957184263482328
