15 0.6353152125018586 0.5625375657353878 0.7151739370141835 0.3586263571722171
17 0.17532895380294158 0.5061654608364247 0.1231312913202146 0.15956215708511579
32 0.1978290525788708 0.3936019894795276 0.04335773960311637 0.02976461408820441
19 0.2561633678539446 0.10408189628648828 0.06381591650176688 0.024663170803495407
18 0.1217658733540759 0.14825355761232473 0.06817123206434796 0.06829303586467574
34 0.22091690590081897 0.16510972519834688 0.08961429543194868 0.04953006328603704
32 0.594951602388997 0.3779961200375762 0.043357739603116396 0.02976461408820441
19 0.6532859176640755 0.10418118921573766 0.06381591650176499 0.024663170803495407
18 0.5188884231642049 0.14835285054157304 0.06817123206434611 0.06829303586467503
34 0.618039455710948 0.16520901812759342 0.08961429543195054 0.04953006328603707
27 0.9112206768973455 0.550203960013881 0.09674380020662543 0.04871741367548099
