15 0.6531625657353878 0.393851454164808 0.358626357172217 0.7151739370141835
23 0.04520948977186878 0.18305299632344257 0.056902222969029026 0.10923683703766385
17 0.5967904608364247 0.8538377128637251 0.15956215708511579 0.12313129132021461
32 0.4842269894795276 0.8313376140877959 0.02976461408820441 0.043357739603116285
19 0.1947068962864883 0.773003298812722 0.02466317080349545 0.06381591650176688
18 0.23887855761232474 0.9074007933125908 0.06829303586467572 0.06817123206434794
34 0.2557347251983469 0.8082497607658476 0.04953006328603704 0.08961429543194865
32 0.4686211200375763 0.43421506427766965 0.02976461408820441 0.043357739603116396
19 0.19480618921573767 0.3758807490025911 0.02466317080349545 0.06381591650176499
18 0.238977850541573 0.5102782435024618 0.06829303586467506 0.06817123206434605
34 0.2558340181275934 0.4111272109557187 0.04953006328603704 0.08961429543195054
27 0.6408289600138812 0.11794598976932114 0.04871741367548099 0.09674380020662543
