15 0.5494456567989744 0.7359118047481786 0.7741778755128128 0.3768455134338282
32 0.5160196940104176 0.5139770507812493 0.05530598958333138 0.038077545166015636
19 0.16237376627585243 0.2460854086704224 0.0701825733437905 0.026046446823733055
34 0.1310572621909794 0.3202028262901194 0.1144350318020751 0.043086874322239066
17 0.07408833900545536 0.7024255139530104 0.13654226856682877 0.19998564359387672
32 0.09775789380895693 0.5645744702946047 0.04724451700846355 0.031138172137249787
18 0.43143847584886713 0.2952853819376401 0.07368527030112282 0.07509857719242774
19 0.5790167737382641 0.24584895773158666 0.07018257334379241 0.026046446823733055
34 0.5477002696533901 0.3199663753512862 0.1144350318020751 0.043086874322238344
27 0.8641208159475885 0.4642199096878752 0.10370964319390241 0.05360667367793115
