15 0.5931956567989743 0.47502569525182137 0.7741778755128128 0.3768455134338282
32 0.5597696940104177 0.6969604492187507 0.05530598958333144 0.03807754516601569
18 0.05854546838645642 0.9154156671235238 0.0736852703011228 0.07509857719242707
19 0.20612376627585244 0.9648520913295777 0.07018257334379047 0.026046446823733027
34 0.17480726219097942 0.8907346737098806 0.11443503180207511 0.04308687432223901
17 0.11783833900545537 0.5085119860469896 0.13654226856682877 0.19998564359387672
32 0.14150789380895692 0.6463630297053953 0.04724451700846355 0.031138172137249787
18 0.47518847584886714 0.9156521180623599 0.07368527030112282 0.07509857719242774
19 0.6227667737382641 0.9650885422684135 0.0701825733437923 0.026046446823733027
34 0.5914502696533901 0.8909711246487138 0.11443503180207515 0.043086874322238344
27 0.9078708159475886 0.7467175903121248 0.10370964319390252 0.05360667367793104
