15 0.3297131952518214 0.3984710098676923 0.3768455134338282 0.7741778755128129
32 0.5516479492187507 0.43189697265624905 0.03807754516601558 0.05530598958333144
18 0.7701031671235239 0.9331211982802102 0.07509857719242696 0.07368527030112282
19 0.8195395913295775 0.7855429003908142 0.026046446823733027 0.07018257334379041
34 0.7454221737098805 0.8168594044756872 0.04308687432223912 0.11443503180207515
17 0.3631994860469895 0.8738283276612113 0.19998564359387672 0.13654226856682872
32 0.5010505297053953 0.8501587728577098 0.031138172137249898 0.04724451700846355
18 0.77033961806236 0.5164781908177996 0.07509857719242774 0.07368527030112271
19 0.8197760422684133 0.36889989292840253 0.026046446823733027 0.07018257334379241
34 0.7456586246487138 0.40021639701327655 0.043086874322238344 0.11443503180207515
27 0.6014050903121249 0.08379585071907814 0.05360667367793115 0.10370964319390241
