32 0.5228824152359017 0.8701131113568115 0.028996777945290875 0.04340500621941412
17 0.6386743632176565 0.8919172168428096 0.1608472509765626 0.12652692260742238
18 0.2751557825902104 0.9455088355968921 0.0702485186767575 0.06971996358235699
34 0.29242569764659976 0.8366002075320873 0.05241683213902204 0.1083408113255454
19 0.231163541628095 0.8094578112137536 0.025402035074326063 0.0634341982466613
15 0.7247644774228319 0.3670300005997765 0.3688986602783203 0.7058002493286134
18 0.2750674462366558 0.48213971501669356 0.07071130824056909 0.06821970013624157
32 0.5145328086080457 0.40540840548340495 0.028724621711500475 0.044216794686800176
34 0.29205992718064133 0.37295760526020083 0.0522612512797373 0.10945571801951437
19 0.23031765243863767 0.34628740917939543 0.024974403266411815 0.06598175677796314
27 0.6901503248389386 0.07574327867087616 0.04759065655044803 0.09604093011223536
