20 0.3774512534224508 0.5705077546569406 0.287571986654918 0.3329459949172431
31 0.681715986832162 0.9145791332543465 0.14435987066340306 0.05526582162957505
19 0.9293222643715773 0.21517275904253663 0.0666025721900283 0.026981721026597016
18 0.6747930450359723 0.16859838919913167 0.0715283734760126 0.07325250323455557
19 0.5346621006557801 0.2150853656880155 0.06660257219002785 0.026981721026597683
34 0.5626515636600582 0.1513485163659109 0.11143743150983221 0.05127489179900169
16 0.6115864820086235 0.6304090578723676 0.07201047808074468 0.20995039487009604
14 0.29658876456821165 0.8337616801110794 0.1844733873883314 0.03195194882454677
24 0.25623879963927104 0.2761807430576823 0.1244145437702674 0.0653550638146726
22 0.10158883500568172 0.6234337238827244 0.11598204316509286 0.06056445564146462
