32 0.1344653960861526 0.07882667046793335 0.04768757200094077 0.02958866262372406
22 0.5648256372714144 0.48462162017822263 0.11644837678070219 0.05936698913574223
14 0.12195354192471561 0.8490726624161675 0.05500402612604678 0.14376393012675848
34 0.09852085760565596 0.316811293593177 0.11789151645617152 0.05708038613226096
18 0.22350078802596823 0.3089767307907159 0.07312258615636061 0.09401475362960665
19 0.0720669365461499 0.3789613174697188 0.06783081888562206 0.02678772382014072
16 0.699843852581473 0.8485337060314708 0.05500402612604682 0.14376393012675803
34 0.677046751409244 0.3170401844866905 0.11789151645617257 0.05708038613226096
18 0.8020266818295567 0.30920562168422877 0.07312258615636058 0.09401475362960665
19 0.6505928303497356 0.37919020836323014 0.06783081888562204 0.02678772382014083
