22 0.5700658798217774 0.08149230393808106 0.05936698913574223 0.11644837678070227
16 0.2061537939685291 0.2165105192481396 0.1437639301267581 0.05500402612604677
34 0.7376473155133094 0.1937134180759107 0.05708038613226096 0.11789151645617246
18 0.7454818783157713 0.31869334849622344 0.09401475362960665 0.07312258615636058
19 0.6754972916367699 0.16725949701640228 0.02678772382014083 0.06783081888562209
32 0.975982528637364 0.5750418659745866 0.029620130568557168 0.04600101577949256
14 0.20570030934218142 0.5628348224038215 0.14454456850172936 0.054766192097038924
34 0.7380435765371804 0.5397883808671622 0.05708038613226096 0.11789151645617152
18 0.7458781393396401 0.6647683112874736 0.09401475362960665 0.07312258615636058
19 0.675893552660638 0.5133344598076534 0.02678772382014072 0.06783081888562209
23 0.5698493470194066 0.856201619235209 0.06130142211914058 0.11582491365665626
