16 0.7761204234604144 0.17259995815816112 0.05500402612604727 0.14376393012675803
32 0.1318843370605009 0.9430272145603957 0.04600101577949156 0.029620130568557168
14 0.11967729348974104 0.1727449952652128 0.054766192097038924 0.1445445685017294
34 0.09663085195307508 0.7050882624602106 0.11789151645617246 0.05708038613226096
18 0.22161078237338522 0.7129228252626703 0.07312258615636014 0.09401475362960665
19 0.07017693089356769 0.642938238583671 0.06783081888562115 0.02678772382014083
32 0.43705226469173375 0.9436936886221752 0.04600101577949167 0.029620130568557168
14 0.4248452211209714 0.1734114693269925 0.054766192097038924 0.14454456850172936
34 0.4017987795843079 0.7057547365219907 0.11789151645617246 0.05708038613226085
18 0.526778710004618 0.71358929932445 0.07312258615636014 0.09401475362960743
19 0.37534485852479993 0.6436047126454496 0.06783081888562115 0.02678772382014072
34 0.7289466397399413 0.7057863048799067 0.11789151645617246 0.05708038613226096
18 0.8539265701602508 0.7136208676823663 0.07312258615635958 0.09401475362960665
19 0.7024927186804315 0.6436362810033649 0.06783081888562115 0.02678772382014072
