11 0.20603484469926248 0.6095798586410082 0.1012255795848318 0.040458878308519686
13 0.12883632598009126 0.7510126946160451 0.22993463764843514 0.1925321446653595
29 0.5779914110935527 0.08336399839797526 0.12812134491890959 0.08727004711579456
2 0.8925492306168654 0.06840743807884775 0.18378143156417182 0.056024931637605135
4 0.8265554506282025 0.13283991281311086 0.05113959469979834 0.04711285527408393
2 0.888545174649388 0.3522514188735718 0.17933781875999644 0.054802781909782494
22 0.06665578251857912 0.4127608324043043 0.10764744802083615 0.053394779177540874
23 0.32391047009722673 0.41247724895019466 0.10558788408877429 0.05351575210362158
2 0.8862177439329016 0.8283581454947375 0.17195117799889492 0.086893319019682
9 0.35435904124369033 0.7894263958032381 0.07909344167094523 0.04014242240806276
