15 0.3266023374164998 0.28076743755063227 0.31623819516282414 0.5524766536613452
27 0.340937240261724 0.6192839619613246 0.04239009878513755 0.08339659073912042
34 0.6739382616105484 0.29792450616141924 0.033244871113986774 0.09902544113990597
18 0.6979183768788437 0.20415371623649442 0.06972557634973386 0.06557356326229591
19 0.7372507532812573 0.32069582185266565 0.028605364656301147 0.0685541797742184
23 0.8745682066544824 0.4666697087613241 0.05073606120053353 0.09720581401349349
22 0.8751529953284822 0.6339608525203578 0.05600984592206826 0.10633275600078385
34 0.6748766589439725 0.8651470164764827 0.03324487111398611 0.0990254411399063
18 0.6985727692912387 0.7702931895437755 0.06972557634973453 0.06557356326229591
19 0.7366097132409528 0.8860007971205024 0.028605364656301924 0.0685541797742184
17 0.3850358554879666 0.8171928891408896 0.15068236005534819 0.12546097269103784
32 0.4838275776349643 0.8363257483059907 0.034612491234124576 0.05265557129962395
32 0.4908419939348956 0.2704076827617219 0.034612491234124576 0.05265557129962395
