19 0.9292461550054505 0.3512945071656015 0.02367083340630105 0.0561466797742175
19 0.9289153878354799 0.6973841647245673 0.0231225521563011 0.05511272144088464
18 0.8908271936791088 0.2349781241254168 0.062049638849734357 0.06247168826229674
18 0.8908197326046419 0.5799682497877863 0.062049638849734357 0.0614377299289629
34 0.8766848759650081 0.32695416721658244 0.04869084279828395 0.09592356613990582
34 0.8773565334372421 0.6725998778576894 0.048165222305780686 0.09488960780657296
17 0.5797729496466811 0.2803086468834598 0.15068236005534819 0.1254609726910379
32 0.678929100538522 0.3006249194125383 0.034612491234124576 0.05265557129962323
32 0.69136255637403 0.6479930019669576 0.034612491234124576 0.05265557129962328
15 0.5258016128592018 0.6535301588576914 0.3175481049268668 0.5547188415457431
