19 0.8257888261677317 0.9276836550054504 0.0561466797742175 0.02367083340630105
19 0.47969916860876605 0.92735288783548 0.05511272144088464 0.0231225521563011
18 0.9421052092079165 0.8892646936791089 0.062471688262296654 0.062049638849734357
18 0.597115083545547 0.889257232604642 0.0614377299289629 0.06204963884973447
34 0.8501291661167509 0.8751223759650081 0.09592356613990582 0.04869084279828395
34 0.5044834554756439 0.875794033437242 0.09488960780657285 0.0481652223057808
17 0.8967746864498736 0.5782104496466811 0.12546097269103784 0.15068236005534819
32 0.8764584139207949 0.6773666005385219 0.05265557129962317 0.034612491234124576
32 0.5290903313663757 0.6898000563740301 0.05265557129962328 0.034612491234124576
15 0.523553174475642 0.5242391128592019 0.5547188415457431 0.3175481049268668
27 0.182672674774985 0.5391501981373108 0.08180980375424085 0.041168987236952836
