0 0.3048689058629901 0.24374306418869834 0.1282067607646198 0.10072519602143992
11 0.4317908404961733 0.18443669351760547 0.029158746837572802 0.07081874432405943
10 0.8990319694584814 0.39456196979909797 0.055105193947652564 0.17240350645944363
10 0.72449970788222 0.39431695592530597 0.05707927728191364 0.17165147471307018
2 0.8019576589682851 0.4915663057785664 0.05934751758893286 0.1430564110678773
24 0.12394051198713324 0.7177120185946038 0.050875394558966724 0.10093969254286606
35 0.2193201825323774 0.5473826646113527 0.05125698187523087 0.06874631406957021
31 0.0807569181522782 0.2711532686199104 0.033969814586462754 0.09318720022465499
32 0.6050185844139531 0.5481202298112587 0.029757564890144916 0.040545526294815115
32 0.49207705467022206 0.24554662480275338 0.02663715449515791 0.03897890049978986
