0 0.36111890586299 0.502090269144635 0.1282067607646198 0.10072519602144003
11 0.48804084049617324 0.5613966398157278 0.02915874683757269 0.07081874432405955
10 0.9552819694584814 0.3512713635342353 0.055105193947652564 0.1724035064594437
10 0.78074970788222 0.3515163774080274 0.05707927728191353 0.1716514747130703
2 0.858207658968285 0.2542670275547669 0.05934751758893275 0.14305641106787725
35 0.27557018253237736 0.19845066872198058 0.051256981875230756 0.06874631406957032
26 0.3249055469036787 0.8890598299326712 0.05001531145455895 0.20635289865523898
31 0.13700691815227817 0.47468006471342294 0.03396981458646264 0.09318720022465499
32 0.661268584413953 0.1977131035220746 0.029757564890145027 0.040545526294815115
32 0.548327054670222 0.50028670853058 0.0266371544951578 0.038978900499789915
