0 0.8958685879227739 0.24705640586299005 0.10072519602144037 0.1282067607646198
11 0.9551749585938643 0.37397834049617484 0.07081874432405943 0.029158746837573135
10 0.7450496823123738 0.8412194694584827 0.17240350645944313 0.05510519394765223
10 0.7452946961861617 0.6666872078822215 0.17165147471307118 0.05707927728191364
2 0.6480453463329032 0.7441451589682864 0.14305641106787625 0.05934751758893242
24 0.42189963351686877 0.06612801198713353 0.10093969254286517 0.050875394558966724
35 0.5922289875001174 0.16150768253237952 0.06874631406957032 0.051256981875230756
31 0.8684583834915623 0.022944418152278878 0.09318720022465543 0.03396981458646264
32 0.5914914223002119 0.5472060844139541 0.040545526294815115 0.029757564890144916
32 0.8940650273087172 0.4342645546702233 0.038978900499789915 0.026637154495157578
