0 0.4687569358113016 0.6873185941370099 0.10072519602143992 0.1282067607646198
11 0.5280633064823945 0.5603966595038268 0.07081874432405943 0.029158746837572802
10 0.317938030200902 0.0931555305415186 0.1724035064594437 0.05510519394765262
10 0.318183044074694 0.26768779211778004 0.17165147471307018 0.05707927728191359
2 0.22093369422143355 0.19022984103171492 0.14305641106787725 0.05934751758893275
35 0.16511733538864726 0.7728673174676226 0.06874631406957032 0.05125698187523087
26 0.8557264965993379 0.7235319530963213 0.20635289865523887 0.05001531145455895
31 0.4413467313800896 0.9114305818477217 0.09318720022465499 0.033969814586462754
32 0.16437977018874123 0.38716891558604694 0.040545526294815226 0.029757564890145027
32 0.4669533751972466 0.500110445329778 0.038978900499789915 0.026637154495157855
