24 0.8290156753100474 0.1527267285875496 0.04010861355338835 0.07912334779442745
0 0.12205640586299005 0.5062147454105594 0.1282067607646198 0.10072519602144042
11 0.24897834049617484 0.44690837473946915 0.029158746837573135 0.07081874432405943
10 0.7162194694584827 0.6570336510209596 0.05510519394765223 0.17240350645944313
10 0.5416872078822215 0.6567886371471716 0.05707927728191364 0.17165147471307118
2 0.6191451589682864 0.7540379870004301 0.05934751758893242 0.14305641106787648
35 0.036507682532379515 0.8098543458332159 0.051256981875230756 0.06874631406957032
26 0.08584304690368005 0.11924518462252488 0.05001531145455895 0.2063528986552389
32 0.42220608441395413 0.8105919110331214 0.029757564890144916 0.040545526294815115
32 0.3092645546702233 0.5080183060246162 0.026637154495157578 0.038978900499789915
