17 0.1655190860005239 0.7262654651595988 0.13119615346782326 0.3421090131437111
32 0.1892698351645476 0.5179601519404979 0.04517669769532945 0.029652855953151702
18 0.10869260013845689 0.2581327807581403 0.07428376901121207 0.07360486956978465
19 0.2521378373977193 0.20972035757892937 0.06960267777764431 0.0257891604527046
34 0.22069247850321766 0.2819630604868145 0.11192192798355241 0.041280005399048025
18 0.5116241797582219 0.25782189681589357 0.07428376901121209 0.07360486956978463
19 0.6550694170174843 0.20940947363668416 0.0696026777776444 0.0257891604527046
34 0.6238497681465738 0.28165217654456787 0.1114705079363636 0.041280005399048025
17 0.5696714637548128 0.8098735405428197 0.12134698880187822 0.1759135864604282
32 0.5921993740051218 0.6898022942768285 0.0434506616301249 0.02857408341238854
33 0.5912627124915315 0.5289835421756837 0.047753525653133067 0.04952562914416847
18 0.9361786442359483 0.22358196538542785 0.07428376901121303 0.07360486956978463
