19 0.03632332524482038 0.9476310286435945 0.025789160452704605 0.06960267777764428
17 0.5528279651595986 0.6303142473328094 0.3421090131437111 0.13119615346782332
32 0.3445226519404979 0.6065634981687857 0.029652855953151647 0.04517669769532939
18 0.08469528075814026 0.6871407331948765 0.07360486956978463 0.07428376901121203
19 0.03628285757892939 0.5436954959356142 0.02578916045270461 0.06960267777764428
34 0.1085255604868145 0.5751408548301158 0.041280005399048025 0.1119219279835525
18 0.08438439681589358 0.2842091535751114 0.07360486956978463 0.07428376901121203
19 0.03597197363668414 0.140763916315849 0.025789160452704605 0.06960267777764428
34 0.10821467654456782 0.17198356518675956 0.041280005399048025 0.11147050793636348
17 0.6364360405428198 0.22616186957852047 0.1759135864604282 0.12134698880187833
32 0.5163647942768286 0.2036339593282115 0.02857408341238843 0.0434506616301249
33 0.35554604217568375 0.20457062084180183 0.04952562914416847 0.047753525653133067
