17 0.0927071184300125 0.37404917201472354 0.17591358646042743 0.12134698880187833
32 0.21277836469600403 0.3965770822650339 0.02857408341238854 0.0434506616301249
18 0.6449517515759713 0.31517373409714367 0.0736048695697854 0.07428376901121203
19 0.6933641747551795 0.4586189713564056 0.02578916045270463 0.06960267777764434
34 0.621121471847298 0.4269479024383097 0.04128000539904808 0.11237334803074267
17 0.17685953484040123 0.7759357526671906 0.3421090131437111 0.13119615346782332
32 0.3851648480595021 0.7996865018312143 0.02965285595315159 0.04517669769532939
18 0.6449922192418598 0.7191092668051235 0.07360486956978463 0.07428376901121214
19 0.6934046424210707 0.8625545040643859 0.02578916045270463 0.0696026777776444
34 0.6211619395131855 0.8311091451698843 0.04128000539904797 0.11192192798355238
33 0.37405976322032647 0.3959564655492092 0.04952562914416847 0.04775352565313351
