17 0.8586302306609301 0.7947723717366199 0.1759135864604282 0.12134698880187855
32 0.7385589843949443 0.8173002819869297 0.028574083412387874 0.04345066163012512
32 0.5577968352755711 0.07861586474124509 0.03190021454024938 0.04886684502907463
19 0.25797746447705594 0.14176055057876463 0.025789160452704574 0.06960267777764392
34 0.3302201673849424 0.11008948166066963 0.041280005399048025 0.11237334803074248
27 0.46796117450783936 0.46980323069245966 0.05054178806128179 0.10108357612255481
18 0.30638559751497463 0.7358969338190395 0.07360486956978535 0.07428376901121247
19 0.2579731743357655 0.8793421710783003 0.0257891604527046 0.06960267777764406
34 0.33021587724364854 0.8476711021602052 0.041280005399048025 0.11237334803074239
33 0.577437468413569 0.8159808147471531 0.04952562914416836 0.04775352565313318
