19 0.9174878780257529 0.40594071004964505 0.06960267777764484 0.025789160452704518
14 0.6309480126770315 0.8461400612258145 0.05695520832711243 0.18345619128908763
18 0.7026146059430014 0.3580793926511273 0.07428376901121403 0.07360486956978529
19 0.5591693686837402 0.4064918158303343 0.06960267777764484 0.02578916045270463
34 0.5908404376018326 0.3342491129224534 0.11237334803074261 0.04128000539904808
33 0.6218318744909339 0.08718740429548255 0.04775352565313262 0.04952562914416836
14 0.22604079033567076 0.8454949532643894 0.05695520832711243 0.18345619128908763
18 0.29770738360163873 0.3574342846897022 0.07428376901121392 0.07360486956978529
19 0.15426214634237945 0.40584670786890914 0.06960267777764484 0.02578916045270463
34 0.18593321526046985 0.3336040049610268 0.11237334803074261 0.04128000539904808
32 0.21824205378677752 0.1430416185911742 0.04345066163012534 0.028574083412387874
