17 0.8426174946519431 0.29426961843001254 0.12134698880187833 0.17591358646042754
32 0.8200895844016327 0.414340864696004 0.0434506616301249 0.02857408341238854
18 0.901492932569523 0.8465142515759713 0.07428376901121214 0.07360486956978529
19 0.7580476953102611 0.8949266747551796 0.0696026777776444 0.025789160452704518
34 0.789718764228357 0.822683971847298 0.11237334803074261 0.04128000539904797
17 0.44073091399947606 0.37842203484040127 0.1311961534678232 0.3421090131437112
32 0.4169801648354524 0.5867273480595021 0.04517669769532939 0.02965285595315159
18 0.4975573998615431 0.8465547192418598 0.07428376901121214 0.07360486956978463
19 0.35411216260228073 0.8949671424210706 0.0696026777776444 0.02578916045270463
34 0.38555752149678235 0.8227244395131855 0.11192192798355238 0.04128000539904808
18 0.09462582024177807 0.8468656031841064 0.07428376901121203 0.07360486956978463
33 0.8207102011174574 0.5756222632203265 0.04775352565313351 0.04952562914416836
