32 0.847647651940498 0.8253134981687857 0.029652855953151702 0.04517669769532939
14 0.0997596121834528 0.834224139928907 0.1834561912890873 0.056955208327113316
18 0.5878202807581403 0.9058907331948765 0.07360486956978463 0.07428376901121214
19 0.5394078575789294 0.7624454959356142 0.025789160452704518 0.06960267777764428
34 0.6116505604868145 0.7938908548301157 0.04128000539904797 0.11192192798355238
14 0.09944872824120576 0.43129256030914126 0.18345619128908802 0.05695520832711287
18 0.5875093968158935 0.5029591535751115 0.07360486956978463 0.07428376901121203
19 0.5390969736366842 0.359513916315849 0.02578916045270463 0.06960267777764428
34 0.6113396765445678 0.39073356518675956 0.04128000539904797 0.11147050793636348
33 0.8586710421756838 0.42332062084180183 0.04952562914416847 0.047753525653133067
18 0.5532694653854279 0.07840468909738496 0.07360486956978463 0.07428376901121303
