15 0.6987764898625606 0.523092476620882 0.39360476805512834 0.6753902755074231
27 0.424338705087824 0.8823332668035315 0.0518271674163458 0.10181020490010728
17 0.8129152404948321 0.0666774986412463 0.17591358646042743 0.12134698880187973
32 0.6928439942288407 0.08920540889155576 0.02857408341238854 0.04345066163012727
19 0.21225818416966574 0.15124729798292644 0.0257891604527046 0.0696026777776448
34 0.2845008870775466 0.11957622906483417 0.041280005399048025 0.11237334803074267
33 0.5315625957045174 0.0885847921757327 0.04952562914416847 0.04775352565313255
18 0.26131571531029785 0.4127092830650279 0.07360486956978532 0.07428376901121392
19 0.21290329213109088 0.5561545203242872 0.0257891604527046 0.06960267777764473
34 0.2851459950389732 0.5244834514061968 0.041280005399048025 0.11237334803074267
32 0.47570838140882576 0.4921746128798892 0.02857408341238782 0.0434506616301254
