15 0.32309851013743934 0.5605924766208821 0.39360476805512834 0.6753902755074231
27 0.597536294912176 0.9198332668035316 0.05182716741634574 0.10181020490010717
17 0.20895975950516787 0.10417749864124631 0.17591358646042754 0.12134698880187977
32 0.32903100577115935 0.12670540889155574 0.02857408341238854 0.04345066163012723
18 0.7612043926511273 0.04530206072366527 0.07360486956978529 0.07428376901121392
19 0.8096168158303343 0.18874729798292644 0.02578916045270463 0.06960267777764484
34 0.7373741129224534 0.1570762290648342 0.04128000539904797 0.11237334803074273
33 0.49031240429548256 0.1260847921757327 0.04952562914416847 0.04775352565313262
18 0.7605592846897021 0.4502092830650279 0.07360486956978529 0.07428376901121403
19 0.8089717078689092 0.5936545203242872 0.02578916045270463 0.06960267777764484
34 0.7367290049610269 0.5619834514061968 0.04128000539904797 0.11237334803074261
32 0.5461666185911742 0.5296746128798892 0.028574083412387763 0.04345066163012534
