17 0.6059529651595987 0.35093575266719057 0.34210901314371117 0.1311961534678232
32 0.3976476519404979 0.3746865018312142 0.029652855953151647 0.04517669769532945
18 0.13782028075814026 0.29410926680512356 0.07360486956978463 0.07428376901121203
19 0.0894078575789294 0.4375545040643859 0.0257891604527046 0.06960267777764434
34 0.1616505604868145 0.4061091451698843 0.041280005399048025 0.11192192798355244
18 0.13750939681589358 0.6970408464248886 0.07360486956978463 0.07428376901121214
19 0.08909697363668415 0.840486083684151 0.025789160452704615 0.06960267777764428
34 0.16133967654456782 0.8092664348132405 0.041280005399048025 0.1114705079363636
17 0.6895610405428197 0.7550881304214796 0.1759135864604282 0.12134698880187822
32 0.5694897942768287 0.7776160406717885 0.02857408341238854 0.0434506616301249
33 0.40867104217568373 0.7766793791581983 0.049525629144168415 0.047753525653133067
