14 0.8267624201506585 0.13267366069644784 0.18345619128908763 0.05695520832711337
18 0.33870175157597127 0.061007067430477 0.07360486956978529 0.07428376901121206
19 0.3871141747551796 0.2044523046897389 0.025789160452704518 0.06960267777764434
34 0.3148714718472981 0.1727812357716431 0.04128000539904797 0.11237334803074267
32 0.07891484805950205 0.5455198351645476 0.02965285595315159 0.04517669769532939
14 0.8268028878165472 0.5366091934044264 0.1834561912890873 0.056955208327113316
18 0.33874221924185977 0.4649426001384569 0.07360486956978463 0.07428376901121209
19 0.3871546424210706 0.6083878373977193 0.02578916045270463 0.0696026777776444
34 0.3149119395131855 0.5769424785032177 0.04128000539904808 0.11192192798355238
14 0.8271137717587942 0.939540773024192 0.18345619128908808 0.05695520832711287
18 0.3390531031841064 0.8678741797582219 0.07360486956978463 0.07428376901121203
33 0.0678097632203265 0.14178979888254256 0.04952562914416836 0.0477535256531335
33 0.06789145782431621 0.9475127124915315 0.04952562914416847 0.047753525653133067
