32 0.9368663846797369 0.12081601560505567 0.04345066163012512 0.028574083412387874
23 0.683231749154898 0.6904489803041557 0.1204501977465382 0.06226530817285436
19 0.8748244955883664 0.6014018256642344 0.06960267777764406 0.02578916045270463
34 0.9064955645064614 0.5291591227563515 0.11237334803074239 0.04128000539904797
32 0.12428342741502107 0.12066313993955513 0.04345066163012512 0.028574083412387763
18 0.20568677558291137 0.5528365268195244 0.07428376901121236 0.07360486956978463
19 0.06224153832364948 0.6012489499987332 0.06960267777764362 0.02578916045270463
34 0.093912607241746 0.5290062470908502 0.1123733480307425 0.04128000539904808
33 0.9381858519195135 0.281937531586431 0.04775352565313318 0.04952562914416836
33 0.1248474410940496 0.281669307116589 0.047753525653133067 0.04952562914416836
