17 0.2509357526671906 0.2659220348404013 0.1311961534678232 0.3421090131437111
32 0.27468650183121424 0.47422734805950206 0.04517669769532939 0.029652855953151702
18 0.19410926680512358 0.7340547192418597 0.07428376901121203 0.07360486956978463
19 0.3375545040643859 0.7824671424210705 0.0696026777776444 0.02578916045270463
34 0.3061091451698843 0.7102244395131855 0.11192192798355238 0.04128000539904808
18 0.5970408464248886 0.7343656031841064 0.07428376901121203 0.07360486956978463
19 0.7404860836841509 0.782778026363316 0.06960267777764428 0.02578916045270463
34 0.7092664348132405 0.7105353234554321 0.1114705079363636 0.04128000539904797
17 0.6550881304214795 0.18231395945718032 0.12134698880187833 0.1759135864604282
32 0.6776160406717885 0.30238520572317146 0.0434506616301249 0.02857408341238854
33 0.6766793791581982 0.4632039578243163 0.047753525653132955 0.04952562914416847
