14 0.11862183353948623 0.055814951361655596 0.18345619128908766 0.05695520832711343
19 0.5582700789349659 0.12759359535494497 0.02578916045270463 0.06960267777764395
34 0.6305127818428474 0.09592252643684845 0.04128000539904808 0.11237334803074261
33 0.8775744904698191 0.06493108954775173 0.04952562914416847 0.04775352565313251
14 0.11802400292146871 0.41871882728736265 0.18345619128908766 0.05695520832711343
18 0.6060846714961571 0.34705223402139185 0.07360486956978463 0.07428376901121303
19 0.5576722483169494 0.49049747128065396 0.025789160452705406 0.06960267777764384
34 0.6299149512248305 0.4588264023625603 0.04128000539904797 0.11237334803074261
33 0.8769766598518018 0.42783496547345784 0.049525629144167804 0.04775352565313262
18 0.9440686647940086 0.7119915093600218 0.06837250084099444 0.06812804109499004
19 0.9014247258137111 0.8398637002269111 0.025173587661082242 0.0599224706448922
