19 0.594059289950355 0.9174878780257529 0.025789160452704518 0.06960267777764484
14 0.1538599387741854 0.6309480126770315 0.18345619128908766 0.05695520832711243
18 0.6419206073488727 0.7026146059430014 0.07360486956978529 0.07428376901121403
19 0.5935081841696657 0.5591693686837402 0.02578916045270463 0.06960267777764484
34 0.6657508870775466 0.5908404376018326 0.04128000539904808 0.11237334803074261
33 0.9128125957045174 0.6218318744909339 0.04952562914416836 0.04775352565313262
14 0.15450504673561055 0.22604079033567076 0.18345619128908766 0.05695520832711243
18 0.6425657153102978 0.29770738360163873 0.07360486956978529 0.07428376901121392
19 0.5941532921310908 0.15426214634237945 0.02578916045270463 0.06960267777764484
34 0.6663959950389732 0.18593321526046985 0.04128000539904808 0.11237334803074261
32 0.8569583814088257 0.21824205378677752 0.028574083412387874 0.04345066163012534
