14 0.8533249201506585 0.07642366069644785 0.18345619128908774 0.05695520832711338
19 0.4136766747551796 0.14820230468973888 0.02578916045270463 0.06960267777764433
34 0.34143397184729807 0.1165312357716431 0.04128000539904808 0.11237334803074267
32 0.10547734805950204 0.4892698351645476 0.029652855953151702 0.04517669769532939
14 0.8533653878165472 0.48035919340442634 0.1834561912890873 0.05695520832711343
18 0.3653047192418597 0.4086926001384569 0.07360486956978463 0.07428376901121209
19 0.4137171424210706 0.5521378373977193 0.025789160452704518 0.0696026777776444
34 0.3414744395131855 0.5206924785032176 0.04128000539904797 0.11192192798355244
14 0.8536762717587942 0.8832907730241921 0.18345619128908797 0.05695520832711287
18 0.36561560318410646 0.811624179758222 0.07360486956978463 0.07428376901121203
19 0.41402802636331587 0.9550694170174843 0.02578916045270463 0.06960267777764428
34 0.34178532345543217 0.9238497681465738 0.04128000539904797 0.1114705079363636
33 0.09437226322032649 0.08553979888254257 0.04952562914416847 0.04775352565313351
33 0.09445395782431626 0.8912627124915316 0.04952562914416847 0.047753525653132955
