23 0.8814137613076573 0.7216470227535143 0.12088256892578597 0.06188101292103532
18 0.18607488114834847 0.6015306290232936 0.074283769011213 0.07360486956978463
19 0.3295201184076153 0.6499430522025029 0.0696026777776439 0.02578916045270463
34 0.29830046953670764 0.5777003492946179 0.11147050793636312 0.04128000539904808
32 0.2665091850407142 0.12636978873798554 0.047018069504131677 0.03144075045399708
32 0.6279975094523157 0.1692236303751578 0.04345066163012534 0.02857408341238854
18 0.5465941612844238 0.6013970172551243 0.07428376901121292 0.07360486956978529
19 0.6900393985436873 0.6498094404343333 0.06960267777764484 0.02578916045270463
34 0.6583683296255903 0.5775667375264518 0.11237334803074273 0.04128000539904808
33 0.6273768927364898 0.3305050288994796 0.04775352565313262 0.04952562914416847
