32 0.13458161100585891 0.5197183729302415 0.028574083412387874 0.0434506616301254
18 0.5667549978858262 0.43831502476235235 0.07360486956978463 0.07428376901121303
19 0.6151674210650342 0.5817602620216116 0.02578916045270463 0.06960267777764384
34 0.5429247181571526 0.5500891931035151 0.04128000539904808 0.11237334803074273
33 0.295863009530181 0.5190977562144183 0.04952562914416847 0.04775352565313262
32 0.1351794416238764 0.8826222488559475 0.028574083412387763 0.04345066163012534
18 0.5673528285038429 0.8012189006880585 0.07360486956978463 0.07428376901121303
19 0.6157652516830505 0.9446641379473206 0.025789160452705295 0.06960267777764395
34 0.5435225487751694 0.912993069029227 0.04128000539904797 0.11237334803074273
33 0.2964608401481982 0.8820016321401245 0.04952562914416769 0.04775352565313251
