17 0.8586302306609301 0.20522762826338015 0.1759135864604282 0.12134698880187855
32 0.7385589843949443 0.18269971801307028 0.028574083412387874 0.04345066163012512
32 0.5577968352755711 0.9213841352587548 0.03190021454024938 0.04886684502907468
19 0.2579774644770559 0.8582394494212353 0.02578916045270463 0.06960267777764384
34 0.3302201673849424 0.8899105183393303 0.04128000539904808 0.11237334803074239
27 0.4679611745078393 0.5301967693075403 0.050541788061281845 0.10108357612255481
18 0.30638559751497463 0.2641030661809604 0.07360486956978529 0.07428376901121247
19 0.25797317433576555 0.1206578289216998 0.02578916045270463 0.06960267777764406
34 0.3302158772436485 0.1523288978397947 0.04128000539904797 0.11237334803074239
33 0.577437468413569 0.18401918525284688 0.04952562914416836 0.04775352565313318
