15 0.5550264898625606 0.5126758099542154 0.3936047680551283 0.675390275507423
27 0.2805887050878241 0.8719166001368649 0.0518271674163458 0.10181020490010728
32 0.5490939942288406 0.07878874222488907 0.02857408341238843 0.04345066163012734
19 0.06850818416966575 0.14083063131625972 0.0257891604527046 0.06960267777764484
34 0.1407508870775466 0.10915956239816749 0.04128000539904804 0.11237334803074273
33 0.3878125957045174 0.07816812550906604 0.049525629144168415 0.04775352565313251
18 0.11756571531029784 0.4022926163983612 0.07360486956978532 0.07428376901121392
19 0.0691532921310909 0.5457378536576205 0.0257891604527046 0.06960267777764484
34 0.14139599503897315 0.5140667847395302 0.041280005399048025 0.11237334803074273
32 0.33195838140882583 0.4817579462132225 0.02857408341238782 0.04345066163012545
