17 0.6807303815699874 0.7509508279852765 0.17591358646042743 0.12134698880187833
32 0.560659135303996 0.7284229177349661 0.02857408341238854 0.04345066163012479
18 0.12848574842402877 0.8098262659028563 0.07360486956978532 0.07428376901121214
19 0.08007332524482039 0.6663810286435945 0.025789160452704615 0.06960267777764428
34 0.15231602815270193 0.6980520975616902 0.041280005399048025 0.11237334803074261
17 0.5965779651595987 0.34906424733280944 0.34210901314371117 0.13119615346782332
32 0.388272651940498 0.32531349816878574 0.029652855953151647 0.04517669769532939
18 0.12844528075814027 0.40589073319487645 0.07360486956978464 0.07428376901121214
19 0.08003285757892939 0.26244549593561406 0.025789160452704615 0.0696026777776444
34 0.1522755604868145 0.2938908548301157 0.04128000539904805 0.11192192798355238
33 0.3993777367796735 0.7290435344507908 0.049525629144168415 0.04775352565313351
