32 0.8507726519404979 0.6273968315021191 0.02965285595315159 0.04517669769532939
14 0.1028846121834528 0.6363074732622404 0.1834561912890873 0.05695520832711343
18 0.5909452807581402 0.7079740665282097 0.07360486956978463 0.07428376901121203
19 0.5425328575789294 0.5645288292689474 0.02578916045270463 0.0696026777776444
34 0.6147755604868145 0.595974188163449 0.04128000539904808 0.11192192798355238
14 0.10257372824120577 0.23337589364247457 0.183456191289088 0.05695520832711298
18 0.5906343968158936 0.3050424869084447 0.07360486956978463 0.07428376901121214
19 0.5422219736366842 0.16159724964918237 0.02578916045270463 0.06960267777764428
34 0.6144646765445678 0.19281689852009287 0.04128000539904808 0.1114705079363636
33 0.8617960421756838 0.22540395417513515 0.04952562914416847 0.047753525653132955
