15 0.5831514898625607 0.5085091432875487 0.39360476805512834 0.6753902755074231
27 0.30871370508782403 0.8677499334701981 0.0518271674163458 0.10181020490010717
32 0.5772189942288406 0.07462207555822242 0.02857408341238854 0.04345066163012727
19 0.09663318416966575 0.1366639646495931 0.0257891604527046 0.06960267777764483
34 0.16887588707754658 0.10499289573150083 0.04128000539904805 0.11237334803074267
33 0.41593759570451744 0.07400145884239938 0.04952562914416847 0.04775352565313256
18 0.14569071531029784 0.3981259497316946 0.07360486956978533 0.07428376901121397
19 0.09727829213109089 0.5415711869909539 0.0257891604527046 0.06960267777764484
34 0.16952099503897317 0.5099001180728635 0.04128000539904805 0.11237334803074267
32 0.3600833814088258 0.47759127954655584 0.028574083412387763 0.04345066163012534
