32 0.6032725469255913 0.08051341568807974 0.04517669769532895 0.029652855953150925
14 0.61218318868571 0.8284014554451234 0.056955208327114315 0.18345619128908797
18 0.6838497819516837 0.3403407868704374 0.07428376901121214 0.0736048695697854
19 0.5404045446924196 0.3887532100496451 0.06960267777764484 0.02578916045270463
34 0.57184990358692 0.3165105071417614 0.1119219279835515 0.04128000539904797
14 0.2538646793436982 0.8289525612258146 0.05695520832711243 0.18345619128908763
18 0.3255312726096681 0.3408918926511273 0.07428376901121392 0.07360486956978529
19 0.1820860353504069 0.38930431583033426 0.06960267777764484 0.02578916045270463
34 0.21375710426849914 0.3170616129224534 0.11237334803074273 0.04128000539904808
33 0.24474854115760064 0.06999990429548258 0.04775352565313262 0.04952562914416847
