17 0.21123453484040128 0.18426908600052389 0.3421090131437111 0.13119615346782323
32 0.41953984805950206 0.20801983516454758 0.029652855953151702 0.04517669769532945
18 0.6793672192418597 0.12744260013845687 0.07360486956978463 0.07428376901121206
19 0.7277796424210705 0.27088783739771927 0.02578916045270463 0.06960267777764431
34 0.6555369395131855 0.23944247850321765 0.04128000539904808 0.11192192798355241
18 0.6796781031841064 0.530374179758222 0.07360486956978463 0.07428376901121203
19 0.728090526363316 0.6738194170174843 0.02578916045270463 0.06960267777764428
34 0.6558478234554321 0.6425997681465738 0.04128000539904797 0.1114705079363636
17 0.12762645945718032 0.5884214637548129 0.1759135864604282 0.12134698880187833
32 0.24769770572317146 0.6109493740051218 0.02857408341238854 0.0434506616301249
33 0.4085164578243163 0.6100127124915316 0.04952562914416847 0.047753525653132955
18 0.7139180346145722 0.9549286442359484 0.07360486956978463 0.07428376901121303
