17 0.12606096159671354 0.8648802306609301 0.12134698880187855 0.1759135864604282
32 0.10353305134640356 0.7448089843949444 0.04345066163012512 0.028574083412387874
32 0.8422174685920882 0.5640468352755712 0.04886684502907457 0.03190021454024927
18 0.922518020013829 0.3126398876562636 0.07428376901121247 0.07360486956978535
19 0.7790727827545687 0.2642274644770559 0.06960267777764395 0.02578916045270463
34 0.8107438516726637 0.3364701673849424 0.1123733480307425 0.041280005399048025
27 0.4510301026408737 0.47421117450783934 0.10108357612255492 0.05054178806128179
18 0.18493639951429375 0.3126355975149746 0.07428376901121259 0.07360486956978529
19 0.04149116225503313 0.26422317433576553 0.06960267777764417 0.02578916045270463
34 0.07316223117312798 0.3364658772436485 0.11237334803074239 0.041280005399048025
33 0.10485251858618022 0.5836874684135691 0.04775352565313329 0.04952562914416847
