32 0.12422734805950209 0.24343650183121426 0.029652855953151702 0.04517669769532945
14 0.8721153878165472 0.234525860071093 0.1834561912890873 0.056955208327113344
18 0.38405471924185974 0.16285926680512358 0.07360486956978463 0.07428376901121206
19 0.4324671424210706 0.3063045040643859 0.02578916045270463 0.06960267777764434
34 0.3602244395131855 0.2748591451698843 0.04128000539904808 0.11192192798355241
14 0.8724262717587943 0.6374574396908588 0.18345619128908808 0.05695520832711287
18 0.3843656031841064 0.5657908464248886 0.07360486956978463 0.07428376901121203
19 0.43277802636331586 0.7092360836841509 0.025789160452704518 0.06960267777764428
34 0.36053532345543216 0.6780164348132405 0.04128000539904808 0.1114705079363636
33 0.11320395782431625 0.6454293791581982 0.04952562914416836 0.047753525653132955
