32 0.7448649604030919 0.15176911100585888 0.04345066163012534 0.028574083412387763
18 0.826268308570981 0.5839424978858261 0.07428376901121303 0.07360486956978463
19 0.6828230713117217 0.6323549210650341 0.06960267777764373 0.02578916045270463
34 0.7144941402298182 0.5601122181571526 0.11237334803074261 0.04128000539904808
33 0.7454855771189149 0.31305050953018104 0.04775352565313251 0.04952562914416847
32 0.38196108447738575 0.15236694162387643 0.04345066163012534 0.028574083412387763
18 0.4633644326452748 0.584540328503843 0.07428376901121303 0.07360486956978463
19 0.3199191953860127 0.6329527516830507 0.06960267777764384 0.025789160452705295
34 0.3515902643041064 0.5607100487751694 0.11237334803074261 0.04128000539904808
33 0.3825817011932088 0.3136483401481982 0.04775352565313251 0.04952562914416769
18 0.09842515730664492 0.2465563352059913 0.06812804109499004 0.06837250084099433
