23 0.8605804279743239 0.9341470227535144 0.12088256892578586 0.061881012921035206
18 0.1652415478150151 0.8140306290232935 0.07428376901121303 0.07360486956978463
19 0.308686785074282 0.8624430522025031 0.06960267777764384 0.02578916045270463
34 0.2774671362033743 0.7902003492946179 0.11147050793636304 0.04128000539904797
32 0.24567585170738082 0.3388697887379855 0.047018069504131565 0.03144075045399719
17 0.5846362658686725 0.2616523841091663 0.12134698880187877 0.17591358646042743
32 0.6071641761189823 0.38172363037515783 0.04345066163012545 0.02857408341238854
18 0.5257608279510905 0.8138970172551243 0.07428376901121303 0.07360486956978529
19 0.669206065210354 0.8623094404343334 0.06960267777764484 0.02578916045270463
34 0.637534996292257 0.7900667375264518 0.11237334803074261 0.04128000539904808
33 0.6065435594031565 0.5430050288994797 0.04775352565313251 0.04952562914416847
