17 0.779155834692087 0.7207277404948321 0.12134698880187977 0.17591358646042754
32 0.7566279244417775 0.6006564942288406 0.04345066163012723 0.02857408341238854
18 0.8380312726096681 0.1684831073488727 0.07428376901121403 0.07360486956978535
19 0.694586035350407 0.12007068416966575 0.06960267777764473 0.0257891604527046
34 0.7262571042684991 0.19231338707754658 0.11237334803074261 0.04128000539904805
33 0.7572485411576007 0.43937509570451744 0.04775352565313262 0.04952562914416847
18 0.4331240502683054 0.16912821531029784 0.07428376901121403 0.07360486956978535
19 0.28967881300904613 0.12071579213109089 0.06960267777764473 0.0257891604527046
34 0.3213498819271365 0.19295849503897317 0.11237334803074261 0.04128000539904805
32 0.35365872045344415 0.3835208814088258 0.04345066163012534 0.028574083412387763
