23 0.8605804279743239 0.5033529772464856 0.12088256892578586 0.06188101292103526
16 0.2291469604581991 0.15133551593310504 0.0707814551289431 0.21604846115473428
18 0.16524154781501513 0.6234693709767065 0.07428376901121303 0.07360486956978463
19 0.308686785074282 0.5750569477974969 0.06960267777764384 0.02578916045270463
34 0.27746713620337426 0.6472996507053821 0.1114705079363631 0.04128000539904797
14 0.5974274212170632 0.13554231417018697 0.05695520832711343 0.18345619128908766
18 0.5257608279510905 0.6236029827448757 0.07428376901121303 0.07360486956978529
19 0.669206065210354 0.5751905595656666 0.06960267777764484 0.02578916045270463
34 0.637534996292257 0.6474332624735482 0.11237334803074261 0.04128000539904808
33 0.6065435594031565 0.8944949711005203 0.04775352565313251 0.04952562914416847
