16 0.8954659701652725 0.850707370426727 0.07078145512894307 0.2160484611547343
32 0.08510316849788091 0.11797734805950205 0.04517669769532939 0.02965285595315159
14 0.07619252673775967 0.8658653878165472 0.05695520832711343 0.1834561912890873
19 0.1479711707310526 0.4262171424210706 0.0696026777776444 0.02578916045270463
34 0.11652581183655097 0.3539744395131855 0.11192192798355238 0.04128000539904808
14 0.4791241063575254 0.8661762717587942 0.05695520832711287 0.18345619128908808
18 0.4074575130915553 0.3781156031841064 0.07428376901121214 0.07360486956978463
19 0.5509027503508177 0.4265280263633158 0.06960267777764428 0.02578916045270463
34 0.5196831014799072 0.3542853234554322 0.1114705079363636 0.04128000539904808
33 0.4870960458248649 0.10695395782431621 0.047753525653132955 0.04952562914416847
18 0.8320119775692817 0.4123555346145722 0.07428376901121303 0.07360486956978463
34 0.9442375659576361 0.3885252548858972 0.11147050793636315 0.04128000539904808
