17 0.23801961843001251 0.6592841613186098 0.17591358646042754 0.12134698880187833
32 0.358090864696004 0.6367562510682994 0.02857408341238854 0.0434506616301249
18 0.7902642515759712 0.7181595992361897 0.07360486956978529 0.07428376901121214
19 0.8386766747551797 0.5747143619769277 0.02578916045270463 0.06960267777764428
34 0.7664339718472981 0.6063854308950236 0.04128000539904797 0.11237334803074273
17 0.3221720348404013 0.25739758066614277 0.3421090131437111 0.13119615346782332
32 0.5304773480595021 0.23364683150211907 0.029652855953151702 0.04517669769532939
18 0.7903047192418597 0.3142240665282098 0.07360486956978463 0.07428376901121214
19 0.8387171424210706 0.17077882926894739 0.02578916045270463 0.0696026777776444
34 0.7664744395131855 0.202224188163449 0.04128000539904808 0.11192192798355238
33 0.5193722632203266 0.6373768677841241 0.04952562914416847 0.04775352565313351
