17 0.7495521352601319 0.7257262039867343 0.1759135864604282 0.12134698880187889
32 0.6294808889941411 0.7031982937364252 0.028574083412387763 0.04345066163012545
18 0.19730750211417386 0.7846016419043144 0.07360486956978463 0.07428376901121303
19 0.14889507893496584 0.6411564046450551 0.0257891604527046 0.06960267777764384
34 0.2211377818428474 0.6728274735631516 0.041280005399048025 0.11237334803074261
33 0.46819949046981896 0.7038189104522483 0.04952562914416847 0.04775352565313262
17 0.7489543046421143 0.3628223280610243 0.1759135864604282 0.12134698880187877
32 0.6288830583761236 0.3402944178107191 0.028574083412387763 0.04345066163012534
18 0.19670967149615706 0.4216977659786082 0.07360486956978463 0.07428376901121303
19 0.1482972483169494 0.2782525287193461 0.025789160452705323 0.06960267777764384
34 0.22053995122483058 0.3099235976374397 0.041280005399048025 0.11237334803074273
33 0.4676016598518018 0.34091503452654215 0.04952562914416769 0.04775352565313251
18 0.5346936647940087 0.05675849063997829 0.06837250084099433 0.06812804109499004
