32 0.7845225469255913 0.7897990843119203 0.04517669769532895 0.029652855953150925
18 0.8650997819516837 0.5299717131295626 0.07428376901121203 0.07360486956978529
19 0.7216545446924196 0.48155928995035496 0.06960267777764484 0.02578916045270463
34 0.7530999035869201 0.5538019928582386 0.11192192798355138 0.04128000539904808
32 0.4253779244417776 0.9615939942288407 0.04345066163012734 0.02857408341238854
18 0.5067812726096681 0.5294206073488728 0.07428376901121392 0.07360486956978535
19 0.3633360353504069 0.48100818416966573 0.06960267777764484 0.025789160452704574
34 0.39500710426849917 0.5532508870775465 0.11237334803074273 0.04128000539904797
33 0.4259985411576006 0.8003125957045174 0.04775352565313251 0.04952562914416847
18 0.10187405026830543 0.5300657153102979 0.07428376901121392 0.07360486956978535
32 0.022408720453444164 0.7444583814088258 0.04345066163012545 0.028574083412387763
