17 0.5137293975310222 0.8145232960896114 0.3421090131437111 0.13119615346782332
32 0.3054240843119203 0.7907725469255913 0.029652855953150925 0.04517669769532895
18 0.045596713129562615 0.8713497819516836 0.07360486956978533 0.07428376901121203
34 0.06942699285823864 0.75934990358692 0.04128000539904804 0.1119219279835515
17 0.5972902404948321 0.45415583469208703 0.17591358646042754 0.12134698880187977
32 0.4772189942288406 0.4316279244417776 0.028574083412388485 0.04345066163012723
18 0.0450456073488727 0.5130312726096681 0.07360486956978533 0.07428376901121392
34 0.0688758870775466 0.40125710426849914 0.04128000539904804 0.11237334803074273
33 0.31593759570451746 0.43224854115760064 0.04952562914416847 0.04775352565313262
18 0.04569071531029784 0.1081240502683054 0.07360486956978533 0.07428376901121392
32 0.2600833814088258 0.028658720453444197 0.02857408341238782 0.04345066163012534
