32 0.5294808889941411 0.9323649604030919 0.028574083412387874 0.04345066163012534
19 0.04889507893496585 0.8703230713117216 0.02578916045270461 0.06960267777764384
34 0.1211377818428474 0.9019941402298182 0.041280005399048025 0.11237334803074261
33 0.368199490469819 0.9329855771189149 0.04952562914416847 0.04775352565313251
17 0.6489543046421143 0.591988994727691 0.1759135864604282 0.12134698880187877
32 0.5288830583761236 0.5694610844773857 0.028574083412387763 0.04345066163012534
18 0.09670967149615706 0.6508644326452748 0.07360486956978463 0.07428376901121303
19 0.0482972483169494 0.5074191953860128 0.025789160452705316 0.06960267777764384
34 0.12053995122483059 0.5390902643041064 0.04128000539904805 0.11237334803074261
33 0.3676016598518018 0.5700817011932088 0.04952562914416775 0.04775352565313251
31 0.5193550022526985 0.18105231586873316 0.04225067797044768 0.10968387923453604
18 0.4346936647940087 0.2859251573066449 0.06837250084099439 0.06812804109499004
19 0.3920497258137111 0.15805296643975553 0.025173587661082297 0.0599224706448922
