18 0.8821258202417781 0.30782189681589356 0.07428376901121203 0.07360486956978463
19 0.7386805829825156 0.25940947363668415 0.06960267777764428 0.02578916045270463
34 0.7699002318534262 0.3316521765445678 0.1114705079363636 0.041280005399048025
17 0.8240785362451871 0.8598735405428197 0.12134698880187833 0.1759135864604282
32 0.8015506259948781 0.7398022942768285 0.0434506616301249 0.02857408341238854
33 0.8024872875084685 0.5789835421756837 0.047753525653133067 0.04952562914416847
18 0.45757135576405167 0.27358196538542784 0.07428376901121292 0.07360486956978463
19 0.3141261185047895 0.22516954220621982 0.06960267777764384 0.0257891604527046
34 0.3453457673756972 0.2974122451141028 0.11147050793636315 0.04128000539904808
32 0.3776832701287878 0.7831545558680104 0.047018069504132676 0.03144075045399719
