23 0.8433717610926837 0.9295996689560577 0.06105153610137748 0.1162621227428493
17 0.11934189367356607 0.26568866233466865 0.17591358646042754 0.12134698880187833
32 0.2394131399395551 0.2882165725849789 0.028574083412387874 0.04345066163012512
18 0.6715865268195245 0.20681322441708866 0.07360486956978463 0.07428376901121231
19 0.7199989499987332 0.35025846167635055 0.02578916045270463 0.06960267777764362
34 0.6477562470908502 0.318587392758254 0.04128000539904808 0.11237334803074245
18 0.3335262639861508 0.5383976611082751 0.06837250084099433 0.0681280410949896
19 0.37655242523866406 0.6656328148548132 0.025173587661082353 0.06221580427817153
31 0.24875427788685583 0.6429901468805085 0.042818937378102384 0.10991105686425251
33 0.40041930711658896 0.28765255890595043 0.04952562914416847 0.047753525653133067
