18 0.6499681290232935 0.6472584521849849 0.07360486956978463 0.07428376901121292
19 0.6983805522025031 0.503813214925718 0.02578916045270463 0.06960267777764384
34 0.6261378492946179 0.5350328637966257 0.04128000539904797 0.11147050793636304
32 0.1748072887379855 0.5668241482926192 0.03144075045399719 0.047018069504131565
17 0.0975898841091663 0.22786373413132754 0.17591358646042743 0.12134698880187877
32 0.21766113037515783 0.20533582388101762 0.02857408341238854 0.04345066163012545
18 0.6498345172551243 0.28673917204890953 0.07360486956978529 0.07428376901121303
19 0.6982469404343334 0.14329393478964603 0.02578916045270463 0.06960267777764484
34 0.6260042375264518 0.17496500370774298 0.04128000539904808 0.11237334803074261
33 0.3789425288994796 0.20595644059684348 0.04952562914416847 0.04775352565313251
