17 0.5494803815699875 0.06154917201472354 0.17591358646042754 0.12134698880187833
32 0.429409135303996 0.08407708226503396 0.02857408341238854 0.0434506616301249
34 0.02106602815270192 0.11444790243830977 0.04128000539904797 0.11237334803074261
17 0.46532796515959873 0.46343575266719056 0.3421090131437112 0.13119615346782332
32 0.25702265194049795 0.48718650183121426 0.02965285595315159 0.04517669769532939
34 0.021025560486814476 0.5186091451698842 0.04128000539904808 0.1119219279835525
34 0.020714676544567823 0.9217664348132404 0.04128000539904808 0.11147050793636348
17 0.5489360405428197 0.8675881304214795 0.1759135864604282 0.12134698880187833
32 0.4288647942768286 0.8901160406717885 0.02857408341238854 0.0434506616301249
33 0.2681277367796735 0.08345646554920921 0.04952562914416836 0.04775352565313351
33 0.2680460421756838 0.8891793791581981 0.04952562914416847 0.047753525653133067
