18 0.6562181290232936 0.2839915478150151 0.07360486956978463 0.07428376901121303
19 0.7046305522025029 0.427436785074282 0.02578916045270463 0.06960267777764384
34 0.6323878492946179 0.3962171362033743 0.04128000539904808 0.11147050793636315
32 0.18105728873798554 0.36442585170738084 0.03144075045399708 0.04701806950413179
17 0.10383988410916628 0.7033862658686725 0.17591358646042743 0.12134698880187877
32 0.2239111303751578 0.7259141761189823 0.02857408341238854 0.04345066163012534
18 0.6560845172551243 0.6445108279510905 0.07360486956978529 0.07428376901121303
19 0.7044969404343333 0.787956065210354 0.02578916045270463 0.06960267777764484
34 0.6322542375264518 0.756284996292257 0.04128000539904808 0.11237334803074273
33 0.3851925288994796 0.7252935594031564 0.04952562914416847 0.04775352565313262
