18 0.6874681290232936 0.3985748811483485 0.07360486956978463 0.07428376901121297
19 0.7358805522025029 0.5420201184076153 0.02578916045270463 0.06960267777764395
34 0.6636378492946179 0.5108004695367077 0.04128000539904808 0.11147050793636315
32 0.21230728873798554 0.47900918504071416 0.03144075045399708 0.047018069504131677
17 0.13508988410916628 0.8179695992020057 0.17591358646042743 0.12134698880187877
32 0.2551611303751578 0.8404975094523157 0.02857408341238854 0.04345066163012534
18 0.6873345172551243 0.7590941612844238 0.07360486956978529 0.07428376901121303
19 0.7357469404343333 0.9025393985436874 0.02578916045270463 0.06960267777764484
34 0.6635042375264518 0.8708683296255904 0.04128000539904808 0.11237334803074273
33 0.4164425288994796 0.8398768927364898 0.04952562914416847 0.04775352565313251
