17 0.2826071293465991 0.2707603647398681 0.12134698880187877 0.1759135864604282
32 0.3051350395969081 0.3908316110058589 0.04345066163012534 0.028574083412387874
18 0.223731691429019 0.8230049978858262 0.074283769011213 0.07360486956978463
19 0.36717692868827834 0.8714174210650341 0.0696026777776439 0.02578916045270463
34 0.33550585977018177 0.7991747181571526 0.11237334803074267 0.04128000539904808
33 0.30451442288108505 0.5521130095301809 0.04775352565313251 0.04952562914416847
17 0.6455110052723091 0.27135819535788563 0.12134698880187877 0.1759135864604282
32 0.6680389155226143 0.39142944162387644 0.04345066163012545 0.028574083412387874
18 0.5866355673547252 0.8236028285038429 0.07428376901121292 0.07360486956978463
19 0.7300808046139873 0.8720152516830506 0.06960267777764384 0.025789160452705406
34 0.6984097356958936 0.7997725487751695 0.11237334803074273 0.04128000539904797
33 0.6674182988067912 0.5527108401481982 0.04775352565313262 0.049525629144167804
18 0.951574842693355 0.4856188352059913 0.06812804109498993 0.06837250084099444
