0 0.8484733011881536 0.35112172561645727 0.09546383382161427 0.1243345852661133
2 0.899028383382165 0.8343154777526844 0.13688303629557286 0.05792576690673812
10 0.0857681975813861 0.9338181171346502 0.16827654866536457 0.05341829284667987
10 0.08534746437367652 0.8099178030217715 0.16855991988550534 0.0547492438100029
32 0.8449854183248604 0.644761164761596 0.04048106667612972 0.02595904103862634
32 0.84498541832486 0.5327269166863158 0.04048106667612883 0.025959041038626007
11 0.9042164563566435 0.4744385880270592 0.06975341813260538 0.029375443304610283
35 0.5514915452542268 0.26846846880426034 0.06886533959497099 0.05151838507332407
24 0.3857827397200121 0.17512511800991748 0.09679531719040901 0.04853901276187145
31 0.8653391791753213 0.15081943706543527 0.0724572253491621 0.02552122647520927
