14 0.27769824645996316 0.06257289143880151 0.15604858764648422 0.04998098795573003
20 0.3414021917724597 0.5897452168782569 0.2845037719726562 0.24611944417317677
18 0.6829990933227542 0.3382999857584593 0.06265150085449278 0.06278036702473933
32 0.8991877963256858 0.06930281982422315 0.02716478332519534 0.04126222981770877
24 0.5937828806272016 0.9167176489568737 0.05575839477539113 0.10771476481119846
34 0.6970773492002091 0.09817331369642135 0.04812421645267262 0.09790008490985258
32 0.7076041024958684 0.4052265532780879 0.027931615419866773 0.041214650308426304
16 0.29183909711613226 0.3908606309749208 0.18092796993603744 0.06344871274469222
19 0.6429071160795055 0.12194309051153263 0.023179942539763965 0.06075252280133725
19 0.6434028091478239 0.45504883242116895 0.023179942539763965 0.06075252280133625
24 0.5922439486481454 0.6938802983895589 0.05575839477539046 0.10771476481119846
14 0.11835299891524242 0.6582360290882083 0.02793976389327746 0.1556935050489282
