17 0.1417140673828104 0.0652221284993459 0.1444706018066405 0.11281597086588514
14 0.8644892535400368 0.07715622477213487 0.1560485876464841 0.04998098795572995
20 0.8007853082275403 0.6043285502115903 0.2845037719726562 0.24611944417317677
32 0.0837237210083035 0.41902262369791476 0.0269323052978514 0.04015753743489653
18 0.4591884066772458 0.35288331909179266 0.06265150085449278 0.06278036702473933
32 0.24299970367431417 0.08388615315755649 0.027164783325195452 0.04126222981770884
24 0.5484046193727984 0.931300982290207 0.05575839477539124 0.10771476481119846
34 0.4451101507997908 0.11275664702975471 0.04812421645267262 0.09790008490985258
32 0.43458339750413155 0.41980988661142127 0.027931615419866773 0.04121465030842636
16 0.8503484028838677 0.40544396430825413 0.18092796993603744 0.06344871274469216
19 0.4992803839204946 0.13652642384486596 0.023179942539763965 0.060752522801337236
19 0.498784690852176 0.4696321657545023 0.023179942539763854 0.06075252280133636
24 0.5499435513518545 0.7084636317228923 0.05575839477539046 0.10771476481119846
