14 0.5644892535400368 0.2479895581054682 0.15604858764648422 0.049980987955729916
18 0.15936949371337866 0.18802267049153681 0.06302403015136726 0.0616513745117184
20 0.5007853082275403 0.7751618835449237 0.2845037719726562 0.24611944417317677
18 0.15918840667724576 0.523716652425126 0.06265150085449278 0.06278036702473933
34 0.14511015079979078 0.283589980363088 0.04812421645267262 0.09790008490985255
32 0.13458339750413162 0.5906432199447545 0.027931615419866773 0.041214650308426304
16 0.5503484028838677 0.5762772976415875 0.18092796993603744 0.06344871274469222
19 0.19928038392049457 0.3073597571781993 0.023179942539763965 0.06075252280133725
19 0.19878469085217604 0.6404654990878356 0.023179942539763965 0.06075252280133625
24 0.24994355135185448 0.8792969650562256 0.05575839477539046 0.10771476481119846
14 0.7238345010847576 0.8436526957548751 0.02793976389327746 0.1556935050489282
