14 0.1366447448730469 0.5475669860839854 0.050288391113281206 0.1559061364746096
18 0.19562986531576032 0.9532021679687496 0.0638799031575521 0.06262807006835946
18 0.5533500321451854 0.9531108050537114 0.0635896704101554 0.06281264404296816
20 0.8544592677551814 0.6113549130248863 0.2535864831015241 0.2828662872314438
19 0.4357872004248534 0.9133678371272542 0.06036542724609428 0.023826325073242338
16 0.5006115441894516 0.5603132321166973 0.06096124755859289 0.18044363220214765
19 0.0786172273763005 0.9134082562255847 0.06112883138020875 0.02346458251953154
24 0.5880679099550601 0.16970807858837578 0.11052694789734774 0.05474393932393484
35 0.7774716475334027 0.06848168666116794 0.07270165001995954 0.056328757763399295
34 0.4583487005820198 0.9678055300000189 0.0980333073162607 0.04845172740166248
34 0.10181714731153779 0.9666882653832225 0.0980333073162607 0.04845172740166248
