20 0.685254783121743 0.6101521917724597 0.24611944417317677 0.28450377197265625
18 0.9367000142415407 0.9517490933227541 0.06278036702473933 0.06265150085449278
24 0.35828235104312633 0.8625328806272016 0.10771476481119846 0.05575839477539124
31 0.3229025789666574 0.22573006717381025 0.10080209653747452 0.04863206400576098
32 0.869773446721912 0.9763541024958684 0.041214650308426304 0.027931615419866773
16 0.8841393690250792 0.5605890971161323 0.06344871274469222 0.18092796993603738
19 0.8199511675788311 0.9121528091478239 0.06075252280133625 0.023179942539763965
24 0.581119701610441 0.8609939486481455 0.10771476481119846 0.055758394775390574
23 0.31343698469062103 0.5841033615354461 0.10274365416044107 0.05407560745286333
14 0.6167639709117916 0.3871029989152424 0.1556935050489282 0.02793976389327746
