14 0.0979895581054682 0.5223017535400367 0.049980987955729944 0.15604858764648422
18 0.03802267049153679 0.11718199371337867 0.06165137451171839 0.06302403015136737
20 0.6251618835449235 0.4585978082275403 0.24611944417317677 0.2845037719726563
18 0.37371665242512603 0.11700090667724583 0.06278036702473933 0.06265150085449278
34 0.13358998036308806 0.10292265079979085 0.0979000849098526 0.04812421645267262
32 0.4406432199447546 0.09239589750413157 0.041214650308426304 0.027931615419866773
16 0.4262772976415874 0.5081609028838678 0.06344871274469216 0.18092796993603744
19 0.1573597571781993 0.15709288392049459 0.06075252280133725 0.023179942539763854
19 0.4904654990878356 0.156597190852176 0.06075252280133625 0.023179942539763965
24 0.7292969650562255 0.20775605135185454 0.10771476481119835 0.05575839477539046
14 0.693652695754875 0.6816470010847576 0.1556935050489282 0.02793976389327746
