14 0.10963367007393021 0.34267689605465135 0.16025293454952527 0.056565705742142314
14 0.1097625188947161 0.7056186139952303 0.16025293454952597 0.056565705742141925
18 0.5441721388677987 0.2823381252668836 0.07142979531655902 0.04829846581805125
19 0.4976071315320432 0.41407393125420905 0.0236509833311217 0.06523207900936545
34 0.5562207844539756 0.37806567461546736 0.045721651530409746 0.09804376355199768
18 0.5436125272390531 0.6457126095336936 0.07142979531655913 0.04829846581805175
19 0.49704751990329754 0.776414457187683 0.023650983331121755 0.0652320790093649
34 0.5556611728252279 0.7414401588822768 0.045721651530409635 0.09804376355199762
32 0.7421194203914944 0.7144001646572756 0.029063341110060037 0.0471226072947597
32 0.9363409771596942 0.35209359472309343 0.029063341110060037 0.047122607294759644
17 0.8876536977167685 0.6906219469958349 0.20009607666015583 0.13054545186360644
33 0.7505346279069749 0.3511935268326345 0.043816725719148075 0.043816725719148075
