14 0.8584134682277117 0.27098655547724915 0.056565705742141814 0.16025293454952558
14 0.18502783656884636 0.2703268169616429 0.056565705742142036 0.1602529345495256
18 0.9253111912823848 0.7052202567978789 0.06123745494472155 0.0714297953165598
19 0.7883396292471508 0.6586552494621318 0.06439258014636651 0.023650983331121034
34 0.8247676353173903 0.7172689023840725 0.09804376355199762 0.045721651530409746
18 0.24542209975406049 0.7055857485015404 0.050662669487272716 0.07142979531655913
19 0.11373793044755015 0.659020741165802 0.06439258014636617 0.0236509833311217
34 0.15016593651779048 0.717634394087742 0.09804376355199762 0.04572165153041041
32 0.1765330497953992 0.9034506070567471 0.047122607294760144 0.029063341110060703
23 0.5915906481848684 0.5816632940333502 0.11061566243489529 0.044346339111329125
33 0.8504310235176875 0.9116280440381004 0.04381672571914785 0.043816725719148075
