18 0.8292653611322014 0.9447452080664498 0.07142979531655913 0.048298465818051306
19 0.8758303684679567 0.8130094020791243 0.0236509833311217 0.06523207900936534
34 0.8172167155460244 0.8490176587178659 0.045721651530409746 0.09804376355199773
18 0.829824972760947 0.5813707237996397 0.07142979531655913 0.04829846581805175
19 0.8763899800967025 0.45066887614565043 0.0236509833311217 0.06523207900936501
34 0.8177763271747722 0.4856431744510566 0.045721651530409635 0.09804376355199762
18 0.8293743426988389 0.2199654139896718 0.07142979531655913 0.04649594556962311
19 0.8759393500345953 0.08706295145988913 0.023650983331121034 0.0652320790093649
34 0.8173256971126651 0.12513912476530298 0.04572165153041041 0.09804376355199773
32 0.6309456580695748 0.14969630873076079 0.029063341110060703 0.047122607294760144
32 0.6313180796085056 0.5126831686760577 0.029063341110060037 0.0471226072947597
32 0.43709652284030587 0.8749897386102399 0.029063341110060037 0.04712260729475959
17 0.2756203118712588 0.8987384908540543 0.20009607666015583 0.13054545186360633
17 0.4857838022832315 0.5364613863374985 0.20009607666015583 0.13054545186360633
17 0.4856315742097287 0.17332038696517887 0.2000960766601565 0.13054545186360633
33 0.6229028720930252 0.8758898065006988 0.043816725719147964 0.043816725719148075
