17 0.8276472398885137 0.27129557067871063 0.13054545186360633 0.2000960766601566
18 0.8794778579490514 0.8291547432021211 0.06123745494472155 0.07142979531655991
19 0.7425062959138176 0.875719750537868 0.0643925801463664 0.023650983331121034
34 0.7789343019840571 0.8171060976159275 0.09804376355199762 0.045721651530409635
18 0.19958876642072715 0.8287892514984594 0.050662669487272605 0.07142979531655913
19 0.06790459711421687 0.8753542588341978 0.06439258014636617 0.0236509833311217
34 0.1043326031844572 0.816740605912258 0.09804376355199762 0.04572165153041041
32 0.1306997164620659 0.630924392943253 0.047122607294760144 0.029063341110060703
32 0.8037581280668212 0.4366537702467152 0.04712260729475992 0.029063341110060814
17 0.153172600414123 0.4856379230905812 0.1305454518636061 0.20009607666015583
23 0.545757314851535 0.9527117059666498 0.11061566243489529 0.044346339111329014
33 0.8045976901843541 0.6227469559618997 0.04381672571914785 0.043816725719148075
