18 0.45733812526688356 0.6152028611322014 0.048298465818051195 0.07142979531655913
19 0.589073931254209 0.6617678684679569 0.06523207900936545 0.0236509833311217
34 0.5530656746154674 0.6031542155460243 0.09804376355199762 0.045721651530409635
18 0.8207126095336936 0.615762472760947 0.04829846581805175 0.07142979531655902
19 0.9514144571876829 0.6623274800967025 0.06523207900936501 0.0236509833311217
34 0.9164401588822768 0.6037138271747722 0.09804376355199762 0.045721651530409746
32 0.8894001646572756 0.4172555796085057 0.04712260729475959 0.029063341110060037
32 0.5270935947230934 0.22303402284030582 0.0471226072947597 0.029063341110060037
17 0.8656219469958348 0.27172130228323144 0.13054545186360633 0.20009607666015583
33 0.5261935268326345 0.4088403720930252 0.043816725719148075 0.043816725719148075
