14 0.7765481830383572 0.6899721634311536 0.1602529345495256 0.056565705742142036
19 0.3882197505378681 0.08666037075284921 0.023650983331121034 0.0643925801463664
34 0.3296060976159275 0.050232364682609665 0.045721651530409746 0.09804376355199762
18 0.3412892514984595 0.6295779002459395 0.07142979531655913 0.050662669487272716
19 0.38785425883419794 0.7612620695524499 0.0236509833311217 0.06439258014636617
34 0.329240605912258 0.7248340634822095 0.04572165153041041 0.09804376355199762
18 0.22484544304053738 0.9305398691474944 0.0714297953165598 0.07107305326816993
32 0.14342439294325293 0.6984669502046008 0.029063341110060703 0.047122607294760144
23 0.4652117059666498 0.28340935181513166 0.044346339111329125 0.11061566243489518
33 0.13524695596189956 0.024568976482312488 0.043816725719148075 0.04381672571914774
