18 0.9308278611322014 0.8697452080664498 0.07142979531655913 0.048298465818051306
19 0.9773928684679567 0.7380094020791242 0.0236509833311217 0.06523207900936545
34 0.9187792155460244 0.774017658717866 0.045721651530409746 0.09804376355199762
18 0.931387472760947 0.5063707237996398 0.07142979531655913 0.04829846581805175
19 0.9779524800967025 0.3756688761456504 0.0236509833311217 0.0652320790093649
34 0.9193388271747722 0.4106431744510566 0.045721651530409635 0.09804376355199773
18 0.9309368426988389 0.14496541398967178 0.07142979531655913 0.04649594556962322
34 0.9188881971126651 0.05013912476530297 0.04572165153041041 0.09804376355199762
32 0.7325081580695748 0.07469630873076083 0.029063341110060703 0.047122607294760144
32 0.7328805796085056 0.4376831686760577 0.029063341110060037 0.0471226072947597
32 0.5386590228403059 0.7999897386102399 0.029063341110060037 0.0471226072947597
17 0.3771828118712588 0.8237384908540544 0.20009607666015583 0.13054545186360633
17 0.5873463022832315 0.46146138633749845 0.20009607666015583 0.13054545186360644
17 0.5871940742097287 0.09832038696517881 0.2000960766601565 0.13054545186360633
33 0.7244653720930252 0.8008898065006989 0.043816725719147964 0.043816725719147964
