17 0.3134830706787106 0.08693609344481956 0.2000960766601565 0.1305454518636064
18 0.8713422432021212 0.035105475384281944 0.0714297953165598 0.06123745494472151
19 0.917907250537868 0.17207703741951583 0.023650983331121034 0.0643925801463664
34 0.8592935976159275 0.13564903134927633 0.045721651530409746 0.09804376355199763
18 0.8709767514984594 0.7149945669126062 0.07142979531655913 0.050662669487272716
19 0.9175417588341979 0.8466787362191164 0.0236509833311217 0.06439258014636617
34 0.858928105912258 0.8102507301488762 0.04572165153041041 0.09804376355199762
32 0.6731118929432529 0.7838836168712675 0.029063341110060814 0.047122607294760144
32 0.4788412702467152 0.1108252052665121 0.029063341110060703 0.04712260729475991
17 0.5278254230905812 0.7614107329192104 0.20009607666015583 0.1305454518636061
33 0.6649344559618995 0.10998564314897917 0.043816725719148075 0.043816725719147825
