23 0.8470428027343753 0.06558317443847486 0.1106156624348964 0.044346339111328355
18 0.14890999868063848 0.19099032181051745 0.057988095220840336 0.0714297953165591
19 0.2865410603473947 0.14289910094181657 0.0652320790093654 0.023650983331121034
34 0.25049983841924095 0.20074964709727325 0.09804376355199718 0.04572165153040969
18 0.5132844852814913 0.1906973682468408 0.05798809522084031 0.0714297953165591
19 0.6498815886149094 0.1431544286281376 0.06523207900936645 0.023650983331121006
34 0.6128064083534259 0.20210153728359473 0.09804376355199718 0.04572165153040969
32 0.5878332971890776 0.5829461550929564 0.04712260729475959 0.030159903610061156
32 0.22609666825850921 0.3883018271565376 0.04712260729475967 0.03015990361006121
17 0.565052589677992 0.746238566511462 0.1305454518636064 0.20009607666015583
33 0.5874700528587354 0.3965150018417326 0.043816725719147076 0.04381672571914802
