14 0.10537729450298183 0.12913457336227152 0.16025293454952594 0.056565705742140926
16 0.12499127949611744 0.4914997895093819 0.19903456115722695 0.05666606526692708
18 0.5409903218105174 0.5594233346526949 0.07142979531655913 0.05798809522084036
19 0.4928991009418166 0.42179227298593863 0.023650983331121034 0.06523207900936534
34 0.5507496470972733 0.45783349491409236 0.045721651530409746 0.09804376355199718
18 0.5406973682468408 0.19504884805184208 0.07142979531655902 0.05798809522084025
19 0.49315442862813763 0.05845174471842396 0.02365098333112098 0.06523207900936634
34 0.5521015372835947 0.09552692497990734 0.045721651530409635 0.09804376355199707
32 0.9329461550929565 0.12050003614425575 0.030159903610061267 0.0471226072947597
32 0.7383018271565376 0.4822366650748241 0.030159903610061156 0.0471226072947597
33 0.7465150018417326 0.12086328047459793 0.043816725719147964 0.043816725719147076
