14 0.8591163299260698 0.07809356272131798 0.16025293454952516 0.056565705742142335
14 0.858987481105284 0.4410352806618969 0.16025293454952594 0.05656570574214187
14 0.8590883324322768 0.8046530877956288 0.1602529345495256 0.05656570574214226
19 0.4711428684679568 0.1494905979208757 0.0236509833311217 0.0652320790093654
34 0.4125292155460244 0.11348234128213407 0.045721651530409746 0.09804376355199765
18 0.425137472760947 0.3811292762003603 0.07142979531655913 0.04829846581805175
19 0.47170248009670246 0.5118311238543496 0.02365098333112181 0.06523207900936501
34 0.4130888271747722 0.47685682554894343 0.045721651530409635 0.09804376355199762
18 0.4246868426988389 0.7425345860103283 0.07142979531655913 0.04649594556962311
19 0.4712518500345954 0.8754370485401108 0.023650983331121034 0.0652320790093649
34 0.41263819711266514 0.837360875234697 0.04572165153041041 0.09804376355199762
32 0.22625815806957483 0.8128036912692392 0.029063341110060703 0.047122607294760144
32 0.22663057960850563 0.4498168313239423 0.029063341110060037 0.0471226072947597
32 0.03240902284030578 0.08751026138976006 0.029063341110060037 0.04712260729475967
33 0.21821537209302516 0.08661019349930114 0.043816725719148075 0.04381672571914805
