14 0.7614897706120154 0.1799461700739302 0.05656570574214237 0.16025293454952527
14 0.39854805267143645 0.1800750188947161 0.056565705742141814 0.16025293454952597
14 0.03493024553770446 0.17997416756772322 0.05656570574214237 0.16025293454952558
18 0.821828541399783 0.6144846388677987 0.048298465818051306 0.07142979531655902
19 0.6900927354124576 0.5679196315320432 0.06523207900936545 0.0236509833311217
34 0.7261009920511994 0.6265332844539756 0.09804376355199762 0.045721651530409746
18 0.458454057132973 0.6139250272390531 0.04829846581805175 0.07142979531655913
19 0.32775220947898376 0.5673600199032975 0.06523207900936501 0.02365098333112181
34 0.3627265077843899 0.6259736728252279 0.09804376355199762 0.045721651530409635
18 0.09704874732300511 0.6143756573011612 0.04649594556962311 0.07142979531655913
32 0.02677964206409411 0.8128043419304252 0.047122607294760144 0.029063341110060703
32 0.38976650200939106 0.8124319203914944 0.04712260729475959 0.029063341110060037
33 0.7529731398340322 0.8208471279069749 0.043816725719148075 0.043816725719148075
