18 0.31286532181051746 0.2759933320139718 0.07142979531655913 0.057988095220840336
19 0.2647741009418166 0.413624393680728 0.023650983331121034 0.0652320790093654
34 0.32262464709727323 0.3775831717525743 0.04572165153040969 0.09804376355199718
18 0.31257236824684076 0.6403678186148245 0.07142979531655907 0.05798809522084036
19 0.2650294286281376 0.7769649219482426 0.023650983331121034 0.06523207900936645
34 0.32397653728359477 0.7398897416867594 0.04572165153040969 0.09804376355199718
32 0.7048211550929566 0.7149166305224108 0.030159903610061156 0.04712260729475959
32 0.5101768271565377 0.3531800015918426 0.030159903610061156 0.047122607294759644
17 0.8681135665114621 0.6921359230113253 0.20009607666015583 0.13054545186360633
33 0.5183900018417327 0.7145533861920688 0.043816725719148075 0.043816725719147076
