23 0.5828543255615252 0.6845428027343753 0.04434633911132835 0.1106156624348964
14 0.8930602054970183 0.41669875997106187 0.16025293454952594 0.05656570574214087
16 0.8734462205038827 0.054333543823951426 0.19903456115722695 0.05666606526692704
19 0.5055383990581834 0.1240410603473947 0.023650983331120923 0.0652320790093654
34 0.4476878529027267 0.08799983841924094 0.045721651530409746 0.09804376355199718
18 0.45774013175315925 0.3507844852814912 0.07142979531655913 0.05798809522084031
19 0.5052830713718623 0.4873815886149093 0.023650983331121034 0.06523207900936634
34 0.4463359627164053 0.450306408353426 0.045721651530409746 0.09804376355199718
32 0.0654913449070435 0.42533329718907753 0.030159903610061156 0.047122607294759644
32 0.26013567284346234 0.06359666825850922 0.030159903610061156 0.047122607294759665
33 0.25192249815826745 0.4249700528587354 0.043816725719148075 0.043816725719147076
