23 0.488709469401042 0.34683317443847483 0.11061566243489646 0.04434633911132835
18 0.1549511519481579 0.47194736824684075 0.057988095220840336 0.07142979531655913
19 0.291548255281576 0.4244044286281376 0.06523207900936634 0.023650983331121034
34 0.25447307502009264 0.4833515372835947 0.09804376355199715 0.045721651530409746
18 0.8355352162948696 0.47102759683587475 0.04940738358006058 0.07142979531655913
34 0.9307667835463997 0.4824317658726397 0.09804376355199818 0.04572165153041041
32 0.9031771834613342 0.6690051386545228 0.0471226072947597 0.030159903610061267
32 0.22949996385574423 0.8641961550929564 0.04712260729475967 0.030159903610061156
17 0.8797567161095098 0.8140926432578443 0.13054545186360733 0.20009607666015583
33 0.2291367195254021 0.6777650018417325 0.043816725719147104 0.043816725719148075
