23 0.6678761360677086 0.9375418255615251 0.11061566243489651 0.04434633911132835
19 0.10737439368072804 0.8602258990581835 0.06523207900936541 0.023650983331121034
34 0.07133317175257427 0.8023753529027268 0.09804376355199718 0.045721651530409746
18 0.3341178186148246 0.8124276317531591 0.05798809522084031 0.07142979531655913
19 0.4707149219482427 0.8599705713718624 0.0652320790093664 0.023650983331120923
34 0.43363974168675934 0.8010234627164052 0.09804376355199718 0.045721651530409635
32 0.4086666305224109 0.42017884490704344 0.047122607294759644 0.030159903610061156
32 0.04693000159184256 0.6148231728434623 0.04712260729475967 0.030159903610061156
17 0.3858859230113254 0.2568864334885379 0.1305454518636064 0.20009607666015583
33 0.40830338619206874 0.6066099981582673 0.043816725719147076 0.043816725719148075
