23 0.37027067443847483 0.3720428027343753 0.04434633911132835 0.11061566243489646
18 0.4953848682468408 0.03828448528149124 0.07142979531655907 0.05798809522084033
19 0.4478419286281376 0.17488158861490935 0.023650983331121034 0.06523207900936634
34 0.5067890372835947 0.137806408353426 0.04572165153040969 0.09804376355199718
18 0.49446509683587475 0.7188685496282029 0.07142979531655913 0.04940738358006058
19 0.4469221572171801 0.8511752971412154 0.02365098333112098 0.06523207900936534
34 0.5058692658726397 0.814100116879733 0.04572165153041041 0.09804376355199806
32 0.6924426386545228 0.7865105167946675 0.030159903610061267 0.0471226072947597
32 0.8876336550929564 0.11283329718907756 0.030159903610061156 0.047122607294759686
17 0.8375301432578443 0.7630900494428431 0.20009607666015583 0.13054545186360733
33 0.7012025018417325 0.11247005285873542 0.043816725719148075 0.043816725719147104
