23 0.05712386393229141 0.38597932556152514 0.1106156624348964 0.04434633911132835
14 0.3249679066956048 0.6961852054970181 0.056565705742140926 0.16025293454952594
16 0.6873331228427152 0.6765712205038825 0.05666606526692708 0.19903456115722695
18 0.7552566679860282 0.26057217818948253 0.05798809522084036 0.07142979531655902
19 0.617625606319272 0.30866339905818346 0.06523207900936534 0.023650983331121034
34 0.6536668282474257 0.25081285290272676 0.09804376355199707 0.045721651530409635
18 0.39088218138517544 0.26086513175315923 0.05798809522084036 0.07142979531655913
19 0.2542850780517573 0.3084080713718624 0.06523207900936645 0.023650983331121034
34 0.2913602583132407 0.24946096271640528 0.09804376355199718 0.045721651530409746
32 0.6780699984081575 0.06326067284346237 0.04712260729475959 0.030159903610061267
33 0.31669661380793124 0.05504749815826743 0.043816725719147076 0.043816725719148075
