14 0.1864268960546513 0.1158836700739302 0.05656570574214237 0.16025293454952524
14 0.5493686139952303 0.11601251889471609 0.056565705742141925 0.16025293454952594
14 0.9129864211289622 0.11591166756772325 0.05656570574214237 0.1602529345495256
18 0.12608812526688357 0.5504221388677988 0.048298465818051306 0.07142979531655913
19 0.2578239312542091 0.5038571315320433 0.06523207900936545 0.0236509833311217
34 0.22181567461546742 0.5624707844539756 0.09804376355199762 0.045721651530409635
18 0.48946260953369364 0.5498625272390529 0.04829846581805175 0.07142979531655913
19 0.620164457187683 0.5032975199032975 0.0652320790093649 0.023650983331121755
34 0.5851901588822768 0.5619111728252278 0.09804376355199762 0.045721651530409746
18 0.8508679193436616 0.550313157301161 0.04649594556962322 0.07142979531655913
34 0.9456942085680304 0.5623618028873348 0.09804376355199762 0.04572165153041041
32 0.9211370246025725 0.7487418419304251 0.047122607294760144 0.029063341110060703
32 0.5581501646572756 0.7483694203914943 0.0471226072947597 0.029063341110060037
32 0.19584359472309343 0.9425909771596942 0.0471226072947597 0.029063341110060037
17 0.5343719469958349 0.8939036977167685 0.13054545186360644 0.20009607666015583
17 0.8975129463681545 0.8940559257902713 0.13054545186360644 0.2000960766601565
33 0.1949435268326345 0.7567846279069748 0.043816725719147964 0.043816725719148075
