18 0.9027028611322012 0.08025479193355026 0.07142979531655913 0.048298465818051285
19 0.9492678684679567 0.2119905979208757 0.0236509833311217 0.0652320790093654
34 0.8906542155460244 0.17598234128213408 0.045721651530409635 0.09804376355199765
18 0.9032624727609471 0.4436292762003603 0.07142979531655913 0.04829846581805175
19 0.9498274800967024 0.5743311238543496 0.0236509833311217 0.06523207900936501
34 0.8912138271747722 0.5393568255489434 0.045721651530409746 0.09804376355199762
18 0.902811842698839 0.8050345860103283 0.07142979531655913 0.04649594556962311
19 0.9493768500345954 0.9379370485401108 0.023650983331121034 0.0652320790093649
34 0.8907631971126652 0.899860875234697 0.04572165153041041 0.09804376355199762
32 0.7043831580695749 0.8753036912692392 0.029063341110060703 0.047122607294760144
32 0.7047555796085057 0.5123168313239422 0.029063341110060037 0.047122607294759644
32 0.5105340228403058 0.1500102613897601 0.029063341110060037 0.04712260729475967
17 0.3490578118712587 0.12626150914594564 0.20009607666015583 0.13054545186360636
17 0.5592213022832315 0.48853861366250156 0.20009607666015583 0.13054545186360633
17 0.5590690742097287 0.8516796130348212 0.2000960766601565 0.13054545186360633
33 0.6963403720930252 0.14911019349930116 0.043816725719148075 0.04381672571914805
