32 0.5320959916543966 0.19020606094987044 0.029308942572641494 0.04237624816512947
17 0.6558989434200893 0.16936822573788862 0.18022242691675605 0.12248782578770753
34 0.3119816215431819 0.22135621273078337 0.040275667743917165 0.10249803166149529
19 0.2462864332092918 0.2488911919542062 0.02493241112342054 0.06368850272242338
18 0.2900122207929027 0.11687679833496911 0.06902805630082226 0.06731982265159027
32 0.49153206961329515 0.5915961324202584 0.02930894257264216 0.042376248165129526
34 0.3123317046522708 0.6227462842011713 0.040275667743917165 0.10249803166149529
19 0.24663651631838182 0.6502812634245951 0.024932411123419873 0.06368850272242521
18 0.29036230390199225 0.518266869805359 0.06902805630082226 0.06731982265159031
27 0.46353599243940413 0.7644840812385979 0.0447767687799448 0.08892854364215164
15 0.6868715958644092 0.6230830523707804 0.3416526745050469 0.6972675841245064
23 0.0995884195158812 0.8356138210446517 0.05362066734060136 0.12133808017525971
22 0.2766475797598044 0.9040402838992387 0.0519954444299735 0.13438431746216484
