22 0.19080554502240166 0.7104418666859056 0.1335275891438339 0.053746817470725405
23 0.19025346396897286 0.5331107233809986 0.13254610651150645 0.051081076547849213
16 0.7480864966767844 0.3118857489013665 0.052460058848614266 0.23946417547621446
34 0.7103740908835974 0.7525014501933797 0.1024980316614943 0.04027566774391711
19 0.6828391116601732 0.6868062618594891 0.06368850272242521 0.02493241112342015
18 0.8148535052794117 0.7305320494431026 0.0673198226515912 0.06902805630082232
32 0.40766592503769344 0.9730512450668076 0.042376248165129415 0.029308942572641383
14 0.4179850558666336 0.2779838136399308 0.05121667074589409 0.17069483280781161
34 0.37858386055933646 0.7529368749555949 0.1024980316614943 0.04027566774391722
19 0.3510488813359146 0.687241686621703 0.06368850272242432 0.02493241112342026
18 0.48306327495515067 0.730967474205314 0.0673198226515912 0.06902805630082298
