32 0.3491540083456034 0.11728939428320379 0.029308942572641383 0.042376248165129485
17 0.22535105657991072 0.09645155907122198 0.18022242691675605 0.12248782578770753
34 0.5692683784568182 0.14843954606411672 0.04027566774391722 0.10249803166149529
19 0.6349635667907082 0.17597452528753954 0.024932411123420595 0.06368850272242335
18 0.5912377792070973 0.04396013166830244 0.0690280563008222 0.06731982265159028
32 0.3897179303867048 0.5186794657535917 0.02930894257264216 0.04237624816512947
34 0.5689182953477292 0.5498296175345047 0.04027566774391722 0.10249803166149535
19 0.6346134836816182 0.5773645967579284 0.02493241112341993 0.06368850272242532
18 0.5908876960980077 0.44535020313869234 0.06902805630082232 0.06731982265159026
27 0.41771400756059585 0.6915674145719313 0.04477676877994474 0.08892854364215164
15 0.19437840413559077 0.5501663857041137 0.3416526745050469 0.6972675841245064
23 0.7816615804841187 0.762697154377985 0.053620667340601336 0.12133808017525971
22 0.6046024202401956 0.8311236172325721 0.0519954444299735 0.13438431746216484
