16 0.9154848866810068 0.19686143431595493 0.05246005884861371 0.23946417547621435
32 0.2579744090771667 0.8568749134688454 0.04237624816512897 0.02930894257264216
14 0.24915670962988873 0.16218283988738286 0.05121667074589353 0.17069483280781161
34 0.2885579049371837 0.6371359012030482 0.1024980316614943 0.04027566774391722
19 0.3160928841606072 0.5714407128691577 0.06368850272242477 0.02493241112342026
18 0.18407849054136943 0.6151665004527676 0.0673198226515902 0.06902805630082232
32 0.5896542506617022 0.857216147873768 0.04237624816512908 0.029308942572641383
14 0.5808365512144226 0.16252407429230492 0.05121667074589409 0.17069483280781161
34 0.6202377465217195 0.6374771356079691 0.10249803166149396 0.04027566774391722
19 0.6477727257451424 0.5717819472740777 0.06368850272242521 0.024932411123420484
18 0.5157583321259052 0.6155077348576892 0.06731982265159075 0.0690280563008222
18 0.848717878078381 0.61550773485769 0.06731982265159075 0.06902805630082232
