22 0.4661206333140944 0.361638878355735 0.053746817470725294 0.13352758914383378
23 0.6434517766190013 0.3610867973023062 0.051081076547849213 0.13254610651150633
16 0.8646767510986335 0.9189198300101178 0.23946417547621446 0.052460058848614266
34 0.42406104980662035 0.8812074242169308 0.04027566774391722 0.1024980316614944
19 0.4897562381405109 0.8536724449935065 0.02493241112342026 0.06368850272242521
32 0.2035112549331924 0.5784992583710268 0.029308942572641494 0.042376248165129526
14 0.8985786863600693 0.588818389199967 0.17069483280781161 0.05121667074589398
34 0.42362562504440504 0.5494171938926697 0.04027566774391711 0.1024980316614944
19 0.489320813378297 0.5218822146692479 0.02493241112342015 0.06368850272242432
18 0.445595025794686 0.6538966082884841 0.06902805630082298 0.0673198226515912
