32 0.9139606057167962 0.5727209916543966 0.042376248165129415 0.029308942572641383
17 0.9347984409287781 0.6965239434200893 0.12248782578770756 0.18022242691675605
34 0.8828104539358832 0.35260662154318184 0.10249803166149529 0.04027566774391722
19 0.8552754747124605 0.2869114332092918 0.06368850272242332 0.024932411123420595
32 0.5125705342464083 0.5321570696132951 0.042376248165129526 0.02930894257264216
34 0.4814203824654953 0.35295670465227075 0.10249803166149529 0.04027566774391722
19 0.45388540324207155 0.2872615163183818 0.06368850272242532 0.02493241112341993
18 0.5858997968613078 0.33098730390199227 0.0673198226515902 0.06902805630082232
27 0.33968258542806873 0.5041609924394042 0.08892854364215164 0.04477676877994474
15 0.48108361429588625 0.7274965958644093 0.6972675841245063 0.3416526745050469
23 0.268552845622015 0.14021341951588123 0.12133808017525971 0.053620667340601336
22 0.2001263827674279 0.3172725797598044 0.13438431746216484 0.0519954444299735
