22 0.29705554502240167 0.1676831333140944 0.13352758914383378 0.053746817470725294
23 0.29650346396897287 0.3450142766190014 0.13254610651150633 0.051081076547849324
16 0.8543364966767844 0.5662392510986334 0.052460058848614266 0.23946417547621446
34 0.8166240908835973 0.12562354980662038 0.1024980316614944 0.04027566774391711
19 0.7890891116601731 0.19131873814051092 0.06368850272242521 0.02493241112342015
18 0.9211035052794116 0.14759295055689742 0.0673198226515912 0.0690280563008222
14 0.5242350558666335 0.6001411863600692 0.05121667074589409 0.17069483280781161
34 0.4848338605593364 0.12518812504440502 0.1024980316614943 0.04027566774391711
19 0.45729888133591456 0.190883313378297 0.06368850272242432 0.02493241112342015
18 0.5893132749551507 0.147157525794686 0.0673198226515912 0.06902805630082298
