14 0.05932023946126061 0.522715053710939 0.05285396362304718 0.17093238830566437
14 0.4359073858642591 0.5226930775451641 0.05110519246419232 0.17058860443115265
18 0.3684939723714209 0.06658360290527199 0.06904760782877589 0.06979658813476552
18 0.8150832822672565 0.0983429788208014 0.06971304890950503 0.07083418395996122
16 0.8739478540039035 0.507601229705811 0.0679955143229165 0.201364433898926
19 0.9480848465983106 0.14280403015136578 0.0642990991210941 0.024794711914062573
19 0.5033574509684267 0.11097469238280977 0.06505795206705706 0.025064355468749966
19 0.12482819879838634 0.1109746923828091 0.06505795206705708 0.025064355468749966
34 0.10036263813906814 0.03820193367371483 0.10760258235218459 0.027025764869851088
34 0.47672894496501306 0.0382506136314692 0.10760258235218506 0.027025764869851088
34 0.9223177521957391 0.0710196417715313 0.107602582352185 0.027025764869851088
