15 0.3488252921549503 0.5795269049072302 0.5991192529296863 0.3246610253906254
17 0.836283716634109 0.5085168560791011 0.12629848795572995 0.16026403930664085
32 0.8135418245442678 0.3937945245361313 0.04541368164062376 0.02925785400390596
18 0.8888578393554714 0.15083811584472928 0.06800991373697995 0.07006416503906224
18 0.40618061197916405 0.15106604766845813 0.06987614257812613 0.07095445617675794
19 0.7553477758789104 0.10640095458984183 0.06479313313802015 0.025328386230469138
32 0.33144241861979634 0.38676035614013526 0.04446184895833383 0.029669022827148728
19 0.27274424235026423 0.1064449606323219 0.065916407877603 0.025126807250976657
34 0.7818263088954334 0.17875458382618525 0.10656862401885026 0.027025764869851088
34 0.299781123382535 0.17890422036253462 0.10656862401885026 0.027025764869851088
