15 0.4079730950927697 0.6782580411783831 0.32466102539062547 0.5991192529296863
17 0.47898314392089886 0.19079961669922435 0.1602640393066409 0.12629848795572984
32 0.5937054754638688 0.21354150878906542 0.029257854003905903 0.045413681640623815
18 0.8366618841552707 0.1382254939778619 0.07006416503906221 0.06800991373697986
18 0.8364339523315418 0.6209027213541694 0.070954456176758 0.06987614257812613
19 0.8810990454101582 0.2717355574544229 0.02532838623046918 0.06479313313802021
32 0.6007396438598647 0.695640914713537 0.029669022827148672 0.04446184895833383
19 0.8810550393676781 0.7543390909830692 0.0251268072509766 0.065916407877603
34 0.8087454161738148 0.24525702443789993 0.027025764869851088 0.10656862401885028
34 0.8085957796374654 0.7273022099507984 0.027025764869851088 0.10656862401885026
