32 0.6445533357747375 0.8892408639526366 0.04317936523437427 0.027901564331054285
14 0.6359563016764378 0.18949986618042125 0.05444872639973919 0.1715997195434575
19 0.2163510290527318 0.6016391763305642 0.06480670817057235 0.02511378356933569
18 0.56919236897786 0.6463169403076197 0.07052851725260412 0.07066480957031229
19 0.7017468200683552 0.6019880035400405 0.06450383870442711 0.02595312622070345
16 0.14213904459635768 0.20434479202270647 0.06674910807291592 0.2013058523559575
18 0.08357109415690331 0.6462975363159191 0.06804982340494803 0.06999125061035094
22 0.8088053121625653 0.3032499606420963 0.11089001890153727 0.05883723576025662
34 0.18990092484862278 0.6743794995723075 0.10656862401885026 0.027025764869851088
34 0.6759103877156193 0.6742684583509678 0.10656862401885125 0.02702576486985042
