32 0.22419666422526252 0.8454908639526366 0.043179365234374156 0.027901564331054396
14 0.23279369832356217 0.14574986618042124 0.05444872639973919 0.17159971954345743
19 0.6523989709472682 0.5578891763305641 0.06480670817057232 0.02511378356933558
18 0.29955763102213995 0.6025669403076197 0.07052851725260423 0.0706648095703124
19 0.16700317993164476 0.5582380035400405 0.06450383870442711 0.025953126220703338
16 0.7266109554036423 0.1605947920227065 0.0667491080729159 0.20130585235595755
18 0.7851789058430967 0.6025475363159192 0.06804982340494803 0.06999125061035083
22 0.059944687837434674 0.2594999606420963 0.11089001890153716 0.05883723576025657
34 0.6788490751513772 0.6306294995723075 0.10656862401885026 0.027025764869851088
34 0.19283961228438073 0.6305184583509679 0.10656862401885125 0.02702576486985042
