14 0.8552630938720728 0.25853494628906104 0.05285396362304717 0.17093238830566437
14 0.47867594746907427 0.25855692245483586 0.05110519246419232 0.17058860443115265
32 0.8465341851806625 0.9575666973876953 0.04223271525065064 0.02727470214843708
32 0.4698846663411447 0.9579427468872076 0.044195679524739795 0.02887801940918
18 0.5460893609619125 0.714666397094728 0.06904760782877584 0.06979658813476552
18 0.09950005106607684 0.6829070211791985 0.06971304890950503 0.07083418395996122
16 0.04063547932942979 0.273648770294189 0.0679955143229165 0.201364433898926
18 0.9230415211995442 0.7156656005859372 0.06839668904622398 0.07065669311523448
19 0.41122588236490665 0.6702753076171902 0.06505795206705711 0.025064355468749966
19 0.789755134534947 0.6702753076171909 0.06505795206705711 0.025064355468749966
34 0.8142206951942652 0.7430480663262852 0.10760258235218467 0.027025764869851088
34 0.43785438836832025 0.7429993863685308 0.10760258235218512 0.027025764869851088
