15 0.3220355950927697 0.41549195882161694 0.32466102539062547 0.5991192529296863
17 0.39304564392089886 0.9029503833007757 0.1602640393066409 0.12629848795572995
32 0.5077679754638688 0.8802084912109346 0.029257854003905903 0.04541368164062387
18 0.7507243841552707 0.9555245060221381 0.07006416503906221 0.06800991373697984
18 0.7504964523315418 0.4728472786458307 0.070954456176758 0.06987614257812613
19 0.7951615454101582 0.8220144425455771 0.02532838623046918 0.06479313313802015
32 0.5148021438598647 0.398109085286463 0.029669022827148672 0.04446184895833383
19 0.7951175393676781 0.3394109090169309 0.0251268072509766 0.065916407877603
27 0.3410493979803128 0.05860301161972836 0.04858446413218187 0.09564271473141539
34 0.7228079161738148 0.8484929755621 0.027025764869851088 0.10656862401885026
34 0.7226582796374654 0.36644779004920164 0.027025764869851088 0.10656862401885026
