20 0.6838914367132829 0.1784776416342126 0.33840634166589323 0.29328340826839494
16 0.7457644155751776 0.44851553101463587 0.21480037234902416 0.07103534422067714
14 0.7609622755257455 0.8657486228258513 0.1827519573974612 0.05518024495442697
18 0.2731648971903095 0.9374873667079853 0.07253221313476599 0.07254833801269556
19 0.3216407312458891 0.7941229290111025 0.026652358398437936 0.06756711059570364
34 0.24911682538946173 0.8243384276755488 0.04020521567027735 0.11014553876336586
18 0.30727810715724285 0.5133289745519264 0.07253221313476532 0.07254833801269545
19 0.3557539412128204 0.3699645368550425 0.02665235839843738 0.06756711059570364
34 0.28323003535639335 0.4001800355194902 0.04020521567027724 0.11014553876336497
24 0.36331800662086233 0.27605772975851056 0.05020159818128889 0.10011714737009358
