15 0.6499428377308202 0.18984415582839775 0.6961258989920709 0.34868769538401234
17 0.07972399458592228 0.25835926220853517 0.12383905916799964 0.15548304101862487
32 0.05791523488832695 0.36843569068192433 0.044230078094465775 0.027832219870989383
32 0.6878435020567226 0.37671304009014717 0.04328572382050222 0.026936334261104422
18 0.7611049398171452 0.6043597740287008 0.06688497328703091 0.06790850695171213
23 0.4456855773925734 0.7931731294086142 0.10928732340494829 0.05809549499511768
31 0.6656773336126096 0.5883295703316436 0.08870969571925025 0.050428399766696
19 0.6311495413769241 0.6480787513483339 0.06505102209266145 0.024763229010601795
27 0.38245570301167364 0.207848180215769 0.09391060352340763 0.04658875091688941
22 0.16372819967694052 0.8822267493416593 0.11043769215054855 0.057447719696578026
18 0.13124755108471942 0.6047150496733362 0.06688497328703069 0.06790850695171224
