20 0.5445361854222548 0.6157862040201796 0.3173970388132584 0.27399042073567725
31 0.029300971795887774 0.3827152469889403 0.05434060218460317 0.11471020914713581
35 0.0984775783034026 0.7396700446794957 0.05880454253349435 0.08021100012049753
19 0.8801012725894598 0.09563483874802164 0.025568108651577104 0.0652310492960609
31 0.9365986691301562 0.06941043170330635 0.0613358005630239 0.10655667001280211
14 0.4679843402399754 0.02916977723581482 0.171136910242221 0.0531140004391394
18 0.896296920823038 0.3310846149457414 0.06922822024948594 0.06910361437404428
19 0.8516784884010409 0.46420090642905143 0.025568108651577215 0.06523104929606044
31 0.9081758849417381 0.43797649938433475 0.0613358005630239 0.10655667001280256
14 0.46832772340423945 0.39832581487037544 0.17113691024222066 0.053114000439139386
22 0.3998440441460446 0.6937901233721211 0.05828895451025673 0.11089001890153438
14 0.2841199848074124 0.8273800860425117 0.03755191819814918 0.22915784062907396
