20 0.6554638145777452 0.19671379597982036 0.3173970388132584 0.27399042073567725
32 0.03155324219491329 0.7753367971036378 0.027736443481445106 0.044155340169270585
18 0.2752802949885442 0.8499814527352878 0.06922822024948516 0.06910361437404433
19 0.3198987274105402 0.7168651612519783 0.025568108651577215 0.06523104929606094
31 0.2634013308698439 0.7430895682966936 0.0613358005630239 0.10655667001280211
14 0.7320156597600246 0.7833302227641852 0.1711369102422211 0.053114000439139275
18 0.30370307917696204 0.4814153850542586 0.06922822024948583 0.06910361437404422
19 0.3483215115989591 0.3482990935709485 0.025568108651577104 0.0652310492960605
31 0.29182411505826206 0.37452350061566525 0.0613358005630239 0.10655667001280256
14 0.7316722765957605 0.41417418512962456 0.17113691024222066 0.0531140004391395
22 0.8001559558539555 0.11870987662787896 0.05828895451025673 0.11089001890153438
