15 0.5464959301140235 0.22591205649144752 0.7185618625846322 0.3481775366513986
18 0.4323436614670072 0.6991675103444805 0.06780713875879202 0.06883254548791196
19 0.5656128427220873 0.7445042949915108 0.06317983872361688 0.025944416175308738
17 0.08542187921331675 0.2887600719479195 0.12759358136556784 0.18749830345677632
32 0.10758025496351233 0.4204808583472602 0.04535575511784487 0.02930972334602655
32 0.10808145822478253 0.6448298320163137 0.04535575511784487 0.02930972334602655
19 0.16891703781288736 0.7193872815747039 0.06746686614304356 0.026889724936473458
32 0.506682788799562 0.6730405659310108 0.045355755117842955 0.029309723346025773
32 0.5066917589334329 0.4716346121687543 0.04535575511784301 0.029309723346025884
27 0.8496026090255726 0.46638152255488696 0.09500987926994264 0.04753517811498331
22 0.6685706502137654 0.8959021743967774 0.1156530699411823 0.06043805590474416
