23 0.13256757853806767 0.3117535737136947 0.11331733422787238 0.05864715576171875
21 0.33519319091799243 0.31174231641076877 0.11497475281542735 0.05977669670713581
17 0.606028046485398 0.8989868813334003 0.13057295367702493 0.18749830345677554
32 0.6291000964111069 0.7701262923530554 0.04535575511784484 0.02930972334602655
18 0.5021014085791198 0.5402384577429089 0.08396495797182413 0.0926207662762295
32 0.630347448510711 0.5452177070552509 0.04535575511784484 0.029309723346025773
19 0.6904368792604894 0.4695270439486453 0.06746686614304387 0.026889724936473458
17 0.9307609252023965 0.8983417697298528 0.13057295367702493 0.1874983034567762
32 0.9538329751281049 0.7694811807495081 0.04535575511784484 0.02930972334602655
18 0.8268342872961181 0.5395933461393632 0.08396495797182413 0.0926207662762294
32 0.9550803272277093 0.5434533721942092 0.04535575511784484 0.02930972334602666
