21 0.19924231641076878 0.2122765242513258 0.05977669670713581 0.1149747528154274
17 0.7864868813334003 0.4831113798187313 0.18749830345677554 0.13057295367702487
32 0.6576262923530554 0.5061834297444401 0.02930972334602655 0.04535575511784484
18 0.42773845774290886 0.3791847419124532 0.09262076627622945 0.08396495797182407
32 0.43271770705525087 0.5074307818440442 0.029309723346025884 0.04535575511784484
19 0.3570270439486454 0.5675202125938226 0.026889724936473403 0.06746686614304387
17 0.7858417697298528 0.8078442585357299 0.18749830345677632 0.13057295367702493
32 0.6569811807495083 0.8309163084614384 0.02930972334602655 0.04535575511784484
18 0.42709334613936323 0.7039176206294513 0.09262076627622945 0.08396495797182413
32 0.4309533721942092 0.8321636605610427 0.02930972334602655 0.04535575511784484
19 0.35638193234509896 0.8922530913108209 0.026889724936473403 0.06746686614304354
