17 0.2767156437414451 0.8561692003697741 0.1305729536770246 0.18749830345677554
32 0.2536435938157356 0.7273086113894294 0.04535575511784484 0.029309723346025884
18 0.3806422816477231 0.49742077677928265 0.08396495797182435 0.0926207662762295
23 0.7793616739004596 0.2507325891883617 0.11331733422787238 0.05864715576171872
21 0.5763969029576584 0.250721331885433 0.11565306994118241 0.05977669670713584
19 0.940704961660515 0.42685115160763554 0.06746686614304365 0.026889724936473403
32 0.25314239055446147 0.5029596377203702 0.045355755117845065 0.029309723346025884
19 0.19230681096635288 0.4267093629850198 0.06746686614304387 0.026889724936473403
23 0.08409908812859901 0.2680035737136947 0.11331733422787238 0.05864715576171875
27 0.516467083332869 0.8991578678568715 0.09689237182968813 0.049505946231731546
