17 0.345393299630226 0.38161768959188824 0.18749830345677543 0.13057295367702465
32 0.47425388861057055 0.40468973951759774 0.029309723346025884 0.04535575511784484
18 0.7041417232207173 0.2776910516856102 0.0926207662762295 0.08396495797182435
21 0.950841168114567 0.08193643037567486 0.05977669670713581 0.11565306994118246
32 0.6986028622796296 0.4051909427788718 0.029309723346025884 0.04535575511784512
19 0.7748531370149803 0.4660265223669805 0.026889724936473347 0.06746686614304381
23 0.9335589262863053 0.5742342452047343 0.05864715576171875 0.11331733422787238
21 0.9335701835892312 0.7768598575846591 0.05977669670713581 0.11497475281542746
18 0.7050740422570911 0.9437680752457864 0.0926207662762294 0.08396495797182413
27 0.30240463214312857 0.14186625000046438 0.049505946231731435 0.09689237182968817
