17 0.6905442003697739 0.8142156437414451 0.18749830345677554 0.1305729536770246
32 0.5616836113894295 0.7911435938157356 0.029309723346025884 0.04535575511784484
18 0.3317957767792826 0.9181422816477232 0.09262076627622945 0.08396495797182435
32 0.33733463772037026 0.7906423905544615 0.029309723346025884 0.045355755117845065
19 0.2610843629850198 0.7298068109663529 0.026889724936473403 0.06746686614304387
23 0.10237857371369471 0.621599088128599 0.05864715576171875 0.11331733422787238
21 0.1023673164107688 0.41897347574867416 0.05977669670713581 0.11497475281542746
17 0.6896118813334002 0.14813862018126878 0.18749830345677543 0.13057295367702482
32 0.5607512923530553 0.12506657025555984 0.02930972334602666 0.04535575511784484
18 0.33086345774290893 0.2520652580875468 0.09262076627622945 0.08396495797182413
32 0.3358427070552509 0.1238192181559557 0.02930972334602583 0.04535575511784484
19 0.26015204394864533 0.06372978740617735 0.02688972493647343 0.06746686614304387
