14 0.1502058616485062 0.11244014146168416 0.16384198393213512 0.05861629838551145
32 0.9054336113894295 0.8713564061842645 0.029309723346025884 0.04535575511784484
18 0.6755457767792826 0.7443577183522769 0.0926207662762295 0.08396495797182435
23 0.4288575891883617 0.3456383260995403 0.05864715576171875 0.11331733422787238
21 0.428846331885433 0.5486030970423416 0.05977669670713581 0.11565306994118246
32 0.6802802316924034 0.1240700197986318 0.03113444065467874 0.047520988367667494
19 0.6049761516076355 0.18429503833948507 0.026889724936473458 0.0674668661430437
32 0.89724225195908 0.12298212918541881 0.031134440654679407 0.047520988367667494
32 0.6810846377203703 0.8718576094455386 0.029309723346025884 0.045355755117845065
19 0.6048343629850198 0.9326931890336472 0.026889724936473458 0.06746686614304387
14 0.15017580294543348 0.8606074274694739 0.16384198393213467 0.0586162983855113
