17 0.28914329963022606 0.7808823104081117 0.18749830345677554 0.1305729536770246
32 0.4180038886105706 0.7578102604824022 0.029309723346025773 0.04535575511784484
18 0.6478917232207173 0.8848089483143897 0.0926207662762294 0.08396495797182435
32 0.6423528622796297 0.7573090572211282 0.029309723346025773 0.045355755117845176
19 0.7186031370149802 0.6964734776330196 0.026889724936473458 0.06746686614304376
23 0.8773089262863053 0.5882657547952657 0.05864715576171875 0.11331733422787238
21 0.8773201835892313 0.38564014241534084 0.05977669670713581 0.11497475281542746
17 0.29007561866659975 0.1148052868479354 0.18749830345677554 0.13057295367702493
32 0.41893620764694467 0.09173323692222651 0.02930972334602655 0.04535575511784484
18 0.6488240422570911 0.2187319247542135 0.0926207662762295 0.08396495797182413
32 0.6438447929447491 0.09048588482262238 0.029309723346025884 0.04535575511784484
