32 0.08519138861057057 0.060939739517597735 0.029309723346025884 0.04535575511784484
32 0.3095403622796297 0.061440942778871854 0.029309723346025884 0.045355755117845065
19 0.38579063701498023 0.1222765223669805 0.026889724936473347 0.06746686614304376
23 0.5444964262863052 0.23048424520473443 0.05864715576171875 0.11331733422787238
21 0.5445076835892312 0.43310985758465914 0.05977669670713581 0.11497475281542746
14 0.8404491970545666 0.05019076080280721 0.16384198393213478 0.0586162983855113
32 0.08612370764694471 0.7270167630777735 0.02930972334602655 0.04535575511784484
18 0.3160115422570911 0.6000180752457864 0.0926207662762294 0.08396495797182413
32 0.31103229294474916 0.7282641151773777 0.029309723346025884 0.04535575511784484
19 0.38672295605135465 0.788353545927156 0.026889724936473458 0.06746686614304387
14 0.8413815160909401 0.716267784362983 0.16384198393213512 0.0586162983855113
18 0.3166566538606368 0.9247509539627847 0.0926207662762295 0.08396495797182413
