17 0.2337010229252216 0.6921067003697741 0.1305729536770246 0.18749830345677554
32 0.2567730728509311 0.5632461113894294 0.04535575511784487 0.029309723346025884
18 0.12977438501894353 0.33335827677928265 0.08396495797182435 0.0926207662762295
32 0.2572742761122052 0.3388971377203703 0.04535575511784512 0.029309723346025884
19 0.3181098557003138 0.26264686298501977 0.06746686614304381 0.02688972493647343
23 0.4263175785380677 0.10394107371369471 0.11331733422787238 0.058647155761718736
21 0.6289431909179924 0.10392981641076879 0.11497475281542746 0.05977669670713581
17 0.8997780464853979 0.6911743813334001 0.13057295367702482 0.18749830345677554
32 0.9228500964111068 0.5623137923530552 0.04535575511784484 0.02930972334602655
18 0.7958514085791198 0.33242595774290895 0.08396495797182402 0.09262076627622945
32 0.924097448510711 0.33740520705525084 0.045355755117844954 0.029309723346025884
