32 0.15052307285093108 0.8663711113894295 0.04535575511784487 0.029309723346025884
32 0.15102427611220517 0.6420221377203703 0.04535575511784512 0.029309723346025884
19 0.2118598557003138 0.5657718629850198 0.06746686614304381 0.026889724936473458
23 0.3200675785380677 0.40706607371369474 0.11331733422787238 0.05864715576171875
21 0.5226931909179925 0.4070548164107688 0.11497475281542746 0.05977669670713581
14 0.13977409413614056 0.11111330294543348 0.05861629838551133 0.16384198393213467
32 0.8166000964111069 0.8654387923530553 0.04535575511784484 0.02930972334602666
18 0.6896014085791198 0.6355509577429089 0.08396495797182413 0.0926207662762295
32 0.817847448510711 0.6405302070552508 0.04535575511784484 0.029309723346025884
19 0.8779368792604894 0.5648395439486453 0.06746686614304387 0.026889724936473458
14 0.8058511176963163 0.11018098390905989 0.0586162983855113 0.16384198393213512
