21 0.8814734757486742 0.8038826835892312 0.11497475281542746 0.05977669670713581
17 0.6106386201812688 0.21663811866659977 0.13057295367702482 0.18749830345677543
32 0.5875665702555599 0.3454987076469447 0.04535575511784484 0.02930972334602666
18 0.7145652580875468 0.5753865422570911 0.08396495797182413 0.0926207662762295
32 0.5863192181559558 0.5704072929447492 0.04535575511784484 0.029309723346025884
19 0.5262297874061773 0.6460979560513547 0.06746686614304376 0.026889724936473458
17 0.2859057414642701 0.21728323027014723 0.13057295367702493 0.1874983034567762
32 0.2628336915385617 0.3461438192504918 0.04535575511784484 0.02930972334602655
18 0.38983237937054865 0.5760316538606368 0.08396495797182413 0.0926207662762295
32 0.2615863394389573 0.5721716278057909 0.04535575511784484 0.02930972334602655
19 0.20149690868917913 0.6467430676549011 0.06746686614304354 0.026889724936473458
18 0.04605489294988302 0.5799421788491046 0.08396495797182457 0.0926207662762294
