17 0.18578435625855494 0.309455799630226 0.1305729536770246 0.18749830345677554
32 0.2088564061842644 0.4383163886105706 0.04535575511784484 0.029309723346025884
18 0.08185771835227686 0.6682042232207174 0.08396495797182435 0.0926207662762295
32 0.2093576094455385 0.6626653622796297 0.04535575511784509 0.029309723346025884
19 0.27019318903364714 0.7389156370149802 0.06746686614304379 0.026889724936473458
23 0.378400911871401 0.8976214262863053 0.11331733422787238 0.05864715576171875
21 0.5810265242513258 0.8976326835892312 0.11497475281542746 0.05977669670713581
17 0.8518613798187312 0.31038811866659977 0.13057295367702482 0.18749830345677543
32 0.8749334297444402 0.4392487076469447 0.04535575511784484 0.02930972334602666
18 0.7479347419124531 0.6691365422570911 0.08396495797182413 0.0926207662762295
32 0.8761807818440444 0.6641572929447492 0.04535575511784484 0.029309723346025884
19 0.9362702125938227 0.7398479560513547 0.06746686614304387 0.026889724936473458
