14 0.8404191383514938 0.16660680812835083 0.16384198393213512 0.05861629838551147
32 0.08519138861057057 0.9255230728509312 0.029309723346025884 0.04535575511784484
18 0.31507922322071735 0.7985243850189436 0.0926207662762295 0.08396495797182435
23 0.5617674108116383 0.39980499276620696 0.05864715576171875 0.11331733422787238
18 0.3163529691625889 0.05004965541481413 0.09457927913323516 0.08609077355593785
21 0.561778668114567 0.6027697637090081 0.05977669670713581 0.11565306994118252
32 0.3103447683075966 0.17823668646529847 0.03113444065467874 0.047520988367667494
19 0.38564884839236446 0.23846170500615174 0.026889724936473458 0.0674668661430437
32 0.09338274804091995 0.17714879585208548 0.031134440654679407 0.047520988367667494
32 0.3095403622796297 0.9260242761122052 0.029309723346025884 0.045355755117845176
14 0.8404491970545666 0.9147740941361406 0.16384198393213478 0.0586162983855113
