17 0.857965643741445 0.8124192003697739 0.1305729536770246 0.18749830345677554
32 0.8348935938157356 0.6835586113894294 0.045355755117844954 0.029309723346025773
32 0.8343923905544615 0.45920963772037027 0.045355755117845065 0.029309723346025884
19 0.7735568109663529 0.38295936298501976 0.06746686614304376 0.026889724936473403
23 0.6653490881285989 0.2242535737136947 0.11331733422787238 0.05864715576171872
21 0.46272347574867423 0.2242423164107688 0.11497475281542746 0.05977669670713581
17 0.19188862018126873 0.8114868813334002 0.13057295367702482 0.18749830345677554
32 0.16881657025555985 0.6826262923530553 0.045355755117844954 0.02930972334602655
18 0.2958152580875468 0.4527384577429089 0.08396495797182413 0.09262076627622945
32 0.1675692181559557 0.45771770705525083 0.045355755117844954 0.02930972334602583
19 0.10747978740617736 0.3820270439486453 0.06746686614304376 0.026889724936473403
