21 0.16644319091799248 0.9476326835892313 0.11497475281542743 0.05977669670713581
17 0.4372780464853979 0.36038811866659975 0.13057295367702482 0.18749830345677554
32 0.4603500964111068 0.48924870764694467 0.04535575511784484 0.02930972334602655
18 0.3333514085791198 0.7191365422570911 0.08396495797182407 0.0926207662762295
32 0.46159744851071094 0.7141572929447491 0.0453557551178449 0.029309723346025884
19 0.5216868792604893 0.7898479560513547 0.06746686614304376 0.026889724936473347
17 0.7620109252023965 0.3610332302701473 0.13057295367702482 0.1874983034567762
32 0.785082975128105 0.4898938192504918 0.04535575511784484 0.02930972334602666
18 0.658084287296118 0.7197816538606367 0.08396495797182402 0.0926207662762294
32 0.7863303272277093 0.7159216278057907 0.045355755117844954 0.02930972334602655
19 0.8464197579774876 0.7904930676549011 0.06746686614304354 0.026889724936473347
