32 0.7078102604824023 0.14456638861057058 0.04535575511784473 0.029309723346025773
18 0.8348089483143899 0.37445422322071736 0.08396495797182435 0.0926207662762294
32 0.7073090572211281 0.36891536227962973 0.045355755117845176 0.029309723346025773
19 0.6464734776330195 0.44516563701498024 0.06746686614304376 0.026889724936473458
23 0.5382657547952656 0.6038714262863053 0.11331733422787238 0.05864715576171875
21 0.3356401424153409 0.6038826835892313 0.11497475281542746 0.05977669670713581
14 0.7185592391971928 0.8998241970545665 0.05861629838551141 0.16384198393213478
32 0.041733236922226524 0.14549870764694467 0.045355755117844954 0.02930972334602655
18 0.16873192475421345 0.3753865422570911 0.08396495797182413 0.0926207662762295
32 0.04048588482262233 0.3704072929447491 0.04535575511784484 0.029309723346025884
14 0.05248221563701705 0.9007565160909401 0.05861629838551141 0.163841983932135
