21 0.2185265242513258 0.2242423164107688 0.11497475281542743 0.05977669670713581
17 0.4893613798187313 0.8114868813334002 0.13057295367702487 0.18749830345677554
32 0.5124334297444402 0.6826262923530553 0.04535575511784484 0.02930972334602655
18 0.3854347419124532 0.4527384577429089 0.08396495797182413 0.09262076627622945
32 0.5136807818440443 0.45771770705525083 0.04535575511784479 0.02930972334602583
19 0.5737702125938227 0.3820270439486453 0.06746686614304376 0.026889724936473403
17 0.8140942585357299 0.8108417697298527 0.13057295367702482 0.1874983034567762
32 0.8371663084614382 0.6819811807495082 0.04535575511784484 0.02930972334602666
18 0.7101676206294514 0.45209334613936325 0.08396495797182413 0.09262076627622945
32 0.8384136605610426 0.45595337219420917 0.04535575511784484 0.029309723346026606
19 0.898503091310821 0.3813819323450989 0.06746686614304365 0.026889724936473403
