14 0.8497941383514938 0.9271431918716492 0.16384198393213512 0.05861629838551141
32 0.0945663886105706 0.1682269271490689 0.029309723346025884 0.04535575511784484
18 0.3244542232207174 0.29522561498105643 0.0926207662762295 0.08396495797182435
23 0.5711424108116383 0.693945007233793 0.05864715576171875 0.11331733422787238
21 0.571153668114567 0.4909802362909918 0.05977669670713581 0.11565306994118252
32 0.31971976830759663 0.9155133135347016 0.03113444065467874 0.047520988367667494
19 0.3950238483923645 0.8552882949938483 0.026889724936473458 0.06746686614304365
32 0.10275774804091997 0.9166012041479146 0.031134440654679407 0.047520988367667605
32 0.31891536227962974 0.16772572388779483 0.029309723346025884 0.045355755117845176
19 0.3951656370149802 0.10689014429968619 0.026889724936473458 0.06746686614304387
14 0.8498241970545666 0.17897590586385942 0.16384198393213467 0.0586162983855113
