21 0.8648201835892312 0.7460568090820076 0.05977669670713581 0.11497475281542746
17 0.2775756186665998 0.47522195351460206 0.18749830345677554 0.13057295367702482
32 0.4064362076469447 0.45214990358889323 0.02930972334602655 0.04535575511784484
18 0.636324042257091 0.5791485914208802 0.0926207662762294 0.08396495797182424
32 0.6313447929447491 0.45090255148928904 0.029309723346025884 0.045355755117844954
19 0.7070354560513546 0.3908131207395107 0.026889724936473458 0.06746686614304376
17 0.2782207302701472 0.15048907479760343 0.1874983034567762 0.13057295367702482
32 0.4070813192504918 0.12741702487189505 0.02930972334602655 0.04535575511784484
18 0.6369691538606368 0.254415712703882 0.0926207662762295 0.08396495797182413
32 0.6331091278057908 0.1261696727722907 0.02930972334602655 0.04535575511784484
19 0.7076805676549011 0.06608024202251245 0.026889724936473458 0.06746686614304365
