15 0.4715372882080331 0.6222326042645525 0.3167023779296856 0.5520108205081802
17 0.46964174011230536 0.2115856477864564 0.19580486816406262 0.13240388020833316
32 0.604080004882811 0.235043764648438 0.030026513671875033 0.04704332031250069
18 0.8639906744384778 0.1546249389648447 0.07409231689453089 0.07517277506510511
18 0.8637826364135754 0.5581841479492217 0.07539547302246064 0.07417853352864467
19 0.911234430023163 0.701641170099965 0.02743666198730421 0.06834083658854029
32 0.6490809775772824 0.6387362585399236 0.03042400329589867 0.04691139322916715
34 0.8403947641928493 0.26733973090384594 0.04298993183179012 0.11239951539211013
34 0.8403947641928493 0.6705034264690786 0.04298993183179012 0.11239951539211002
19 0.9114297323989504 0.29710807253682675 0.02743666198730499 0.06834083658854218
