17 0.7954742974966655 0.06784627893677092 0.19404885375976588 0.13160846761067735
32 0.6611715473871073 0.08976360339461753 0.0284001903829747 0.04670490607716336
19 0.3539081271920601 0.15243534271649442 0.026304950561522822 0.06750770456949907
34 0.425568615356573 0.12226887788688051 0.04118652693725766 0.11229298717958613
23 0.4499626683672968 0.7299237595158157 0.061323545532226076 0.11779153340657544
22 0.4496574256607072 0.9400324892183454 0.06132354553222613 0.11779153340657544
18 0.5840217826637359 0.4144174699389917 0.07314584045410089 0.07335847005208318
19 0.5367829129623469 0.5573720799310469 0.026304950561523488 0.06750770456949906
31 0.6307084924730354 0.5278348194283542 0.0417348081872575 0.10815715384625257
20 0.8681927684429211 0.6623419856103074 0.2460678532805104 0.2812263037128162
