32 0.9307672180572503 0.5153448393776309 0.04670490607716382 0.0284001903829747
19 0.8680954787353676 0.8226082595726774 0.06750770456949862 0.026304950561522822
34 0.8982619435649888 0.7509477714081627 0.11229298717958558 0.04118652693725833
23 0.35346732344095033 0.7266116804195203 0.11779153340657489 0.061323545532226076
22 0.14335859373841991 0.7269169231261099 0.11779153340657544 0.061323545532226076
18 0.6689736130177739 0.5925525661230822 0.07335847005208318 0.07314584045410166
19 0.5280869196923823 0.6397914358244712 0.06750770456949862 0.026304950561522822
31 0.5555562635284095 0.5458658563137831 0.10815715384625257 0.0417348081872575
24 0.07179543189768911 0.13621139285230727 0.11365570007324144 0.05803385803222627
20 0.42104909734645707 0.3086557209688987 0.28122630371281565 0.24661613453051023
