0 0.8560246161064744 0.18033889805900874 0.09934844970703127 0.12876788917203646
16 0.6507978287760442 0.873037681732177 0.07159701822916698 0.21351108917236272
31 0.8829692037582608 0.40454664450764677 0.09578123478379053 0.03368501608104424
14 0.23467833051484088 0.8572456798816391 0.05534816630045561 0.18259713439941438
0 0.12337186647586454 0.1799267929193869 0.09934844970703126 0.12876788917203646
31 0.15031645412765093 0.40413453936802524 0.09578123478379061 0.03368501608104424
24 0.5967051397619509 0.3615292415099075 0.10215306868680518 0.05108259278764077
35 0.4269056428991168 0.26543259447518164 0.06745179038352 0.05231373837088535
11 0.7975585521203916 0.053001861926754754 0.06997010731441267 0.031147983256094136
11 0.06313455123527992 0.05337901727708694 0.07100406564774556 0.029503139506094907
