10 0.5988228863995384 0.37188963293020105 0.1722583723135046 0.05425710546014062
2 0.6941688488769706 0.29333543740742873 0.14091284749348987 0.06076144622802743
10 0.5990457137258103 0.19643774214643273 0.1712244139801712 0.05590194921014058
32 0.750686809465856 0.4906743877406695 0.03970701948790212 0.02675555905493887
32 0.7504044809567582 0.6041951544063173 0.03970701948790212 0.026755559054938538
0 0.7516281335241355 0.7908642929193869 0.09934844970703116 0.12876788917203652
24 0.2782948602380491 0.9724667415099075 0.10215306868680518 0.051082592787640824
35 0.4480943571008832 0.8763700944751817 0.0674517903835199 0.052313738370885376
11 0.07744144787960844 0.6639393619267547 0.06997010731441267 0.031147983256094136
11 0.8118654487647201 0.664316517277087 0.07100406564774553 0.029503139506094955
