0 0.20647538389352554 0.5381513980590087 0.09934844970703127 0.12876788917203646
31 0.17953079624173918 0.7623591445076467 0.09578123478379053 0.03368501608104424
10 0.7863228863995384 0.11876463293020105 0.1722583723135046 0.05425710546014065
2 0.8816688488769706 0.04021043740742875 0.14091284749348987 0.060761446228027434
32 0.938186809465856 0.23754938774066953 0.03970701948790212 0.02675555905493887
32 0.9379044809567582 0.3510701544063174 0.03970701948790212 0.026755559054938483
2 0.14892336504553516 0.04029646945742034 0.1409128474934902 0.060761446228027795
32 0.2058150914431039 0.23748927033452247 0.03970701948790156 0.026755559054938483
32 0.20553276293400652 0.35046175575017263 0.03970701948790156 0.02675555905493887
0 0.9391281335241355 0.5377392929193869 0.09934844970703127 0.1287678891720364
31 0.9121835458723491 0.7619470393680252 0.09578123478379053 0.03368501608104424
24 0.4657948602380491 0.7193417415099075 0.10215306868680518 0.05108259278764071
35 0.6355943571008832 0.6232450944751816 0.0674517903835199 0.052313738370885376
11 0.26494144787960844 0.41081436192675475 0.06997010731441267 0.031147983256094136
