10 0.28126463293020104 0.4032604469337949 0.05425710546014073 0.17225837231350455
2 0.20271043740742878 0.3079144844563627 0.06076144622802748 0.1409128474934898
10 0.10581274214643271 0.4030376196075231 0.05590194921014058 0.1712244139801712
32 0.40004938774066956 0.25139652386747735 0.02675555905493887 0.03970701948790209
32 0.5135701544063174 0.25167885237657517 0.026755559054938538 0.03970701948790206
0 0.7002392929193869 0.25045519980919784 0.12876788917203652 0.09934844970703122
31 0.9244470393680253 0.27739978746098426 0.03368501608104424 0.09578123478379064
24 0.8818417415099076 0.7237884730952842 0.05108259278764071 0.10215306868680518
35 0.7857450944751816 0.5539889762324501 0.052313738370885265 0.0674517903835199
11 0.5733143619267548 0.9246418854537248 0.031147983256094136 0.06997010731441267
11 0.5736915172770869 0.19021788456861327 0.029503139506094844 0.07100406564774556
