0 0.2252253838935256 0.5615888980590087 0.09934844970703127 0.12876788917203646
31 0.19828079624173917 0.7857966445076467 0.09578123478379064 0.03368501608104424
10 0.8050728863995383 0.14220213293020106 0.1722583723135045 0.05425710546014065
2 0.9004188488769707 0.06364793740742876 0.14091284749348976 0.060761446228027434
32 0.9569368094658559 0.2609868877406695 0.03970701948790201 0.02675555905493887
32 0.9566544809567581 0.3745076544063174 0.03970701948790201 0.026755559054938483
2 0.16767336504553515 0.06373396945742034 0.1409128474934903 0.060761446228027795
32 0.22456509144310388 0.2609267703345225 0.039707019487901674 0.026755559054938483
32 0.2242827629340065 0.37389925575017263 0.039707019487901674 0.02675555905493887
31 0.9309335458723491 0.7853845393680252 0.09578123478379064 0.03368501608104424
24 0.48454486023804905 0.7427792415099075 0.10215306868680518 0.05108259278764071
35 0.6543443571008831 0.6466825944751816 0.06745179038352 0.052313738370885376
11 0.2836914478796085 0.43425186192675475 0.06997010731441267 0.031147983256094136
