0 0.41184860194099127 0.7101912827731411 0.12876788917203652 0.09934844970703127
31 0.1876408554923532 0.7371358704249276 0.03368501608104424 0.09578123478379064
10 0.831235367069799 0.13034378026712828 0.05425710546014062 0.17225837231350455
10 0.8311493350198079 0.8630892640985655 0.05425710546014062 0.1722583723135045
2 0.9097035305425796 0.7677433016211315 0.060761446228027816 0.1409128474934903
32 0.7125107296654776 0.7108515752235628 0.026755559054938538 0.039707019487901674
32 0.5995382442498274 0.71113390373266 0.02675555905493887 0.03970701948790156
24 0.23065825849009247 0.45087180642861757 0.051082592787640824 0.10215306868680524
35 0.32675490552481834 0.28107230956578344 0.052313738370885376 0.06745179038351995
11 0.5391856380732453 0.6517252187870581 0.031147983256094136 0.06997010731441267
