0 0.31064205056019223 0.45091110194099127 0.09934844970703116 0.12876788917203652
31 0.28369746290840586 0.2267033554923532 0.09578123478379064 0.03368501608104424
10 0.890489553066205 0.870297867069799 0.1722583723135045 0.05425710546014062
10 0.15774406923476791 0.8702118350198079 0.1722583723135045 0.05425710546014062
2 0.25309003171220185 0.9487660305425796 0.1409128474934903 0.060761446228027816
32 0.3099817581097705 0.7515732296654776 0.03970701948790156 0.026755559054938538
32 0.3096994296006732 0.6386007442498274 0.039707019487901674 0.02675555905493887
24 0.5699615269047158 0.26972075849009247 0.10215306868680518 0.051082592787640824
35 0.7397610237675498 0.36581740552481834 0.06745179038352 0.052313738370885376
11 0.36910811454627507 0.5782481380732453 0.06997010731441267 0.031147983256094136
