0 0.5834638980590088 0.6164412827731411 0.1287678891720364 0.09934844970703127
31 0.8076716445076467 0.6433858704249276 0.03368501608104424 0.09578123478379064
10 0.1641631649801921 0.7693392640985655 0.054257105460140675 0.1722583723135045
2 0.08560896945742033 0.6739933016211315 0.0607614462280278 0.1409128474934903
32 0.2828017703345225 0.6171015752235628 0.026755559054938538 0.039707019487901674
32 0.3957742557501726 0.61738390373266 0.02675555905493887 0.03970701948790156
35 0.6689696996148031 0.9199750591963938 0.052313738370885376 0.06745179038352
24 0.7646542415099076 0.35712180642861757 0.05108259278764071 0.10215306868680518
35 0.6685575944751816 0.1873223095657835 0.052313738370885265 0.06745179038351998
11 0.4561268619267548 0.5579752187870581 0.031147983256094136 0.06997010731441267
