0 0.37685794943980777 0.6303388980590088 0.09934844970703127 0.1287678891720364
31 0.40380253709159414 0.8545466445076467 0.09578123478379064 0.03368501608104424
10 0.5297559307652321 0.2110381649801921 0.1722583723135045 0.054257105460140675
2 0.43440996828779815 0.13248396945742033 0.1409128474934903 0.0607614462280278
10 0.5295331034389601 0.03558627419642306 0.17122441398017074 0.0559019492101406
32 0.3775182418902294 0.3296767703345225 0.03970701948790162 0.026755559054938538
32 0.3778005703993268 0.4426492557501726 0.03970701948790162 0.02675555905493887
24 0.8501912227258936 0.8119413466495293 0.10215306868680518 0.05108259278764071
35 0.6803917258630605 0.7158446996148031 0.0674517903835199 0.052313738370885376
24 0.11753847309528426 0.8115292415099076 0.1021530686868052 0.05108259278764071
11 0.3183918854537249 0.5030018619267548 0.06997010731441267 0.031147983256094136
