0 0.7331079494398078 0.3696611019409913 0.09934844970703127 0.1287678891720364
31 0.7600525370915941 0.14545335549235328 0.09578123478379053 0.03368501608104424
10 0.15326044693379495 0.7890478670697989 0.17225837231350455 0.05425710546014073
10 0.1530376196075231 0.9644997578535672 0.17122441398017116 0.05590194921014058
10 0.8860059307652322 0.7889618350198079 0.1722583723135046 0.05425710546014062
2 0.7906599682877982 0.8675160305425798 0.1409128474934902 0.060761446228027816
10 0.88578310343896 0.964413725803577 0.17122441398017074 0.05590194921014058
32 0.7337682418902294 0.6703232296654775 0.03970701948790156 0.026755559054938427
32 0.7340505703993268 0.5573507442498273 0.03970701948790156 0.02675555905493887
24 0.47378847309528427 0.18847075849009248 0.10215306868680513 0.05108259278764071
35 0.30398897623245014 0.28456740552481835 0.06745179038351995 0.052313738370885265
11 0.6746418854537248 0.4969981380732452 0.06997010731441267 0.031147983256094136
