0 0.37591110194099125 0.908558717226859 0.1287678891720364 0.09934844970703127
31 0.15170335549235325 0.8816141295750726 0.03368501608104424 0.09578123478379064
10 0.7952118350198079 0.7556607359014346 0.05425710546014073 0.1722583723135045
2 0.8737660305425796 0.8510066983788684 0.060761446228027816 0.1409128474934903
10 0.9706637258035768 0.7558835632277066 0.05590194921014058 0.17122441398017074
32 0.6765732296654776 0.9078984247764372 0.026755559054938538 0.03970701948790156
32 0.5636007442498274 0.9076160962673399 0.02675555905493887 0.039707019487901674
26 0.33977308659133687 0.18071518303877004 0.05263147368371679 0.20890279213175333
24 0.1943086533504706 0.435225443940773 0.05108259278764071 0.10215306868680529
35 0.29040530038519685 0.6050249408036061 0.052313738370885376 0.06745179038352
