0 0.09397538389352561 0.7569013980590087 0.09934844970703127 0.1287678891720364
31 0.06703079624173919 0.9811091445076467 0.09578123478379064 0.03368501608104424
10 0.6738228863995384 0.337514632930201 0.1722583723135045 0.054257105460140675
2 0.7691688488769706 0.25896043740742875 0.14091284749348987 0.060761446228027455
10 0.6740457137258102 0.16206274214643274 0.17122441398017108 0.055901949210140606
32 0.8256868094658559 0.4562993877406695 0.03970701948790212 0.02675555905493887
32 0.8254044809567581 0.5698201544063175 0.03970701948790212 0.026755559054938538
32 0.09331509144310385 0.4562392703345225 0.03970701948790156 0.026755559054938483
32 0.09303276293400653 0.5692117557501726 0.039707019487901674 0.02675555905493887
0 0.8266281335241354 0.7564892929193869 0.09934844970703116 0.1287678891720364
31 0.799683545872349 0.9806970393680252 0.09578123478379064 0.03368501608104424
24 0.35329486023804907 0.9380917415099075 0.10215306868680518 0.05108259278764071
35 0.5230943571008831 0.8419950944751816 0.0674517903835199 0.052313738370885376
11 0.15244144787960845 0.6295643619267548 0.06997010731441256 0.031147983256094136
11 0.8868654487647201 0.6299415172770869 0.07100406564774553 0.029503139506094955
