0 0.3490888980590088 0.14189205056019222 0.12876788917203646 0.09934844970703127
31 0.5732966445076467 0.11494746290840585 0.03368501608104424 0.09578123478379053
32 0.04848688774066954 0.8736034761325226 0.02675555905493887 0.03970701948790212
32 0.16200765440631743 0.8733211476234248 0.02675555905493851 0.03970701948790201
32 0.04842677033452247 0.14123175810977057 0.02675555905493851 0.03970701948790156
32 0.1613992557501726 0.1409494296006732 0.02675555905493887 0.03970701948790156
0 0.3486767929193869 0.874544800190802 0.12876788917203646 0.09934844970703127
31 0.5728845393680253 0.8476002125390157 0.03368501608104424 0.09578123478379053
24 0.5302792415099076 0.4012115269047158 0.05108259278764071 0.10215306868680518
35 0.4341825944751816 0.5710110237675499 0.05231373837088532 0.06745179038352
11 0.22175186192675475 0.2003581145462751 0.031147983256094136 0.06997010731441267
11 0.22212901727708695 0.9347821154313868 0.029503139506094928 0.07100406564774553
