0 0.8581079494398078 0.3490888980590088 0.09934844970703127 0.12876788917203646
31 0.8850525370915941 0.5732966445076467 0.09578123478379053 0.03368501608104424
32 0.12639652386747738 0.04848688774066954 0.039707019487902076 0.02675555905493887
32 0.1266788523765752 0.16200765440631743 0.03970701948790206 0.02675555905493851
32 0.8587682418902294 0.04842677033452247 0.03970701948790156 0.02675555905493851
32 0.8590505703993268 0.1613992557501726 0.03970701948790156 0.02675555905493887
0 0.12545519980919786 0.3486767929193869 0.09934844970703126 0.12876788917203646
31 0.15239978746098426 0.5728845393680253 0.0957812347837906 0.03368501608104424
24 0.5987884730952842 0.5302792415099076 0.10215306868680518 0.05108259278764071
35 0.42898897623245014 0.4341825944751816 0.06745179038351995 0.05231373837088532
11 0.7996418854537248 0.22175186192675475 0.06997010731441267 0.031147983256094136
11 0.06521788456861326 0.22212901727708695 0.07100406564774554 0.029503139506094928
