0 0.12314205056019223 0.9131513980590087 0.09934844970703116 0.1287678891720364
10 0.702989553066205 0.49376463293020106 0.1722583723135045 0.05425710546014073
2 0.7983355155436374 0.4152104374074288 0.14091284749348976 0.06076144622802743
10 0.7032123803924768 0.31831274214643274 0.1712244139801712 0.05590194921014058
32 0.8548534761325226 0.6125493877406696 0.03970701948790201 0.02675555905493887
32 0.8545711476234248 0.7260701544063175 0.03970701948790212 0.026755559054938538
32 0.12248175810977052 0.6124892703345224 0.03970701948790156 0.026755559054938538
32 0.1221994296006732 0.7254617557501726 0.039707019487901674 0.02675555905493887
0 0.8557948001908022 0.9127392929193869 0.09934844970703127 0.1287678891720364
11 0.18160811454627507 0.7858143619267548 0.06997010731441267 0.031147983256094136
11 0.9160321154313867 0.7861915172770869 0.07100406564774553 0.029503139506094955
