0 0.13772538389352557 0.7399736019409913 0.09934844970703127 0.12876788917203652
31 0.1107807962417392 0.5157658554923532 0.09578123478379053 0.03368501608104424
32 0.8691544809567582 0.9270548455936827 0.03970701948790201 0.026755559054938538
32 0.13678276293400654 0.9276632442498274 0.03970701948790156 0.02675555905493887
0 0.8703781335241354 0.7403857070806131 0.09934844970703127 0.12876788917203652
31 0.8434335458723491 0.5161779606319747 0.09578123478379053 0.03368501608104424
24 0.39704486023804914 0.5587832584900925 0.10215306868680518 0.051082592787640824
35 0.5668443571008832 0.6548799055248183 0.06745179038352 0.052313738370885376
11 0.19619144787960846 0.8673106380732453 0.06997010731441267 0.031147983256094136
11 0.9306154487647201 0.866933482722913 0.07100406564774553 0.029503139506094955
