0 0.45647538389352554 0.6037763980590087 0.09934844970703127 0.12876788917203652
31 0.4295307962417392 0.8279841445076468 0.09578123478379053 0.03368501608104424
10 0.30357740256810123 0.18447566498019208 0.1722583723135046 0.05425710546014062
2 0.39892336504553516 0.10592146945742037 0.1409128474934902 0.060761446228027816
32 0.4558150914431039 0.3031142703345225 0.03970701948790156 0.026755559054938538
32 0.4555327629340065 0.4160867557501726 0.03970701948790156 0.02675555905493887
35 0.1529416074702728 0.6892821996148031 0.06745179038352 0.052313738370885265
24 0.7157948602380491 0.7849667415099075 0.10215306868680518 0.051082592787640824
35 0.8855943571008832 0.6888700944751817 0.0674517903835199 0.052313738370885376
11 0.5149414478796084 0.47643936192675473 0.06997010731441267 0.031147983256094136
