0 0.47894128277314113 0.7553388980590088 0.09934844970703127 0.1287678891720364
31 0.5058858704249275 0.9795466445076467 0.09578123478379058 0.03368501608104424
10 0.6318392640985655 0.3360381649801921 0.1722583723135046 0.05425710546014062
2 0.5364933016211315 0.2574839694574203 0.14091284749349026 0.060761446228027816
10 0.6316164367722934 0.16058627419642307 0.17122441398017074 0.05590194921014058
32 0.4796015752235628 0.4546767703345225 0.03970701948790156 0.026755559054938427
32 0.4798839037326601 0.5676492557501727 0.03970701948790162 0.02675555905493887
35 0.7824750591963938 0.8408446996148031 0.06745179038352 0.052313738370885376
24 0.21962180642861756 0.9365292415099076 0.10215306868680515 0.05108259278764071
35 0.049822309565783485 0.8404325944751816 0.06745179038351998 0.052313738370885265
11 0.42047521878705824 0.6280018619267548 0.06997010731441267 0.031147983256094136
