0 0.5524736019409913 0.4002253838935256 0.12876788917203652 0.09934844970703116
31 0.3282658554923532 0.3732807962417392 0.03368501608104424 0.09578123478379064
10 0.9717743350198079 0.2473274025681012 0.05425710546014062 0.1722583723135046
32 0.8531357296654776 0.39956509144310387 0.026755559054938538 0.03970701948790156
32 0.7401632442498274 0.3992827629340065 0.02675555905493887 0.03970701948790156
14 0.07666431209576635 0.12694748767257003 0.040149177077513865 0.22060260503375173
35 0.46696780038519686 0.09669160747027283 0.052313738370885265 0.0674517903835199
24 0.37128325849009247 0.6595448602380491 0.051082592787640824 0.10215306868680518
35 0.46737990552481834 0.8293443571008832 0.052313738370885376 0.06745179038352
11 0.6798106380732453 0.4586914478796084 0.031147983256094136 0.06997010731441267
