0 0.4851912827731411 0.5259111019409912 0.09934844970703127 0.1287678891720364
31 0.5121358704249275 0.3017033554923533 0.09578123478379064 0.03368501608104424
10 0.6380892640985654 0.9452118350198079 0.1722583723135046 0.05425710546014062
32 0.48585157522356276 0.8265732296654775 0.03970701948790156 0.026755559054938427
32 0.48613390373266013 0.7136007442498273 0.03970701948790156 0.02675555905493887
14 0.7584691789940967 0.05010181209576636 0.22060260503375184 0.040149177077513754
35 0.7887250591963939 0.4404053003851969 0.06745179038352 0.052313738370885376
24 0.22587180642861754 0.3447207584900925 0.10215306868680518 0.05108259278764071
35 0.05607230956578346 0.44081740552481835 0.0674517903835199 0.052313738370885265
11 0.4267252187870582 0.6532481380732452 0.06997010731441267 0.031147983256094136
