15 0.6330590570492831 0.32540844638395394 0.7049612470396539 0.3697602114027845
17 0.10959483747094699 0.41211432132177067 0.12756017049153648 0.1623507471672
32 0.1314961646295984 0.5288089879527927 0.04353936677179225 0.02739518286042464
18 0.055183971640897764 0.7749811243532054 0.06990329218532262 0.07055937742483209
19 0.1909335894808455 0.8201202427002632 0.06472297142813846 0.02484444769387506
34 0.16422529858023344 0.7582735257223798 0.11090485006089919 0.05061941550944693
18 0.5182375603909491 0.7750763744698755 0.0699032921853226 0.07055937742483209
19 0.6539871782308988 0.8202154928169321 0.06472297142813843 0.024844447693874394
34 0.627278887330283 0.7583687758390507 0.11090485006089923 0.05061941550944704
32 0.5941487915593152 0.5372652066364889 0.043539366771792265 0.02739518286042464
27 0.9237045114681526 0.36105038704218195 0.09835598323443262 0.05011067766509347
