18 0.2531399214929969 0.18631115184628821 0.07044376196424618 0.06986531354244496
16 0.700542194961392 0.12589871819771853 0.20275516510009806 0.06811945128366503
14 0.7155650312772994 0.8360004495325377 0.1736699098798703 0.05151224448608449
18 0.252837894879686 0.9046433252442844 0.07055937742483209 0.06990329218532265
19 0.29797701322674613 0.7688937074043374 0.024844447693874394 0.06472297142813799
34 0.23613029624885978 0.7956019983049444 0.05061941550944693 0.11090485006089823
14 0.7159704298290706 0.5008068201330194 0.1736699098798702 0.051512244486085046
18 0.2532432934314588 0.5694496958447672 0.07055937742483209 0.06990329218532265
19 0.29838241177852004 0.4337000780048181 0.02484444769387506 0.06472297142813754
34 0.2365356948006319 0.4604083689054254 0.05061941550944693 0.11090485006089834
34 0.23668391307602937 0.07810898309443959 0.05061941550944693 0.10951495088921304
19 0.29838241177852004 0.052609070822693116 0.02484444769387506 0.06472297142813754
