18 0.6529778185129549 0.5499850785070031 0.06986531354244496 0.07044376196424618
32 0.5772065125720156 0.9771349441999067 0.04438868994850598 0.029604675510301326
23 0.18439989703929882 0.4359124305824871 0.11811478118230911 0.06164968319188935
16 0.5925653848643853 0.102582805038608 0.06811945128366503 0.20275516510009794
32 0.9598041695227291 0.7960538429689524 0.043539366771793264 0.02739518286042464
14 0.9674734867996861 0.08715457017092942 0.051512244486085046 0.1736699098798702
19 0.9003667446714847 0.50474258822148 0.06472297142813754 0.02484444769387506
34 0.927075035572092 0.566589305199368 0.11090485006089834 0.05061941550944693
34 0.5447756497611063 0.5664410869239707 0.10951495088921304 0.05061941550944693
19 0.5192757374893597 0.50474258822148 0.06472297142813754 0.02484444769387506
24 0.24889450893130388 0.5788432707157124 0.1215063668110844 0.0625746610906468
