20 0.6511567274927809 0.2244550068547566 0.27744766118900377 0.3216137930906886
18 0.3636888481537118 0.6140475785070031 0.06986531354244507 0.07044376196424618
23 0.8322667696273678 0.49997493058248704 0.118114781182309 0.06164968319188946
16 0.4241012818022815 0.16664530503860797 0.06811945128366503 0.20275516510009806
32 0.05686249714393765 0.8601163429689525 0.04353936677179315 0.02739518286042464
14 0.049193179866980574 0.15121707017092945 0.051512244486084935 0.1736699098798702
19 0.11629992199518185 0.5688050882214799 0.06472297142813754 0.02484444769387506
34 0.08959163109457458 0.6306518051993681 0.11090485006089823 0.05061941550944693
34 0.47189101690556046 0.6305035869239706 0.10951495088921304 0.05061941550944693
19 0.4973909291773068 0.5688050882214799 0.06472297142813754 0.02484444769387506
24 0.7677721577353627 0.6429057707157124 0.1215063668110844 0.0625746610906468
