18 0.6687350785070031 0.16339448517962157 0.07044376196424618 0.06986531354244507
16 0.221332805038608 0.10298205153105189 0.202755165100098 0.06811945128366492
32 0.9152092415207254 0.8054144655889139 0.02739518286042475 0.04353936677179271
14 0.20630996872270055 0.813083782865871 0.17366990987987024 0.05151224448608449
18 0.669037105120314 0.8817266585776177 0.07055937742483209 0.06990329218532265
19 0.6238979867732539 0.7459770407376707 0.024844447693874394 0.0647229714281381
34 0.6857447037511402 0.7726853316382778 0.05061941550944693 0.11090485006089823
32 0.9148038429689525 0.47022083618939564 0.02739518286042464 0.043539366771793264
14 0.20590457017092945 0.47789015346635283 0.17366990987987022 0.051512244486085046
18 0.6686317065685412 0.5465330291781005 0.07055937742483209 0.06990329218532265
19 0.6234925882214799 0.41078341133815144 0.02484444769387506 0.06472297142813743
34 0.6853393051993681 0.4374917022387588 0.05061941550944693 0.11090485006089823
34 0.6851910869239706 0.05519231642777289 0.05061941550944693 0.10951495088921304
