15 0.43919564622840757 0.2828807189909572 0.6874174325499884 0.3276079653789231
17 0.8902505751216585 0.3476627623315725 0.11702736165364536 0.15097568847656284
32 0.8692527867532618 0.4563510461908542 0.041098033548991 0.026636610717773124
18 0.9524751358400327 0.6812712408857973 0.07928856374913473 0.07637859211253972
34 0.834489347919054 0.6750824332065399 0.11360783179599998 0.05524129702352243
19 0.8138941386190255 0.7302603728470705 0.061646577912951694 0.025582344389869838
18 0.5615536380969649 0.6817718927105094 0.07928856374913473 0.07637859211253972
34 0.44356785017598666 0.6755830850312499 0.11360783179600076 0.05524129702352243
19 0.42297264087596126 0.7307610246717836 0.061646577912951694 0.025582344389870615
32 0.47939006369014214 0.47248621553901093 0.041098033548991 0.02663661071777379
27 0.17833042084676975 0.3218339985630642 0.09351704926829041 0.04739556175447468
