15 0.3266307189909572 0.6066376871049257 0.3276079653789232 0.6874174325499883
17 0.3914127623315725 0.15558275821167483 0.15097568847656295 0.11702736165364536
32 0.5001010461908543 0.1765805465800715 0.026636610717773124 0.041098033548991
18 0.7250212408857972 0.09335819749330054 0.07637859211253961 0.07928856374913473
34 0.7188324332065399 0.21134398541427923 0.05524129702352232 0.11360783179599987
19 0.7740103728470704 0.2319391947143079 0.025582344389869838 0.061646577912951805
18 0.7255218927105094 0.4842796952363685 0.07637859211253961 0.07928856374913473
34 0.7193330850312498 0.6022654831573466 0.05524129702352243 0.11360783179600087
19 0.7745110246717836 0.6228606924573721 0.025582344389870615 0.061646577912951694
32 0.516236215539011 0.5664432696431911 0.0266366107177739 0.041098033548991
27 0.3655839985630642 0.8675029124865636 0.04739556175447457 0.09351704926829052
