15 0.6503876871049258 0.38756821899095717 0.6874174325499884 0.3276079653789232
17 0.19933275821167484 0.4523502623315725 0.11702736165364533 0.15097568847656295
32 0.2203305465800715 0.5610385461908542 0.041098033548991 0.026636610717773124
18 0.13710819749330055 0.7859587408857973 0.07928856374913476 0.07637859211253961
34 0.25509398541427925 0.77976993320654 0.1136078317959999 0.05524129702352243
19 0.275689194714308 0.8349478728470703 0.06164657791295175 0.025582344389869838
18 0.5280296952363684 0.7864593927105095 0.07928856374913473 0.07637859211253961
34 0.6460154831573466 0.7802705850312499 0.11360783179600087 0.05524129702352232
19 0.666610692457372 0.8354485246717835 0.061646577912951805 0.025582344389870504
32 0.6101932696431912 0.577173715539011 0.041098033548991 0.02663661071777379
27 0.9112529124865636 0.4265214985630642 0.09351704926829041 0.04739556175447457
