15 0.5608043537715924 0.7171192810090428 0.6874174325499884 0.3276079653789231
17 0.10974942487834151 0.6523372376684275 0.11702736165364533 0.15097568847656284
32 0.13074721324673816 0.5436489538091458 0.041098033548990984 0.026636610717773124
18 0.04752486415996723 0.31872875911420273 0.07928856374913475 0.07637859211253972
34 0.1655106520809459 0.3249175667934601 0.11360783179599993 0.05524129702352243
19 0.1861058613809746 0.26973962715292965 0.06164657791295175 0.025582344389869893
18 0.43844636190303515 0.3182281072894906 0.07928856374913473 0.07637859211253972
34 0.5564321498240133 0.3244169149687501 0.11360783179600081 0.05524129702352243
19 0.5770273591240387 0.2692389753282164 0.061646577912951694 0.02558234438987056
32 0.5206099363098579 0.5275137844609891 0.041098033548991 0.02663661071777379
27 0.8216695791532302 0.6781660014369357 0.09351704926829041 0.04739556175447468
