15 0.38000473991402073 0.5717862498016555 0.6189898437500005 0.3658697979736324
17 0.7947935194501118 0.5047531870504662 0.12589552283379435 0.16036085157701618
32 0.7730813402470234 0.3910644945842098 0.04340461659418604 0.02899002845736831
18 0.8487173197015352 0.1462850855200312 0.07048844622626871 0.07009788865198702
34 0.7452953256631645 0.15968000266127405 0.09866217650791209 0.0590459425443825
19 0.714693690165501 0.1024979827148826 0.06364810747842287 0.025591791881188902
18 0.45215525218677616 0.14665134928221307 0.07048844622626882 0.07009788865198771
34 0.34749185301863766 0.16004626642345415 0.10114498676745531 0.05904594254438253
19 0.31813162265073724 0.10286424647706482 0.06364810747842098 0.025591791881188902
32 0.376300200271416 0.3752728042647536 0.04340461659418415 0.02899002845736831
