20 0.29792500795730725 0.34149603099303116 0.28242371757839546 0.31854765191700163
22 0.11007454696983388 0.2156442831183526 0.11049192427417909 0.057785736266467325
24 0.10807979556765446 0.6229292644687567 0.11917591224106161 0.06240339789103333
18 0.470665788302054 0.7247410903457467 0.06960505829917818 0.06885964266958022
16 0.5306125240510908 0.2827586242827927 0.069465295410157 0.1992037875366207
34 0.5763669309174071 0.7374716068684783 0.10198946847454426 0.05959422379438162
19 0.6041504057112832 0.6806478203841402 0.06468206581175573 0.025591791881188874
32 0.9596842938142004 0.9692322497677341 0.04340461659418415 0.02899002845736831
14 0.949782462050914 0.2687444681460828 0.05285092722574802 0.1708123659058095
18 0.884048314359688 0.7244528407035566 0.07048844622626782 0.07009788865198774
