17 0.8626165554300935 0.5657594412231461 0.12416985829671245 0.18003670593261767
18 0.15446444539388043 0.19983850769042738 0.06860588124593103 0.06998143798828169
32 0.8850652191162145 0.440387262878421 0.04334449340820323 0.0270198785400389
27 0.4010990465744302 0.37282340363931965 0.08798689079885946 0.043426553121680866
34 0.25930510839084636 0.22155049943236022 0.10457811701290753 0.03961124512917705
19 0.2873603370128266 0.15552765761888435 0.06430731522220423 0.024948038994262234
18 0.810036362324119 0.20002171247167375 0.06860588124593092 0.06998143798828166
34 0.914877025321085 0.22173370421360658 0.10457811701290753 0.039611245129177075
19 0.9429322539430647 0.15571086240013016 0.06430731522220423 0.024948038994261873
32 0.2279160599977163 0.40008342677225284 0.04334449340820312 0.0270198785400389
