16 0.8297786073870332 0.26912773312448623 0.22176481271834758 0.07261565654902902
14 0.8459422038495689 0.7000700677089251 0.18956438528919795 0.058089951537759976
18 0.3418173714201089 0.7736388808981323 0.07649973825171796 0.07520882941290286
19 0.39153341010502274 0.6261831308526618 0.026582910269516535 0.07048824912976726
34 0.31685947244883617 0.6575386528973306 0.042644633676702126 0.11371902313787341
32 0.07326513536026408 0.6902251239185998 0.029859712871997623 0.04697434185284188
18 0.3775117805725454 0.33564392071049937 0.07649973825171719 0.07520882941290286
19 0.42722781925745856 0.18818817066502663 0.026582910269515647 0.0704882491297677
34 0.35255388160127443 0.21954369270970114 0.042644633676702126 0.11371902313787341
24 0.4358050050854089 0.09034783584557005 0.05276578467906179 0.10539142119164446
