11 0.2986207057156314 0.27425830441438104 0.08972682949895378 0.02103469854510709
6 0.6613490905374313 0.041132505555706966 0.4791845468738266 0.0761301777425275
23 0.3777399136708063 0.10345374404410362 0.19543043738786908 0.013250814116038678
32 0.28772423161618577 0.8761873871412187 0.07892208343943258 0.009550319579222477
17 0.2472149657203029 0.9152595043417977 0.22854608735452114 0.05720961801188795
34 0.3441860028957453 0.8061707948191581 0.19237950579657118 0.012352245258423822
18 0.14819500253117912 0.7990910928217902 0.12628597046437107 0.021513185283293046
19 0.39714113432894976 0.785315200351052 0.1163752007167359 0.007755389988600703
14 0.2737515276990934 0.6556193176250489 0.09669834669214328 0.05382893966869995
18 0.7465357027069316 0.8987983631738412 0.11383107935846581 0.019355800984741656
14 0.8566594573740604 0.6402898711035228 0.08538321164196461 0.047751388537792816
