19 0.42350681164615395 0.9654192783553124 0.035119789633220155 0.018120021947045983
34 0.33647029686648633 0.9754215718660739 0.06789293962752252 0.02723437876444379
18 0.35519253495825076 0.9010752010554555 0.10606744548166547 0.013416240505014443
19 0.42433778947074136 0.8647691322626807 0.035119789633220155 0.01812002194704576
34 0.337301274691077 0.8744842151252935 0.06789293962752263 0.02723437876444379
18 0.3545233859101088 0.8006848372193532 0.10606744548166547 0.0129155404360064
19 0.4236686404226011 0.7637674865166358 0.035119789633219156 0.018120021947045872
34 0.33663212564293665 0.7743442013236953 0.06789293962752363 0.02723437876444379
18 0.3545233859101182 0.7013064551987438 0.10606744548166547 0.01610780422801117
19 0.4236686404226021 0.6627929726000246 0.035119789633219156 0.018120021947045983
34 0.3366321256429372 0.6733696874070838 0.06789293962752252 0.02723437876444379
18 0.35212574023496246 0.19706203740352635 0.10606744548166547 0.01610780422801117
19 0.42353729790542316 0.1588311869405386 0.035119789633219156 0.018120021947045983
34 0.337633934704745 0.16884263747613676 0.06789293962752252 0.02723437876444368
18 0.3525607524872898 0.09584690223662279 0.10606744548166547 0.01610780422801128
19 0.4231581570255033 0.057903262421784285 0.035119789633219156 0.018120021947046205
34 0.3356264875603234 0.06820192360552985 0.06789293962752252 0.02723437876444368
32 0.05913417777219482 0.1756212958541178 0.044785007680833266 0.013089613137433176
32 0.06042591867620334 0.679922156286038 0.043156701416330434 0.013089613137433176
32 0.05987290293393943 0.7811656413141003 0.04315670141633143 0.013089613137433398
32 0.06042591867620334 0.8819953246322383 0.043156701416330434 0.013089613137433287
24 0.2205460784410807 0.33482023112571047 0.0676391304897076 0.03147277772357482
23 0.8851634461770364 0.41404278351033924 0.06585071236948992 0.03072657289858205
24 0.21945583495850457 0.5791950094940935 0.0676391304897076 0.03147277772357504
33 0.047930018885234627 0.9828860573613052 0.06506427949015015 0.012171312699763348
33 0.04693828032782171 0.07523980013183273 0.06506427949015026 0.012171312699763126
