0 0.4022164822261787 0.9262881935051308 0.1379025617018666 0.12151104613650487
31 0.4276750103603895 0.7266208016557834 0.09099203478020623 0.019668676539179253
23 0.8184293621070731 0.24878285408893142 0.10431339483055069 0.02824045475746284
14 0.5658455889707459 0.446326897032927 0.05334290521852181 0.10205162001163848
16 0.2241259352367322 0.4338363991268506 0.05343754681360502 0.1267483772543535
18 0.16007229738056283 0.16892158611071528 0.05468425482515396 0.04548763084835605
19 0.2898619036674842 0.19954684119128097 0.061515516551071514 0.015061322718325831
34 0.255874110886514 0.1627066923957663 0.09245777309422132 0.02911627560145491
18 0.5036867444697757 0.16910814360400184 0.05468425482515388 0.04548763084835605
19 0.632501301640779 0.19938424445571334 0.06151551655107246 0.015061322718325831
34 0.5975384597438987 0.16184578720248705 0.09245777309422132 0.02911627560145502
32 0.23286129816126602 0.043270478228672526 0.04443782220330966 0.019206306776556326
33 0.5736456294149175 0.038040197832130584 0.04132029144438243 0.02790318851766649
