0 0.6485769101353749 0.5581756445753386 0.08157555201548938 0.15844786434819436
31 0.5145316671102621 0.5289241980283561 0.013204422125500992 0.10454841016506766
23 0.19373865621868797 0.07995362231941283 0.018959022732966013 0.11985444236738219
2 0.9588513066435238 0.2673913238237059 0.03592507345420015 0.1684774795428885
11 0.7343494395869384 0.4119486613878639 0.022925842037465616 0.1556321868732784
14 0.32635840448770315 0.3701683864873371 0.0685116086250479 0.06129015520593151
16 0.31797300008182017 0.7627988689943641 0.08509159595232152 0.06139889690321654
18 0.14012437811708 0.8363954867568703 0.030537788244888286 0.06283134470881113
19 0.160684419103031 0.6872692799847642 0.010111308838956168 0.07068035648870286
34 0.1359520546811926 0.7263207168369399 0.019546998650275316 0.10623252032722041
18 0.1402496221255991 0.4415879166250208 0.030537788244888286 0.06283134470881124
19 0.16057526097394248 0.2935820258800079 0.010111308838956168 0.07068035648870397
34 0.13537409227688668 0.3337537787592674 0.019546998650275427 0.10623252032722041
32 0.05576942593174078 0.7527620750246402 0.012894013567427698 0.05105835553382543
33 0.05225811544508424 0.36120626326818744 0.018732601509856228 0.04747636195302618
