14 0.20024345418722844 0.9219027387753076 0.15082629134072967 0.049910916831302
14 0.20036472366561514 0.601660046474797 0.15082629134073033 0.049910916831301555
14 0.20026980476962186 0.28082080488620986 0.15082629134073 0.04991091683130211
18 0.6092208365814575 0.9751428306468675 0.06722804265087923 0.04261629336886885
19 0.565394947324276 0.858905354775698 0.022259749017526254 0.05755771677296939
34 0.6205607383096241 0.8906773459275288 0.04303214261685617 0.08650920313411559
18 0.6086941432838147 0.6545182857055644 0.06722804265087923 0.042616293368869185
19 0.564868254026633 0.539193126010868 0.022259749017526254 0.05755771677296906
34 0.6200340450119792 0.5700528009862265 0.04303214261685617 0.08650920313411559
18 0.6091182656952105 0.3356312476379457 0.06722804265087923 0.041025834326138044
19 0.5652923764380278 0.21836436893519628 0.0222597490175257 0.05755771677296906
34 0.620458167423374 0.25196099243997333 0.04303214261685684 0.08650920313411559
32 0.7958746747580472 0.2736290959389066 0.027353732809468956 0.041578771142435356
32 0.7955241603684653 0.5939116194200509 0.02735373280946829 0.04157877114243502
32 0.9783209196797122 0.9135938870090352 0.02735373280946829 0.04157877114243502
33 0.8034443556771527 0.9143880645594402 0.041239271265080535 0.038661816811012994
