4 0.1234361865063681 0.15847931124708695 0.10144970082087637 0.026328833655201722
11 0.7841810641073803 0.0499513971565989 0.08243062898618347 0.030531354733882007
9 0.8694202974914631 0.025954235865142637 0.08422173884490969 0.04003158594279416
32 0.5850848484082822 0.8334387710652418 0.05085149779815479 0.00874078436462744
17 0.5575977413908396 0.8703604342199682 0.1469853909452501 0.053747601689992486
14 0.5745036090715494 0.626261265430509 0.06146000489507231 0.050906194313606434
34 0.6217850434403033 0.7679061672208285 0.12299763799379315 0.012011382738167042
19 0.6548270185084109 0.748313939572324 0.07642620326690974 0.007435574612762785
18 0.49640974616532385 0.7613542490101206 0.08078378718190837 0.020586186408446783
18 0.8958941886496433 0.7612798510203966 0.08078378718190837 0.02058618640844656
