13 0.669559054070434 0.5671601063782415 0.0222886038717761 0.040515724298233094
13 0.2592831378175055 0.5673867365891723 0.022146263010339 0.0404409353069785
13 0.5670606412452144 0.5670669195506197 0.0222414744106387 0.0404603316917213
13 0.4644332678225117 0.5671897727551026 0.022287245145325398 0.040354173587115294
13 0.3618652154655387 0.5670475182677578 0.022205967007417404 0.0404595552285195
13 0.7757300537441378 0.5670256208839906 0.02225309143375 0.0407106257067243
13 0.10939901445501395 0.4159258602043402 0.0294312853199615 0.0305905659442683
11 0.5144540981412592 0.2270512281761336 0.00739340667816845 0.0209567057198899
29 0.17540527993086386 0.47448337653511474 0.0139098216646937 0.017838928970593474
29 0.2618247764512077 0.400049387122845 0.0141509428757178 0.0179466170694999
11 0.8257049520356888 0.22741788500886095 0.007723315503475719 0.0207704727464199
11 0.4119080824271484 0.2270072812349715 0.0074878437153687305 0.021034704648983
4 0.44145884911627326 0.4179937926359007 0.006247687654266571 0.0131363117608293
11 0.30933455785704794 0.2272005007491893 0.007655352302349891 0.0207748708677686
11 0.6170152335549767 0.22815663014834578 0.00734737809792464 0.021344379380477
11 0.7196412802787502 0.22820324611712725 0.0074698546588504895 0.021103745057352498
29 0.5695220390262942 0.40008741742773074 0.014111394947612299 0.0178987940051475
2 0.24913464291205664 0.3512155712722205 0.0091788492264633 0.020803747729053898
23 0.251773553298314 0.4997601288094012 0.010914767128311999 0.010531512717298375
23 0.7787059483931096 0.49948636166041765 0.0109297843101451 0.010703468703245227
23 0.6724828788110142 0.499565126087605 0.0107875961017782 0.010532024737728001
4 0.6464992628261637 0.4179317060816829 0.006346313658573441 0.0132858292960958
29 0.3643991478936316 0.4001034395650025 0.0141009908085457 0.017772146567309098
4 0.7526713600172527 0.41805418388429755 0.006417336099637319 0.0133988811137432
29 0.4670057964731958 0.4001047332741794 0.0143265619201976 0.01828632304682691
23 0.35431947343938913 0.49959088643710836 0.010919593901118302 0.010668765362282699
4 0.3388144229800521 0.4179116659560681 0.00627620721463832 0.0130226404980942
2 0.7656979811936456 0.3520901545857528 0.0090525670429932 0.0191370099097856
3 0.7495328265031723 0.5477072085459836 0.0125778170178067 0.0214884651348765
29 0.7782469998586881 0.40015534579607775 0.0141875465374103 0.0182654125997435
29 0.6720349143426984 0.4000710100923518 0.014206157676178699 0.0181244626540681
3 0.23313507760159596 0.5477434738407047 0.0127722430753199 0.0214590548967833
4 0.23629730484097997 0.4180962374096076 0.006257603256284 0.013191355821637201
23 0.4568680681968441 0.49947843934236047 0.010949438265036299 0.010565729029370901
23 0.5594868236670104 0.4995983284890197 0.0108189162301028 0.0106631246771694
24 0.10328511208529054 0.4874835464942829 0.011809152867941517 0.0105718662056498
3 0.438184502392744 0.5477071688912489 0.0126404334952872 0.0212708185507038
10 0.5293975412190837 0.5733023478967031 0.0183868820679277 0.0110726960472179
10 0.6319325966842135 0.5731897104710654 0.018495083618779 0.0114141424840588
4 0.5439594565015485 0.4179718459452478 0.00633532854057526 0.013069827920169601
2 0.4542837002411595 0.35193764566338326 0.00922363017580093 0.0194449675165645
2 0.6593881801112447 0.35206521917969874 0.009184972388833191 0.0192055155047734
31 0.2931925028829429 0.21764900156765246 0.015031932838761 0.00687178009141699
31 0.39568871835728947 0.21758620917111446 0.015031932838761001 0.00687178009141699
31 0.4982825854146622 0.21752913914610747 0.015031932838761001 0.00687178009141699
31 0.6009058591923232 0.21881004033135049 0.015031932838761001 0.00687178009141699
31 0.7034681051482785 0.2187720544648095 0.015031932838761001 0.00687178009141699
31 0.8095354328822966 0.21793139749701948 0.015031932838761001 0.00687178009141699
10 0.08832473086719263 0.351280109302554 0.007924181847909117 0.022822891915601308
10 0.10278424074989458 0.29774120913529567 0.0076241818479091195 0.0220228919156013
13 0.07318831705088895 0.41599349306223515 0.0294312853199615 0.030590565944268303
36 0.059596116892393906 0.4701201895215277 0.02123479989299506 0.011038882624860379
36 0.09559683724078283 0.4701201895215277 0.02123479989299506 0.01103888262486038
24 0.06397963811117059 0.4873851983152329 0.011809152867941517 0.0105718662056498
3 0.14394288150677195 0.3592886818657148 0.009073521808473489 0.019249881192129455
3 0.18347731909446574 0.35919747415308273 0.009073521808473489 0.019249881192129455
4 0.14486835607842402 0.4736211824593079 0.00727060802877603 0.0132516894050278
2 0.21950103067986249 0.3522582340959889 0.0090788492264633 0.0190037477290539
24 0.2744586131249158 0.38764940819411664 0.009154727863573875 0.008899188903396436
10 0.22174443418741474 0.5733408135328183 0.0185111498350095 0.0111338156368466
31 0.24068031456640435 0.5952155533015011 0.0098693667048167 0.0095736976256983
2 0.32206715138072795 0.35204345180875096 0.0090788492264633 0.0190037477290539
2 0.3517536852627817 0.35099175193836296 0.0091788492264633 0.020803747729053898
24 0.3770234695373959 0.38751142232757624 0.009154727863573875 0.008899188903396436
3 0.33571312007204296 0.5477244809074346 0.0126722430753199 0.0211590548967833
10 0.3243066801433697 0.5732787993993592 0.0185111498350095 0.0111338156368466
31 0.34327305304295636 0.595039372635359 0.0098693667048167 0.0095736976256983
10 0.42688006874133877 0.5732311607316433 0.0185111498350095 0.0111338156368466
31 0.44583529899891133 0.5950428620352641 0.0098693667048167 0.0095736976256983
28 0.40600643592126623 0.6315105223370686 0.0284314577081985 0.0163458927631634
24 0.47956948083458495 0.3875377795396402 0.009154727863573875 0.008899188903396436
2 0.4246353244820037 0.352005464481187 0.0090788492264633 0.0190037477290539
31 0.5484491258529434 0.5961093913612541 0.0098693667048167 0.0095736976256983
24 0.5821322598128399 0.3875174510557452 0.009154727863573875 0.008899188903396436
2 0.5271508898349336 0.352024561150476 0.0090788492264633 0.0190037477290539
2 0.5568501348435375 0.3519305616665303 0.00922363017580093 0.0193449675165645
3 0.5408028493439097 0.5477381752274669 0.0126404334952872 0.0212708185507038
2 0.6296997975484566 0.35198502533237996 0.0090788492264633 0.0190037477290539
24 0.684633930167352 0.3875139616558392 0.009154727863573875 0.008899188903396436
3 0.6433841743822717 0.5477133701584929 0.0126404334952872 0.0212708185507038
31 0.6509752966270379 0.5960907460997403 0.0098693667048167 0.0095736976256983
2 0.7359049319080007 0.35206592866309094 0.0090788492264633 0.0190037477290539
24 0.790892975338044 0.38744031886790326 0.009154727863573875 0.008899188903396436
10 0.7381528894192334 0.5731897104710655 0.018495083618779 0.0114141424840588
31 0.7569192693873217 0.5961217531664701 0.0098693667048167 0.0095736976256983
28 0.8197975876446094 0.6314681090100194 0.0285254709381147 0.016670427946500702
