23 0.20370134370417842 0.28673525795417754 0.053653661107038064 0.10047904691547932
32 0.9575380673809379 0.6808553321354764 0.021281292723915435 0.04859643249082135
19 0.9293436130701915 0.5572135665825475 0.03165600757444853 0.04458399989467099
18 0.8564089429285864 0.6679715169341272 0.03939704772871533 0.1535681098880488
32 0.7968179380997986 0.681447465213353 0.021281292723915435 0.04859643249082124
19 0.7682733846273723 0.5550221392272767 0.03165600757444853 0.04458399989467099
18 0.6948126759236608 0.6723698109418774 0.03939704772871544 0.15356810988804892
32 0.635221671094873 0.68247765109699 0.021281292723915546 0.04859643249082013
19 0.606677117622447 0.5588590818810069 0.03165600757444853 0.04458399989467099
24 0.536603413604388 0.566098297574527 0.0461876275845291 0.08371347126905204
18 0.3682455005250347 0.6745157904662165 0.04083585266310741 0.15512428022611036
31 0.2907315843105338 0.6713585713105321 0.055317927746511675 0.10184329252197977
19 0.28346810888876406 0.5577707381993242 0.028803384594058068 0.03744806058426042
21 0.03761832805484583 0.28776539203309237 0.05522862016295005 0.10188084236274172
