2 0.21207983312178857 0.6479718298163366 0.024609182924204553 0.11003629571088835
1 0.4964289628126257 0.5120583318652174 0.1213210803472684 0.2837444049647143
14 0.8467828417415753 0.6058113050957123 0.07298525780733012 0.04729545604673757
2 0.0691719274111815 0.647826738825202 0.024248245005828506 0.1102295503195696
23 0.014032226074046195 0.28907205399863056 0.025591771309867145 0.09395209294810658
23 0.9773668134245885 0.41202491326914725 0.027160302597601604 0.09447107626936324
31 0.6660542428102422 0.528615912815219 0.025442742780944272 0.09912382691813892
21 0.013076513374599186 0.15074326219728185 0.02527704234874773 0.09632183662560578
11 0.3733020675907396 0.49922859113306917 0.018773663980907462 0.08875568585886429
35 0.6980310987438667 0.8842534317678679 0.027152050179994447 0.06620407054515842
20 0.8931581637589288 0.8895085619994358 0.15285194059443385 0.20146296521748663
21 0.9776452670341552 0.11959302857161336 0.02753921929413039 0.09724419694784503
4 0.1606818535043204 0.6151136008851383 0.025696248763888263 0.044888015234110124
