15 0.09398782433970405 0.7329484007097138 0.0712938798435701 0.06527149241284387
15 0.8979563636082802 0.731996565722634 0.06885578593347007 0.06598596295412244
12 0.3038435649420137 0.20279837484644123 0.040178425181766037 0.04001243775815475
17 0.23840953110862034 0.7199473773098384 0.011932905710866644 0.028889119727746118
20 0.4595785530060496 0.5847456155653833 0.026451479408649736 0.05791676174865335
6 0.7059367728687755 0.19947206555105432 0.03545711732056626 0.047033387030640486
2 0.6137006868404318 0.18718349210011312 0.013648311961641145 0.01715780167404353
2 0.5323816343884562 0.34181938884271174 0.014277028916224302 0.010934024260324122
20 0.5186404531287319 0.5847549672634605 0.02746735814556029 0.058216823392343214
14 0.15346407787874608 0.5717682872260353 0.005109701710690634 0.031371770855686126
2 0.5322602853115684 0.28448026645711477 0.014441159286850478 0.010628145956317316
32 0.24048114623736094 0.6991591871433778 0.004346962443960322 0.005350307706831627
2 0.6131756252900806 0.342114175618882 0.014207657522786405 0.010907327941709866
29 0.25195047509831725 0.33860533582870667 0.013423872936016127 0.017065701032167285
32 0.43924563688048734 0.7356599861992136 0.004187862707720659 0.005385326973198502
2 0.5329191690025561 0.18783376772520868 0.01329373397459701 0.017173423842337717
2 0.22130049783415956 0.18787657556237633 0.013134305917708762 0.017189825476332753
2 0.22078058292406072 0.34182586390169206 0.014303951222016014 0.010747998279111484
2 0.7776435130634276 0.28764182543503525 0.013171296711440945 0.016936541334242997
1 0.6035392089021854 0.4286797358299992 0.024091442620731734 0.03428732681817235
24 0.7418828038421823 0.19463494890193667 0.012095829921252157 0.011328866681393341
3 0.6161690297599887 0.2847975934237901 0.02064014532882709 0.010657376602153473
16 0.437748600278927 0.5739827002617447 0.006548317897535441 0.03674076002233413
23 0.27929847585523143 0.2722387030811974 0.01124816471956975 0.010691719912861
23 0.5766040937566715 0.2422289586667926 0.011364897484191273 0.010668837470388638
18 0.14796744225369232 0.7123707910027595 0.006019911664924296 0.01146687588640084
16 0.5413317229489935 0.5740264123552687 0.0069986746066317655 0.03664391998905108
24 0.5402101576786977 0.48265984730436173 0.011694869654799968 0.011179864735310963
24 0.4960559466951656 0.4603064918302032 0.014502983250441534 0.011436167038723489
4 0.5368608714877188 0.31252253191227175 0.0052788230855647066 0.009176522035311082
7 0.46730679855417356 0.40834053844448304 0.028700375832434163 0.04653658128272112
32 0.0914920843788932 0.69758133489271 0.004322470316051842 0.005152739681862659
14 0.09071155185298453 0.5713077704646328 0.005185364425969673 0.03127644949677042
2 0.7763954247607946 0.33622222927780626 0.01581927078866127 0.02207872224914377
24 0.3399489480762803 0.19411028596360963 0.012016427764714177 0.01133904519610463
34 0.60070591929777 0.48837778505262824 0.00832474325752805 0.007805683657387659
3 0.223997855614877 0.28444343032409447 0.020958655051103153 0.010682793023265514
4 0.2252849469173289 0.328827376609105 0.005175365039843065 0.009341516689946445
22 0.3068912192595212 0.27217695283250803 0.01124816471956975 0.010691719912861
11 0.2920855860701238 0.23217625057131372 0.010444929116789979 0.007946350715381715
12 0.465630883785374 0.19905020888915595 0.03308311275514865 0.047335529425752414
29 0.41568740681566196 0.33858046595390945 0.012899960086567498 0.016942200534788412
2 0.38521784031233464 0.18778995543889046 0.012773484396050831 0.017189825476332753
2 0.3846484928537681 0.34173924377820564 0.014303951222016014 0.010747998279111484
23 0.4430354075725767 0.2721520829577111 0.01124816471956975 0.010691719912861
24 0.5036858797936256 0.19402366584012332 0.012016427764714177 0.01133904519610463
3 0.38773478733222205 0.2843568102006082 0.020958655051103153 0.010682793023265514
4 0.3890218786346739 0.32885598427259216 0.005175365039843064 0.009111061115999327
22 0.47062815097686633 0.27209033270902167 0.01124816471956975 0.010691719912861
11 0.455822517787469 0.2320896304478274 0.010444929116789979 0.007946350715381715
22 0.5935595754110126 0.2422638150723521 0.009836932567670032 0.010668837470388626
4 0.6176688108279065 0.32930517057697445 0.00524257757282804 0.009062665445470443
29 0.6433455460950137 0.33912878289888676 0.013293714520513412 0.017042419124011207
23 0.6681896675882949 0.27247726648535514 0.011282300312501372 0.010736566022303606
22 0.6890134556331006 0.27249005357357825 0.011538151495753737 0.010742110440609692
11 0.6940555681859295 0.23249431491955946 0.010510987162499836 0.007808089297088897
4 0.7814989580220595 0.3124452369834897 0.005369596299075141 0.009480104291915516
36 0.5068390005276133 0.49384779557143915 0.026076571370279605 0.011508000892116265
26 0.5410131655790245 0.4383296937274077 0.02666471045058337 0.010870085099868847
35 0.5606868000356457 0.5033213848765445 0.007839667606947667 0.010856166937125364
34 0.0935361970211916 0.6579807587091093 0.008479305758981166 0.00882875456468227
19 0.09715323623517232 0.6464754034181768 0.006289300753180721 0.004792755764431534
18 0.084222217014193 0.6544697200332485 0.00683148185259279 0.01265287521809937
22 0.11759081252136847 0.5708721656876827 0.011087061301878557 0.010670591433930116
27 0.12213162340091835 0.7293080677459213 0.009364946262574524 0.009132378256589227
22 0.20420651579591528 0.6654289478396318 0.010994231764942804 0.010778225225785719
19 0.1594576508040978 0.705050959258853 0.005631266566143143 0.004328617091418203
20 0.1874414356623013 0.6969854150367116 0.023657853488834032 0.03607160256944869
14 0.2396583687986759 0.5713320667577222 0.005109701710690634 0.031371770855686126
22 0.2863526666319324 0.6024710095224329 0.010755672081201463 0.010663199087438862
34 0.24251348810520443 0.657933371290475 0.008479305758981166 0.00882875456468227
19 0.2461305273191851 0.6464280159995422 0.006289300753180721 0.004792755764431534
18 0.23319950809820583 0.6544223326146144 0.00683148185259279 0.01265287521809937
17 0.2918727261629153 0.7200075965813153 0.011932905710866644 0.028889119727746118
32 0.2939443412916559 0.6992194064148545 0.004346962443960322 0.005350307706831627
14 0.29312156385297095 0.5713922860291991 0.005109701710690634 0.031371770855686126
34 0.2959766831594994 0.6579935905619516 0.008479305758981166 0.00882875456468227
19 0.29959372237348014 0.6464882352710193 0.006289300753180721 0.004792755764431534
18 0.2866627031525008 0.6544825518860914 0.00683148185259279 0.01265287521809937
17 0.3269906528476168 0.7200003399064289 0.011932905710866644 0.028889119727746118
32 0.3290622679763574 0.6992121497399683 0.004346962443960322 0.005350307706831627
14 0.32823949053767243 0.571385029354313 0.005109701710690634 0.031371770855686126
34 0.331094609844201 0.6579863338870652 0.008479305758981166 0.00882875456468227
19 0.3347116490581816 0.6464809785961332 0.006289300753180721 0.004792755764431534
18 0.3217806298372024 0.6544752952112054 0.00683148185259279 0.01265287521809937
17 0.36421611271469545 0.7199477943971101 0.011932905710866644 0.028889119727746118
32 0.3662877278434361 0.6991596042306496 0.004346962443960322 0.005350307706831627
14 0.3654649504047513 0.5713324838449941 0.005109701710690634 0.031371770855686126
34 0.36832006971127973 0.6579337883777464 0.008479305758981166 0.00882875456468227
19 0.3719371089252602 0.6464284330868143 0.006289300753180721 0.004792755764431534
18 0.3590060897042812 0.6544227497018865 0.00683148185259279 0.01265287521809937
17 0.40109617363574107 0.7199719199753095 0.011932905710866644 0.028889119727746118
32 0.40316778876448167 0.6991837298088488 0.004346962443960322 0.005350307706831627
14 0.4023450113257969 0.5713566094231937 0.005109701710690634 0.031371770855686126
34 0.40520013063232535 0.6579579139559459 0.008479305758981166 0.00882875456468227
19 0.40881716984630584 0.6464525586650138 0.006289300753180721 0.004792755764431534
18 0.3958861506253267 0.6544468752800862 0.00683148185259279 0.01265287521809937
34 0.44133351681584065 0.657911217901114 0.008479305758981166 0.00882875456468227
19 0.44492344697485064 0.6405778716006335 0.006289300753180721 0.004792755764431534
18 0.43199242775387153 0.6488405825385137 0.00683148185259279 0.01265287521809937
22 0.467035918606946 0.5582555165377546 0.010735185768360083 0.01062841518320333
14 0.4800163993334797 0.5370630122159069 0.022066770746073824 0.006978252393012202
24 0.4707163118400786 0.6359130890097827 0.011726699453910075 0.011635584050563995
24 0.50030989762317 0.6359544989300481 0.011726699453910075 0.011635584050563995
32 0.5427247450155889 0.7356880792827118 0.004187862707720659 0.005385326973198502
34 0.5446647573783748 0.6578347417679339 0.008479305758981166 0.00882875456468227
19 0.5483441474187878 0.6463638943185062 0.006289300753180721 0.004792755764431534
18 0.535323668316406 0.6545000765042053 0.00683148185259279 0.01265287521809937
14 0.5747418035780604 0.5713681400472638 0.005109701710690642 0.031091087907097262
18 0.5691558165078218 0.7140658928615212 0.006019911664924291 0.007709355367090332
22 0.6249069270605738 0.6654753417154314 0.010994231764942804 0.01077822522578572
19 0.5806460250582274 0.7086248213772744 0.005631266566143143 0.004328617091418203
20 0.6086778352609634 0.7011706046171581 0.023657853488834032 0.03607160256944869
31 0.5777083255884302 0.7261623663004296 0.008200489128608542 0.00793335276174815
17 0.6714340338735139 0.7200391924426129 0.011932905710866644 0.028889119727746118
32 0.6735056490022541 0.6992510022761523 0.004346962443960322 0.005350307706831627
14 0.6726828715635699 0.5714238818904973 0.005109701710690634 0.031371770855686126
34 0.6755379908700979 0.6580251864232494 0.008479305758981166 0.00882875456468227
19 0.6791550300840786 0.6465198311323175 0.006289300753180721 0.004792755764431534
18 0.6662240108630993 0.6545141477473898 0.00683148185259279 0.01265287521809937
17 0.744344091084712 0.7200518593699269 0.011932905710866644 0.028889119727746118
32 0.746415706213452 0.6992636692034664 0.004346962443960322 0.005350307706831627
14 0.7455929287747677 0.5714365488178114 0.005109701710690634 0.031371770855686126
34 0.748448048081296 0.6580378533505634 0.008479305758981166 0.00882875456468227
19 0.7520650872952767 0.6465324980596315 0.006289300753180721 0.004792755764431534
18 0.7391340680742975 0.6545268146747039 0.00683148185259279 0.01265287521809937
17 0.7858492624654709 0.7200547993498365 0.011932905710866644 0.028889119727746118
32 0.7879208775942108 0.6992666091833759 0.004346962443960322 0.005350307706831627
14 0.7870981001555265 0.571439488797721 0.005109701710690634 0.031371770855686126
34 0.7899532194620549 0.6580407933304729 0.008479305758981166 0.00882875456468227
19 0.7935702586760353 0.6465354380395412 0.006289300753180721 0.004792755764431534
18 0.7806392394550562 0.6545297546546134 0.00683148185259279 0.01265287521809937
17 0.8182186198185474 0.7199432762763629 0.011932905710866644 0.028889119727746118
32 0.8202902349472868 0.6991550861099021 0.004346962443960322 0.005350307706831627
14 0.8194674575086027 0.5713279657242473 0.005109701710690634 0.031371770855686126
34 0.8223225768151317 0.6579292702569992 0.008479305758981166 0.00882875456468227
19 0.8259396160291118 0.6464239149660671 0.006289300753180721 0.004792755764431534
18 0.8130085968081328 0.6544182315811393 0.00683148185259279 0.01265287521809937
17 0.8540355668539277 0.7200048001229388 0.011932905710866644 0.028889119727746118
32 0.8561071819826671 0.6992166099564777 0.004346962443960322 0.005350307706831627
14 0.8552844045439832 0.571389489570823 0.005109701710690634 0.031371770855686126
34 0.8581395238505113 0.6579907941035747 0.008479305758981166 0.00882875456468227
19 0.8617565630644919 0.6464854388126426 0.006289300753180721 0.004792755764431534
18 0.8488255438435136 0.6544797554277149 0.00683148185259279 0.01265287521809937
34 0.8966254708642072 0.657959106462157 0.008479305758981166 0.00882875456468227
19 0.9002425100781878 0.6464537511712249 0.006289300753180721 0.004792755764431534
18 0.8873114908572094 0.6544480677862973 0.00683148185259279 0.01265287521809937
14 0.8936371668552918 0.5712590281363193 0.005109701710690634 0.031371770855686126
32 0.8945130500055335 0.6964264244330698 0.004346962443960322 0.005350307706831627
27 0.9251681794337224 0.7279034630995085 0.009502754213084065 0.009205329157774177
22 0.7194312613727665 0.6024658300328876 0.011087061301878691 0.010763379185529243
22 0.9469056238508771 0.6024044444256058 0.011087061301878691 0.010763379185529243
