15 0.8948584852410412 0.7525130729534507 0.07320791260727919 0.06548605863128197
20 0.536828808857413 0.6016548480373866 0.029399113802965587 0.06187854680400091
15 0.0783040362525462 0.7613108285168495 0.0728996325592588 0.06757303206932175
20 0.47660458722829724 0.6015486418038796 0.028503281423163697 0.061941008248841294
14 0.14045823226642778 0.587563000637869 0.00538620762391699 0.033491907806266
13 0.5021165811772742 0.12721651762654942 0.0282886581799063 0.042495074217636805
14 0.7283849159562008 0.57793813848096 0.00485501130238767 0.029740766711491902
0 0.48265162003220824 0.46100052753829707 0.014331261068826692 0.035098512798985404
17 0.13900343601242932 0.748370823184579 0.012770773253324602 0.0354120793183599
32 0.1412447163108568 0.7241078245783165 0.00460048011535362 0.00568811950074808
14 0.2352164728168135 0.5793624453414433 0.004813820513991034 0.032571269859646604
3 0.4794863544132831 0.10177658575215069 0.023129222181644198 0.011350586744576402
29 0.525167307403058 0.2582127504940052 0.01431707895645012 0.018196130441885502
12 0.5643479739657782 0.36213495937028717 0.031577078584651745 0.04245549710878753
18 0.13342598543676373 0.6765409007418428 0.00696045640080345 0.0134795975527216
18 0.7222220247358524 0.7382876703256835 0.006499764857281776 0.012067190659399289
23 0.16584170552518362 0.6516124512971107 0.0116472937432312 0.0115415907087133
18 0.2290342586507337 0.7382472125249363 0.006369000565119381 0.0118243147086064
23 0.5923527879005822 0.17959790804526587 0.01222378247041471 0.011623446135999362
23 0.62201744845223 0.6547107528545046 0.011668929755669324 0.011651720054376046
16 0.4504234114084851 0.5904458549945228 0.0070257174182702 0.0391414442660836
18 0.06726841017895299 0.6765891832554543 0.00707370435755843 0.0134924592342904
32 0.45199226878208065 0.7632479337023409 0.00459339306178219 0.00586785275363351
32 0.0750414555798849 0.7226061355064652 0.00442139697039341 0.005413653395732399
23 0.7631752829225761 0.6454663126409096 0.011428184774511276 0.011296787617384476
31 0.4797830677356383 0.5174364355383098 0.01059762797399408 0.007936759627457641
23 0.5045561766446705 0.6494838876261825 0.011742263846211935 0.011321320393044827
14 0.07424836134071822 0.5875763680780672 0.00549760790395804 0.0334472872212525
24 0.5450355449455838 0.510852146351437 0.01251468278431751 0.011656427605692316
16 0.5608642517126738 0.5903912723031403 0.00701694933130163 0.0391591259195105
23 0.2699234551698192 0.6454524707114737 0.0114623037036571 0.0114246841826375
19 0.08114015210291538 0.6678526043180135 0.00649160245779707 0.0049283142455115395
4 0.4810177562318982 0.2609081425118712 0.00584551322726377 0.009925981522878448
19 0.24137832269339973 0.730413815367626 0.00590900228094147 0.00423633536085779
11 0.4694145838892972 0.12457602185533434 0.014116867248469965 0.010100086979615485
24 0.5520149780880153 0.11568812173825055 0.010400858164797881 0.009731620843507222
25 0.5317269076284373 0.20765749547037807 0.01534406602412119 0.011159113831191477
25 0.5316785036346703 0.2212127380383284 0.01534406602412119 0.011159113831191477
3 0.4825922332704568 0.2741289677501977 0.02084870602485026 0.011040772795399768
13 0.6910733522943439 0.12912852338233688 0.028288658179906282 0.04627742000385062
3 0.6684431255303529 0.10179741861483127 0.023129222181644198 0.011350586744576402
29 0.7141240785201277 0.2582335833566859 0.01431707895645012 0.018196130441885502
23 0.7813095590176519 0.17961874090794638 0.01222378247041471 0.011623446135999362
4 0.6700150323012853 0.2621320382543976 0.00584551322726377 0.009925981522878448
11 0.6583713550063669 0.12459685471801489 0.014116867248469965 0.010100086979615485
24 0.7409717492050851 0.1157089546009311 0.010400858164797881 0.009731620843507222
25 0.7206836787455072 0.20767832833305858 0.015344066024121188 0.011159113831191479
25 0.7206352747517404 0.22123357090100892 0.015344066024121188 0.011159113831191479
3 0.671545582715495 0.2752990190569674 0.020760852776167835 0.011148461666911452
2 0.5785502878816047 0.3118165309528234 0.022590196367355566 0.012429191182731862
25 0.614896293615726 0.35609987034310686 0.0107743173164355 0.011056720752869183
24 0.6286490390620684 0.4123868761152679 0.011984109859205602 0.011268357552275319
36 0.6350130306159002 0.42632076535099145 0.024817384284887254 0.011595234613371587
25 0.4227784376937573 0.37072984900659917 0.015246044039513023 0.010881836481741226
25 0.4228525611807504 0.3822401711223542 0.015589120985641792 0.010951155819103836
25 0.42825614808324197 0.45045879246165155 0.015246044039513023 0.010881836481741226
25 0.42829679640303076 0.4617797304168644 0.015589120985641792 0.010951155819103836
26 0.43882354081434877 0.4685365602151244 0.023030915036685543 0.011315703592410955
11 0.469619895634329 0.42623363996507924 0.014176733311099381 0.010155725609088544
35 0.5232429410742402 0.4888044388675462 0.008376424139243548 0.01197334008989483
4 0.48124208703465876 0.35932900065444273 0.005781161376214499 0.010207806253237592
3 0.48264128393873407 0.33965272740391617 0.020852285594952998 0.011183438917047534
25 0.5097788398265723 0.5033977241082657 0.008244297377633387 0.006886696746997956
34 0.07821895380734187 0.6810134059042618 0.010782418306898975 0.007548875838781441
27 0.10770844106141729 0.706190721484228 0.00982225781626258 0.00956516778504206
34 0.1443766919894927 0.6809935287816251 0.010782418306898904 0.007320122025485034
19 0.14724185702388992 0.6679164357881807 0.00659292353334635 0.00486133770581737
14 0.20398287658744924 0.587581950887794 0.00538620762391699 0.033491907806266
17 0.20252808033345068 0.748389773434504 0.012770773253324602 0.0354120793183599
32 0.20476936063187817 0.7241267748282416 0.00460048011535362 0.005688119500748079
18 0.19695062975778516 0.6765598509917679 0.00696045640080345 0.0134795975527216
34 0.20790133631051405 0.6810124790315504 0.010782418306898904 0.007320122025485034
19 0.2107665013449113 0.6679353860381058 0.00659292353334635 0.00486133770581737
31 0.23926859090716807 0.7538097364448457 0.010531287602530975 0.007275665987639287
25 0.25288081781132277 0.6045989211698933 0.01092945128381121 0.011021774640645035
25 0.3087182243981379 0.6571102179332009 0.010814822268752912 0.010712988501484517
14 0.3322589898684188 0.5875947351436591 0.00538620762391699 0.033491907806266
17 0.3308041936144202 0.748402557690369 0.012770773253324602 0.0354120793183599
32 0.3330454739128477 0.7241395590841065 0.00460048011535362 0.005688119500748079
18 0.3252267430387545 0.6765726352476329 0.00696045640080345 0.0134795975527216
34 0.3361774495914835 0.6810252632874152 0.010782418306898904 0.007320122025485034
19 0.33904261462588076 0.6679481702939708 0.00659292353334635 0.00486133770581737
14 0.3712435883263805 0.5875206746817837 0.00538620762391699 0.033491907806266
17 0.3697887920723819 0.7483284972284936 0.012770773253324602 0.0354120793183599
32 0.3720300723708096 0.7240654986222311 0.00460048011535362 0.005688119500748079
18 0.36421134149671613 0.6764985747857576 0.00696045640080345 0.0134795975527216
34 0.37516204804944514 0.6809512028255401 0.010782418306898904 0.007320122025485034
19 0.3780272130838425 0.6678741098320954 0.00659292353334635 0.00486133770581737
14 0.41028042125604874 0.5875547612727037 0.00538620762391699 0.033491907806266
17 0.40882562500205005 0.7483625838194135 0.012770773253324602 0.0354120793183599
32 0.4110669053004779 0.7240995852131511 0.00460048011535362 0.005688119500748079
18 0.40324817442638433 0.6765326613766776 0.00696045640080345 0.0134795975527216
34 0.41419888097911317 0.6809852894164599 0.010782418306898904 0.007320122025485034
19 0.4170640460135109 0.6679081964230151 0.00659292353334635 0.00486133770581737
18 0.4442421571315983 0.6702380241894249 0.00696045640080345 0.0134795975527216
34 0.4551928636843271 0.6746906522292074 0.010782418306898904 0.007320122025485034
19 0.4580580287187249 0.6616135592357624 0.00659292353334635 0.00486133770581737
24 0.46718194250532785 0.6602427664787459 0.009802198460817237 0.0092005665953927
14 0.49663043777821364 0.5508292677345794 0.021342059376052953 0.007436074371618716
24 0.5142840766745106 0.6661903622134311 0.009875174325323002 0.009469208027122136
32 0.5624738983119976 0.7632755921334041 0.00459339306178219 0.005867852753633511
18 0.5547237866615152 0.6702656826204882 0.00696045640080345 0.0134795975527216
34 0.5656744932142438 0.6747183106602709 0.010782418306898904 0.007320122025485034
19 0.5685396582486417 0.6616412176668258 0.00659292353334635 0.00486133770581737
14 0.5966603312945618 0.5875943592789816 0.00538620762391699 0.033491907806266
17 0.5952055350405631 0.7484021818256916 0.012770773253324602 0.0354120793183599
32 0.597446815338991 0.724139183219429 0.00460048011535362 0.005688119500748079
18 0.5896280844648975 0.6765722593829557 0.00696045640080345 0.0134795975527216
34 0.600578791017626 0.681024887422738 0.010782418306898904 0.007320122025485034
19 0.6034439560520239 0.6679477944292933 0.00659292353334635 0.00486133770581737
14 0.6589390253245101 0.5875625872917422 0.00538620762391699 0.033491907806266
17 0.6574842290705115 0.748370409838452 0.012770773253324602 0.0354120793183599
32 0.6597255093689394 0.7241074112321896 0.00460048011535362 0.005688119500748079
18 0.6519067784948457 0.6765404873957159 0.00696045640080345 0.0134795975527216
34 0.6628574850475747 0.6809931154354986 0.010782418306898904 0.007320122025485034
19 0.6657226500819722 0.6679160224420536 0.00659292353334635 0.00486133770581737
14 0.6939881317872331 0.5875173441955518 0.00538620762391699 0.033491907806266
17 0.6925333355332342 0.7483251667422621 0.012770773253324602 0.0354120793183599
32 0.6947746158316623 0.7240621681359992 0.00460048011535362 0.005688119500748079
18 0.6869558849575685 0.6764952442995257 0.00696045640080345 0.0134795975527216
34 0.6979065915102975 0.6809478723393083 0.010782418306898904 0.007320122025485034
19 0.700771756544695 0.6678707793458635 0.00659292353334635 0.00486133770581737
25 0.737986052038203 0.6046158933660366 0.010733407314594814 0.011229732652732664
19 0.7345102459295443 0.7304975689365244 0.006086394037179017 0.004433311030879964
25 0.793756408890533 0.6571847701529588 0.010733407314594828 0.010943289109911696
27 0.9243828260170087 0.7062974388748882 0.009875174325323002 0.009563900107393266
14 0.8170303900176269 0.587597640275488 0.00538620762391699 0.033491907806266
17 0.8155755937636284 0.7484054628221982 0.012770773253324602 0.0354120793183599
32 0.8178168740620565 0.7241424642159354 0.00460048011535362 0.005688119500748079
18 0.8099981431879629 0.6765755403794617 0.00696045640080345 0.0134795975527216
34 0.820948849740692 0.6810281684192444 0.010782418306898904 0.007320122025485034
19 0.8238140147750892 0.6679510754257996 0.00659292353334635 0.00486133770581737
14 0.8518693494560817 0.5874878841191135 0.00538620762391699 0.033491907806266
17 0.8504145532020831 0.7482957066658236 0.012770773253324602 0.0354120793183599
32 0.8526558335005113 0.7240327080595611 0.00460048011535362 0.005688119500748079
18 0.8448371026264178 0.6764657842230872 0.00696045640080345 0.0134795975527216
34 0.8557878091791469 0.6809184122628699 0.010782418306898904 0.007320122025485034
19 0.8586529742135438 0.6678413192694249 0.00659292353334635 0.00486133770581737
14 0.8908874230812479 0.5875851551516843 0.00538620762391699 0.033491907806266
32 0.8915734816240642 0.7159391141486714 0.00460048011535362 0.005688119500748079
18 0.8838551762515837 0.676563055255658 0.00696045640080345 0.0134795975527216
34 0.8948058828043125 0.6810156832954406 0.010782418306898904 0.007320122025485034
19 0.8976710478387102 0.6679385903019959 0.00659292353334635 0.00486133770581737
