15 0.04716830438548092 0.777017198261396 0.0750512767514008 0.06920869722344876
15 0.8902448645662031 0.7678896629730141 0.07518779233899306 0.06698201456813464
20 0.4584308649632326 0.6123369515653606 0.029045896666582954 0.06370129147409222
20 0.5205507398565364 0.6122530382469317 0.03030890055697978 0.06384745088933491
17 0.10989416785039148 0.7637985180318178 0.013098971121646617 0.03651405550447678
13 0.4846490658396236 0.12266791065842515 0.0292677359996808 0.04407598512499188
14 0.20918051631540296 0.5893710503678872 0.005205309596194818 0.03354845745596628
12 0.5823441788687732 0.3652370718563603 0.030883964910137614 0.04314455030172797
14 0.04315460407995731 0.5980244960225046 0.006451224166252141 0.03467830072002351
29 0.5084160485913752 0.2629715988620537 0.014781338999661824 0.018835863686114757
18 0.03576029031798402 0.6895891056641072 0.007359246499868235 0.013914466228561717
29 0.7034888665429428 0.25763829577724334 0.014686638800548218 0.018755125621294
3 0.4607389179520089 0.08565530943021288 0.02278041422272383 0.011753798897416415
1 0.46904879249135467 0.467246640529613 0.023826694847589015 0.036336624052622626
32 0.43293175841111264 0.7790486071426638 0.004759822480226912 0.006189863628906432
19 0.05003321234394673 0.680683482653892 0.006848970959002406 0.004857546148496266
23 0.6083910414319269 0.6670261475023901 0.011956387791960081 0.01162209390385448
23 0.24491762697376337 0.6574933233903134 0.011812496570217202 0.01190641941901998
32 0.04382436280333292 0.7371517629742548 0.004546562096620392 0.005910898486646292
24 0.5290025853268167 0.5186563097080178 0.012661338820891604 0.011925287215633412
23 0.1374938150692612 0.6638353372140442 0.011647827718367487 0.011322897770592293
23 0.48708957371465655 0.6616410144645932 0.011852179233153647 0.011715448970846941
16 0.43134437478010246 0.6007999012739078 0.007174192186724359 0.040580398203624
4 0.46289840792074266 0.2606207414875008 0.005874888672499495 0.010457452596515024
16 0.5453679127028213 0.6006904113132306 0.00713666806337965 0.04037515281557119
24 0.542381081619628 0.11069796747101948 0.010422849331772564 0.009999934098717602
4 0.6580790272352278 0.26178774108112507 0.005964674237975962 0.01039840775203179
11 0.4508898897070518 0.12022955598873317 0.014647730082498695 0.01066426794865877
23 0.5778832062005917 0.18881936183014758 0.01246277535809397 0.011620274071550028
3 0.46133250245706187 0.27387189960160263 0.008253104749114892 0.01234770655191746
2 0.5447067048204047 0.31253443781589085 0.02189955710694901 0.014128456900134296
3 0.4613913959295205 0.3422065804799228 0.008334977150317613 0.012503149528018297
4 0.4630525345393386 0.36211579397209975 0.005917472955203848 0.010206652675933268
11 0.451154397778074 0.43133298812178295 0.01443616599148931 0.010460492127983733
26 0.4193396087616859 0.4748941606415762 0.023628469510129122 0.011818997599150408
35 0.5063953504711788 0.4958576539150696 0.008626914563296135 0.012108801583720184
31 0.46159512950567655 0.5253801760014049 0.010896577317261055 0.008152365928380213
36 0.6218404818031 0.43132751228485505 0.02591354564640291 0.011923226080522013
24 0.6151324816959007 0.41682942609744983 0.012563149345027861 0.01169125670152359
3 0.6564601056003124 0.2752057235402479 0.008253104749114892 0.012347706551917461
13 0.679815445846585 0.12437638598951502 0.029267735999680765 0.04746595285829946
3 0.6559052979589705 0.0856688008946489 0.02278041422272383 0.011753798897416415
24 0.7375474616265896 0.11071145893545553 0.010422849331772564 0.009999934098717602
11 0.6460562697140135 0.12024304745316916 0.014647730082498695 0.01066426794865877
23 0.7729503602890976 0.18883285329458402 0.012264323521180634 0.011620274071550052
34 0.047038903609133376 0.6942679902614566 0.011146541282907681 0.007961192554536893
14 0.11147348844211208 0.5980961607746714 0.006451224166252141 0.03467830072002351
18 0.10407917468013887 0.689660770416274 0.007359246499868235 0.013914466228561717
19 0.11835209670610154 0.6807551474060588 0.006848970959002406 0.004857546148496266
32 0.11214324716548799 0.7386769905122911 0.004546562096620404 0.005570452752405472
34 0.1153577879712882 0.6942236703241244 0.011146541282907681 0.007729223175538578
17 0.17533611326984683 0.7637020070594339 0.013098971121646617 0.03651405550447678
14 0.17690610662523212 0.5977703573499226 0.005538742620129616 0.034627267456643844
18 0.169679881569124 0.6895642594438897 0.007359246499868235 0.013914466228561717
19 0.18395280359508667 0.680658636433675 0.006848970959002406 0.004857546148496266
32 0.1777439540544731 0.7385804795399068 0.004546562096620404 0.005570452752405472
34 0.1809584948602733 0.6941271593517403 0.011146541282907681 0.007729223175538578
18 0.2027822597976016 0.7532081403814455 0.006518865795780055 0.012380784383947551
19 0.21554198792582377 0.7452947098002892 0.00612685283602287 0.0044647241474483285
31 0.21334248313202964 0.7693503382161653 0.010821232623260218 0.007729223175539129
17 0.30765559312138147 0.7636950107714481 0.013098971121646617 0.03651405550447678
14 0.3092255864767667 0.5977633610619367 0.005538742620129616 0.034627267456643844
18 0.30199936142065864 0.6895572631559037 0.007359246499868235 0.013914466228561717
19 0.3162722834466212 0.6806516401456889 0.006848970959002406 0.004857546148496266
32 0.31006343390600777 0.7385734832519207 0.004546562096620404 0.005570452752405472
34 0.31327797471180746 0.6942034889427643 0.011146541282907681 0.007895874933558015
17 0.3478681608717045 0.7637076861961303 0.013098971121646617 0.03651405550447678
14 0.34943815422708974 0.5977760364866189 0.005538742620129616 0.034627267456643844
18 0.34221192917098164 0.6895699385805859 0.007359246499868235 0.013914466228561717
19 0.35648485119694423 0.6806643155703712 0.006848970959002406 0.004857546148496266
32 0.3502760016563306 0.7385861586766034 0.004546562096620404 0.005570452752405472
34 0.35349054246213063 0.6942161643674468 0.011146541282907681 0.007895874933558015
17 0.38819318709347556 0.7637233889985857 0.013098971121646617 0.03651405550447678
14 0.3897631804488607 0.5977917392890744 0.005538742620129616 0.034627267456643844
18 0.3825369553927526 0.6895856413830412 0.007359246499868235 0.013914466228561717
19 0.3968098774187152 0.6806800183728265 0.006848970959002406 0.004857546148496266
32 0.39060102787810164 0.7386018614790586 0.004546562096620404 0.005570452752405472
34 0.3938155686839017 0.6942318671699023 0.011146541282907681 0.007895874933558015
18 0.4248940193274948 0.6830224566721792 0.007359246499868235 0.013914466228561717
19 0.4391669413534574 0.6741168336619643 0.006848970959002406 0.004857546148496266
34 0.4361726326186436 0.6876686824590399 0.011146541282907681 0.007895874933558015
24 0.44864783456876967 0.6725846359353741 0.010274331833859814 0.009547169482747505
24 0.49715847985177125 0.6788451928496677 0.010274331833859814 0.009547169482747505
14 0.4790196579114113 0.5599760235107302 0.022328003457608644 0.007912404062006585
32 0.54692217227616 0.7790434066357114 0.004759822480226912 0.006189863628906432
18 0.5388844331925422 0.6830172561652265 0.007359246499868235 0.013914466228561717
19 0.5531573552185047 0.6741116331550117 0.006848970959002406 0.004857546148496266
34 0.5501630464836909 0.6876634819520874 0.011146541282907681 0.007895874933558015
17 0.5806402849053908 0.763623654567822 0.013098971121646617 0.03651405550447678
14 0.5822102782607758 0.5976920048583103 0.005538742620129616 0.034627267456643844
18 0.5749840532046676 0.6894859069522776 0.007359246499868235 0.013914466228561717
19 0.5892569752306303 0.6805802839420625 0.006848970959002406 0.004857546148496266
32 0.5830481256900166 0.7385021270482948 0.004546562096620404 0.005570452752405472
34 0.5862626664958168 0.6941321327391384 0.011146541282907681 0.007895874933558015
17 0.6449530835842043 0.7636955664227054 0.013098971121646617 0.03651405550447678
14 0.6465230769395899 0.597763916713194 0.005538742620129616 0.034627267456643844
18 0.6392968518834816 0.6895578188071613 0.007359246499868235 0.013914466228561717
19 0.6535697739094446 0.6806521957969457 0.006848970959002406 0.004857546148496266
32 0.6473609243688309 0.7385740389031781 0.004546562096620404 0.005570452752405472
34 0.6505754651746309 0.6942040445940221 0.011146541282907681 0.007895874933558015
17 0.6809309265091443 0.7637372018735185 0.013098971121646617 0.03651405550447678
14 0.6825009198645299 0.5978055521640069 0.005538742620129616 0.034627267456643844
18 0.6752746948084216 0.6895994542579743 0.007359246499868235 0.013914466228561717
19 0.6895476168343846 0.6806938312477585 0.006848970959002406 0.004857546148496266
32 0.6833387672937709 0.7386156743539911 0.004546562096620404 0.005570452752405472
34 0.6865533080995706 0.6942456800448352 0.011146541282907681 0.007895874933558015
14 0.7182173665991541 0.5880693870912801 0.005015546211400473 0.03086451422788344
23 0.7540493589499149 0.6574186055893992 0.011812496570217202 0.01190641941901998
18 0.711913991773753 0.7531334225805313 0.006518865795780055 0.012380784383947551
19 0.724673719901975 0.7452199919993752 0.00612685283602287 0.0044647241474483285
17 0.8082284864211107 0.7636984766296515 0.013098971121646617 0.03651405550447678
14 0.8097984797764957 0.5977668269201398 0.005538742620129616 0.034627267456643844
18 0.8025722547203878 0.6895607290141075 0.007359246499868235 0.013914466228561717
19 0.8168451767463509 0.6806551060038913 0.006848970959002406 0.004857546148496266
32 0.8106363272057372 0.7385769491101241 0.004546562096620404 0.005570452752405472
34 0.8138508680115367 0.6942069548009681 0.011146541282907681 0.007895874933558015
17 0.8439288423648974 0.7636984766296517 0.013098971121646617 0.03651405550447678
14 0.8454988357202822 0.5977668269201399 0.005538742620129616 0.034627267456643844
18 0.8382726106641744 0.6895607290141076 0.007359246499868235 0.013914466228561717
19 0.8527095424727098 0.6806087121280917 0.006848970959002406 0.004857546148496266
32 0.8463366831495236 0.7385769491101242 0.004546562096620404 0.005570452752405472
34 0.8495512239553231 0.6942069548009681 0.011146541282907681 0.007895874933558015
14 0.8859735788516777 0.5977187343984282 0.005538742620129616 0.034627267456643844
18 0.8787473537955699 0.6895126364923959 0.007359246499868235 0.013914466228561717
19 0.8930202758215328 0.6805606196063798 0.006520951393858177 0.004857546148496265
32 0.8865945538411544 0.7300936064430129 0.004546562096620404 0.005570452752405472
34 0.8900259670867186 0.6941588622792563 0.011146541282907681 0.007895874933558015
27 0.9205697032333271 0.7204546428179098 0.010198426479942242 0.009447480162847341
27 0.07754154366711967 0.7201569209771834 0.009839563852944334 0.009277810468731242
