15 0.9420230753843536 0.7317541693222399 0.06842563990239066 0.06732333828753831
15 0.08114152772778166 0.7318262251564595 0.06813211287779353 0.06734368742468007
20 0.47723965413104075 0.5789905036695405 0.026886916377087018 0.0590677249449686
20 0.5439947546263109 0.5788735797190678 0.02746193059814066 0.05881861809196862
14 0.07667067481238725 0.5654849640097387 0.005069043464920655 0.031540558605410204
13 0.47197232410882783 0.14146250474253352 0.02681327683397954 0.04170446698880506
32 0.15216562523718213 0.6948516629377915 0.004299107989512639 0.005130925657560549
14 0.765593615410286 0.566028713607125 0.005010515313318554 0.031533829412170505
12 0.5404125555711341 0.3496212843229106 0.02838145494679156 0.03775378563876706
17 0.1500292143089124 0.7158613653910326 0.012008922637421952 0.02937898543441247
18 0.07015798126021604 0.6497907873160542 0.0065915420364668145 0.01290238569510836
18 0.7600376199339612 0.7083652376187197 0.006152870091904588 0.011225899320660836
1 0.4577820290066951 0.4600505202920055 0.022591035122506948 0.03330219006165873
32 0.4567554945543531 0.7279275747068924 0.004299388884604204 0.005732598441545182
23 0.7905072874950558 0.641968509043468 0.010970750163193594 0.010599769445471571
23 0.2828304742473122 0.6420609914122093 0.010769374403047448 0.010369511057875652
23 0.4947676994693068 0.6341971726200762 0.0111613712656294 0.01135390960309044
23 0.1664900602731124 0.6235520711301296 0.010705176044759021 0.01042116448248725
16 0.45534892402870136 0.5683121042306754 0.006560255460523796 0.03705101393251248
3 0.45057191028748783 0.2785842108782514 0.025560095296838482 0.013504577732724853
32 0.07752391685298131 0.6935736176955548 0.004299685722121232 0.005418636472901975
4 0.4519303656971177 0.2647944176831527 0.005602433423926553 0.009479692497279051
3 0.4513683719841795 0.11370366284462716 0.02394542825553664 0.01096582518901904
11 0.44089031528667916 0.14393811740890608 0.013369473051304587 0.009659320687809005
23 0.5647041409952572 0.20006578577616513 0.011264215615484397 0.010554329477568535
29 0.4884152060683204 0.2514510257382784 0.0135441945004594 0.017127317248162074
2 0.5573790044964445 0.30316870276527 0.007760918625859104 0.02331550699489701
3 0.4514540490045668 0.3334212929749257 0.02379632845319892 0.017714025305338797
4 0.45193820713659283 0.35532910528158346 0.005602433423926553 0.009479692497279051
36 0.5026139436863917 0.41093727447682693 0.02845799341322737 0.010867197943795395
24 0.5048259490457542 0.398984733984948 0.011521348362507738 0.010965825189019255
11 0.4408978435691307 0.42704039421083273 0.013527418430332405 0.009777221759440293
26 0.40169069244582245 0.4690586909485728 0.028116656253738163 0.010621042774576645
31 0.44871259248065504 0.5180704006599065 0.013732867114332947 0.009543220251997582
35 0.4917385436042667 0.4882999113767662 0.00810524253937354 0.011256419588216451
24 0.5125886942086745 0.5094524123622352 0.011833444892877623 0.01105823453529723
34 0.08061640746834967 0.6529290537792756 0.010545422383565895 0.009470485390516653
19 0.08322512858865905 0.6416520750063005 0.006284547741619528 0.004647705035420776
27 0.10968237042539279 0.7255597570102291 0.009461032745123766 0.009069604005637444
14 0.1513892469312521 0.5654198850289077 0.005069043464920655 0.031540558605410204
18 0.14487655337908087 0.6497257083352234 0.0065915420364668145 0.01290238569510836
34 0.15533497958721446 0.6528639747984444 0.010545422383565895 0.009470485390516653
19 0.1579437007075239 0.6415869960254694 0.006284547741619528 0.004647705035420776
32 0.22400226147879063 0.6948593887614326 0.004299107989512639 0.005130925657560549
17 0.22186585055052088 0.715869091214674 0.012008922637421952 0.02937898543441247
14 0.22322588317286057 0.5654276108525489 0.005069043464920655 0.031540558605410204
18 0.2167131896206894 0.6497334341588651 0.0065915420364668145 0.01290238569510836
34 0.22717161582882311 0.6528717006220858 0.010545422383565895 0.009470485390516653
19 0.22978033694913244 0.6415947218491111 0.006284547741619528 0.004647705035420776
14 0.2585698168636256 0.5661005826334007 0.00525596155248029 0.031684876290541814
18 0.2529070782739916 0.70828437038599 0.006008287987772445 0.011371759027126211
19 0.2644758385472322 0.7008920002638157 0.005634909097776886 0.003998263484004467
31 0.26256662258680685 0.7217524535625796 0.010102247381984062 0.008814925703478412
32 0.3507007202344735 0.6948973022881583 0.004299107989512639 0.005130925657560549
17 0.3485643093062037 0.7159070047413997 0.012008922637421952 0.02937898543441247
14 0.3499243419285434 0.5654655243792747 0.005069043464920655 0.031540558605410204
18 0.34341164837637217 0.6497713476855906 0.0065915420364668145 0.01290238569510836
34 0.3538700745845059 0.6529096141488114 0.010545422383565895 0.009470485390516653
19 0.3564787957048153 0.6416326353758367 0.006284547741619528 0.004647705035420776
32 0.3873637452298467 0.6949312001443311 0.004299107989512639 0.005130925657560549
17 0.38522733430157674 0.7159409025975724 0.012008922637421952 0.02937898543441247
14 0.38658736692391654 0.5654994222354475 0.005069043464920655 0.031540558605410204
18 0.3800746733717454 0.6498052455417637 0.0065915420364668145 0.01290238569510836
34 0.39053309957987936 0.6529435120049841 0.010545422383565895 0.009470485390516653
19 0.3931418207001886 0.6416665332320095 0.006284547741619528 0.004647705035420776
32 0.41982171391041495 0.6948975646545644 0.004299107989512639 0.005130925657560549
17 0.41768530298214523 0.7159072671078053 0.012008922637421952 0.02937898543441247
14 0.41904533560448476 0.5654657867456806 0.005069043464920655 0.031540558605410204
18 0.4125326420523138 0.6497716100519968 0.0065915420364668145 0.01290238569510836
34 0.4229910682604478 0.6529098765152175 0.010545422383565895 0.009470485390516653
19 0.42559978938075704 0.6416328977422426 0.006284547741619528 0.004647705035420776
18 0.4494431287514019 0.6497469932937605 0.0065915420364668145 0.01290238569510836
34 0.45990155495953616 0.6528852597569811 0.010545422383565895 0.009470485390516653
19 0.4625102760798452 0.6416082809840065 0.006284547741619528 0.004647705035420776
14 0.4922647291121166 0.5320738379757061 0.01716160008883002 0.005545337248104258
24 0.48863192765878566 0.6549888250161062 0.011349476953994114 0.011180924067726892
24 0.5133974048271831 0.6551975974572053 0.01134947695399412 0.011041742440327035
32 0.5843961677172713 0.7278997454902074 0.004299388884604204 0.005732598441545182
16 0.5829895971916195 0.5682842750139906 0.006560255460523796 0.03705101393251248
18 0.57708380191432 0.6497191640770756 0.0065915420364668145 0.01290238569510836
34 0.5876506643423369 0.6528957725864116 0.010545422383565895 0.009470485390516653
19 0.5901509492427632 0.6415804517673217 0.006284547741619528 0.004647705035420776
32 0.6238514611795879 0.6948874235889655 0.004299107989512639 0.005130925657560549
17 0.6217150502513179 0.7158971260422063 0.012008922637421952 0.02937898543441247
23 0.6381758962155181 0.6235878317813034 0.010705176044759021 0.01042116448248725
14 0.6230750828736578 0.5654556456800816 0.005069043464920655 0.031540558605410204
18 0.6165623893214865 0.6497614689863973 0.0065915420364668145 0.01290238569510836
34 0.6270208155296202 0.6528997354496182 0.010545422383565895 0.009470485390516653
19 0.629629536649929 0.6416227566766434 0.006284547741619528 0.004647705035420776
32 0.6957432215528384 0.6948975646545646 0.004299107989512639 0.005130925657560549
17 0.6936068106245692 0.7159072671078052 0.012008922637421952 0.02937898543441247
14 0.6949668432469085 0.5654657867456806 0.005069043464920655 0.031540558605410204
18 0.6884541496947375 0.649771610051997 0.0065915420364668145 0.01290238569510836
34 0.6989125759028713 0.6529098765152177 0.010545422383565895 0.009470485390516653
19 0.7015212970231804 0.6416328977422431 0.006284547741619528 0.004647705035420776
32 0.7315736366278971 0.6949033262112383 0.004299107989512639 0.005130925657560549
17 0.729437225699628 0.7159130286644789 0.012008922637421952 0.02937898543441247
14 0.7307972583219672 0.5654715483023545 0.005069043464920655 0.031540558605410204
18 0.7242845647697963 0.6497773716086708 0.0065915420364668145 0.01290238569510836
34 0.7347429909779302 0.6529156380718917 0.010545422383565895 0.009470485390516653
19 0.7373517120982391 0.6416386592989172 0.006284547741619528 0.004647705035420776
31 0.769654792487498 0.721827690484854 0.010247222778889125 0.008780328560438306
19 0.7717083068640291 0.7008567397003311 0.005399406816459589 0.004151081025722476
32 0.8575872776525323 0.6948908358740752 0.004299107989512639 0.005130925657560549
17 0.8554508667242632 0.7159005383273163 0.012008922637421952 0.02937898543441247
14 0.8568108993466019 0.5654590579651916 0.005069043464920655 0.031540558605410204
18 0.8502982057944313 0.6497648812715074 0.0065915420364668145 0.01290238569510836
34 0.8607566320025651 0.6529031477347286 0.010545422383565895 0.009470485390516653
19 0.8633653531228742 0.641626168961754 0.006284547741619528 0.004647705035420776
32 0.8934301876159 0.6948600882479614 0.004299107989512639 0.005130925657560549
17 0.8912937766876311 0.7158697907012026 0.012008922637421952 0.02937898543441247
14 0.8926538093099695 0.5654283103390777 0.005069043464920655 0.031540558605410204
18 0.886141115757799 0.6497341336453936 0.0065915420364668145 0.01290238569510836
34 0.8965995419659325 0.6528724001086144 0.010545422383565895 0.009470485390516653
19 0.8992082630862419 0.6415954213356401 0.006284547741619528 0.004647705035420776
14 0.9373730686650268 0.5654283103390771 0.005069043464920655 0.031540558605410204
18 0.9308603751128564 0.6497341336453928 0.0065915420364668145 0.01290238569510836
34 0.9413188013209897 0.6528724001086142 0.010545422383565895 0.009470485390516653
19 0.9439275224412986 0.6415954213356394 0.006284547741619528 0.004647705035420776
32 0.9381917191307058 0.6934296482943697 0.004299107989512639 0.005130925657560549
27 0.9700697921882282 0.7255481903254936 0.009427422370224663 0.009041316411024973
