15 0.07541188981580887 0.6690554123808771 0.072194193954237 0.05669989597225269
15 0.774998788598368 0.6684618382920258 0.07244624457155803 0.05732023823964954
17 0.12101712553606873 0.6548617264866194 0.010499362693870272 0.025572156171047487
13 0.1667954944207687 0.2043263748651399 0.022462632442645195 0.03492685814216162
12 0.0415564676651874 0.3859136267128626 0.02611604720053054 0.035651893030156194
13 0.4265909704050438 0.20412866111030437 0.022078587680204917 0.03473885614590449
2 0.2512219738348733 0.1891374779919573 0.018390475466378464 0.01759297377702983
20 0.38867687834768616 0.5370710959161487 0.023193928991206383 0.05059063435027023
2 0.09356069921456645 0.19005891525757876 0.016618962085034217 0.015779145736331834
14 0.06737411439903243 0.5254396586660866 0.0046042128826943 0.027243124716796286
2 0.3532183986392596 0.19000585071606882 0.016506320887549962 0.015846630899044097
20 0.4402189604318123 0.5371242908242442 0.023905821327439236 0.05069723122627043
2 0.25197549296818367 0.3265460130746055 0.01649899385343687 0.014159957702481225
2 0.25226257546165876 0.27699470510385327 0.01632279391298951 0.009842370291991922
14 0.49515528552443494 0.5254619445230765 0.004580135806870258 0.027417769234341534
2 0.03814880410465513 0.320586813943454 0.013954061555869025 0.019291323990136302
18 0.36477944024101916 0.5928913420426287 0.005975283267205667 0.0111709215528417
14 0.1941233547359615 0.5257294715404716 0.004591129862502805 0.027181935402767497
23 0.40770522810863224 0.2658787978524962 0.010221860557546432 0.009621643376870208
23 0.14800239395017767 0.2659462755599887 0.010308869552618387 0.009714852439223579
2 0.09277571491386467 0.3284890456186589 0.017767260238546835 0.010021233290813397
2 0.09312530730948795 0.27700249248145925 0.01736243296833004 0.009879933565949696
4 0.25808936968790647 0.30230251275847975 0.004778438750777041 0.008371099861241953
2 0.03942082486662322 0.27840422692568095 0.011653945116059196 0.015055902879113342
2 0.35297394384043945 0.27698129918553716 0.01709383969487944 0.009886578345523044
23 0.6411411435749902 0.5800628841618863 0.009569928987131299 0.009276973689322789
18 0.0617705581473717 0.5978968166962866 0.005693183646650097 0.010990151920341099
23 0.2131859697236591 0.5800614837875561 0.009582729467978415 0.009299535791505303
24 0.46232826197166377 0.19650410900849 0.011099154325977311 0.010546648237943445
2 0.35255650848785913 0.3284863488964889 0.017881030535535136 0.010169657834855104
24 0.20248405735007563 0.19647525641495883 0.010735851482292834 0.010362277147134134
24 0.06629446830661777 0.4287308039681651 0.012671192704453806 0.009677276246336353
4 0.042832391442892186 0.2996532289830143 0.004443174109682424 0.008730483900488367
4 0.09926361711029592 0.3170023131456171 0.004741373714359085 0.008308721393218406
36 0.07564712376664315 0.4579143649035594 0.022746549546890708 0.010127040785060664
29 0.12330692267437897 0.32580396208648565 0.011984391624287515 0.015190561177591527
9 0.14510985952917632 0.19719000438954049 0.008036479346036317 0.007051869121553906
11 0.15939038827457194 0.22998075599967543 0.00961097325872912 0.007330232376352
4 0.35904272101591983 0.3171518487820573 0.004682473131286642 0.008270474410027227
29 0.38310947421950997 0.325807455240762 0.012199074736772958 0.015528528676757958
11 0.41909904222517497 0.23003507856204666 0.009538476802279636 0.007108978317333898
9 0.40480133227795095 0.19719605195004208 0.007915709626350888 0.007210807993376723
13 0.5692778154519587 0.2041284871720614 0.022078587680204917 0.03473885614590449
2 0.49590524368617467 0.19000567677782584 0.016506320887549962 0.015846630899044097
23 0.5503920731555474 0.2658786239142533 0.010221860557546432 0.009621643376870208
2 0.4956607888873545 0.2769811252472941 0.01709383969487944 0.009886578345523044
24 0.6050151070185787 0.19650393507024697 0.011099154325977311 0.010546648237943445
2 0.49524335353477406 0.3284861749582458 0.017881030535535136 0.010169657834855104
4 0.5017295660628349 0.3171516748438143 0.004682473131286642 0.008270474410027227
29 0.5257963192664249 0.325807281302519 0.012199074736772958 0.015528528676757958
11 0.56178588727209 0.2300349046238037 0.009538476802279636 0.007108978317333898
9 0.5474881773248659 0.19719587801179914 0.007915709626350888 0.007210807993376723
26 0.2706517470503884 0.4098174419651633 0.034540072550212284 0.00893849716907471
11 0.30638273486388046 0.3641560585902834 0.008859833893474004 0.006683211644464711
1 0.3197806264732284 0.3980371436153988 0.031719551712024036 0.043634980298485566
24 0.3684848806237822 0.4527282065191754 0.010149663389588002 0.009743052593229124
35 0.346606894496536 0.47086344005399794 0.00707081224676733 0.009788421854530962
31 0.3112739301090279 0.4557965195321001 0.008502385422599339 0.007668409223090435
27 0.10084491196103103 0.663197300225353 0.008333093138209959 0.007977674519301472
32 0.06812133435129887 0.6353579504853855 0.003898326913128551 0.004879896778330206
31 0.07083070682270642 0.6003975170348286 0.009287550012469267 0.009160609064397817
19 0.07303582218650305 0.5908466262913666 0.005713065303722852 0.0038975798943813424
14 0.12221007264016022 0.5255283201291625 0.0046042128826943 0.027243124716796286
18 0.11655050594434538 0.5978904152351092 0.00580520453495845 0.011180277768847245
32 0.12291655772395094 0.6367573280252858 0.003898326913128551 0.004793475938100037
34 0.12557704835318761 0.6002802088286892 0.009287550012469272 0.008812045008802689
19 0.12787178042763084 0.5909352877544427 0.005713065303722852 0.0038975798943813424
23 0.14087679678585738 0.5692641896102125 0.009643775215243568 0.009232381284139635
17 0.1675285077347994 0.6548105656685282 0.010499362693870272 0.025572156171047487
14 0.16872145483889095 0.5254771593110711 0.0046042128826943 0.027243124716796286
18 0.1632422989039055 0.5980433874705365 0.00580520453495845 0.011180277768847245
32 0.16942793992268165 0.6367061672071948 0.003898326913128551 0.004793475938100037
34 0.17208843055191828 0.6002290480105977 0.009287550012469272 0.008812045008802689
19 0.17438316262636153 0.5908841269363514 0.005713065303722852 0.0038975798943813424
18 0.18925551596749993 0.6482968571656694 0.005357120981724009 0.009849396829301952
31 0.19672379068932128 0.659402588764818 0.007069536423965751 0.00833673038753676
19 0.19930977707336672 0.641898100025508 0.005108152506858527 0.0038975798943813415
17 0.27333086808810714 0.6548107602042361 0.010499362693870272 0.025572156171047487
14 0.2743434044313692 0.5253752873200195 0.0046042128826943 0.027243124716796286
18 0.2688642484963838 0.5979415154794849 0.00580520453495845 0.011180277768847245
32 0.2750797094756271 0.6367519120936875 0.0038983269131285508 0.004498242183011292
34 0.277571511274593 0.6002581166865635 0.008824653779790552 0.008812045008802715
19 0.2801162073146828 0.5908346312121062 0.005713065303722852 0.0038975798943813424
17 0.30572958947828455 0.6548058707240838 0.010499362693870272 0.025572156171047487
14 0.30681429012587835 0.5253703978398669 0.0046042128826943 0.027243124716796286
18 0.30133513419089303 0.5979366259993324 0.00580520453495845 0.011180277768847245
32 0.3075505951701364 0.6367470226135349 0.0038983269131285508 0.004498242183011292
34 0.31015329764852756 0.6002532272064107 0.009046455138641059 0.008812045008802713
19 0.3125870930091921 0.5908297417319539 0.005713065303722852 0.0038975798943813424
17 0.33770038890129506 0.6548749343239628 0.010499362693870272 0.025572156171047487
14 0.33878508954888886 0.5254394614397458 0.0046042128826943 0.027243124716796286
18 0.3333059336139035 0.5980056895992114 0.00580520453495845 0.011180277768847245
32 0.3395213945931468 0.6368160862134139 0.0038983269131285508 0.004498242183011292
34 0.34221355695294087 0.6003222908062898 0.009046455138641059 0.008812045008802713
19 0.3445578924322026 0.5908988053318329 0.005713065303722852 0.0038975798943813424
32 0.3710097242537873 0.6685568705189678 0.0038983269131285508 0.004498242183011292
32 0.371102792309822 0.5973310597764963 0.0038983269131285508 0.004498242183011292
19 0.37610222818363637 0.58573751724645 0.005713065303722852 0.0038975798943813424
32 0.3763317335023747 0.5784882899296394 0.0036863372711518137 0.004832900982568588
24 0.3984681087872023 0.5816516361460254 0.010198426479942325 0.0102910051773871
24 0.41877251986963693 0.5816516361460254 0.010198426479942325 0.0102910051773871
16 0.37001607939226366 0.5275854217973976 0.005755103270456783 0.03199173214744557
14 0.406574173153716 0.4953979053923505 0.01925277152933574 0.006261076144849134
23 0.4100297207780057 0.6098479928256482 0.00993004683573311 0.009531610850811407
18 0.45486871581948385 0.5979755942002857 0.00580520453495845 0.011180277768847245
34 0.4637763391585212 0.6002921954073644 0.009046455138641059 0.008812045008802713
19 0.46612067463778284 0.5908687099329075 0.005713065303722852 0.0038975798943813424
32 0.46120822087939417 0.6686355771186175 0.0038983269131285508 0.004498242183011292
16 0.4600996385264354 0.5277706304789896 0.006191697311663466 0.03199173214744563
17 0.494016684492226 0.6547549068181194 0.010499362693870272 0.025572156171047487
18 0.48943052535388565 0.5978610499505463 0.00580520453495845 0.011180277768847245
32 0.49591611668010827 0.6366505083567857 0.003898326913128551 0.004793475938100037
34 0.4984570677627277 0.6002508435441264 0.009287550012469272 0.008812045008802689
19 0.5007517998371709 0.5909059224698803 0.005713065303722852 0.0038975798943813424
23 0.5111984831482124 0.5728006346143859 0.009352520905642743 0.009232381284139626
17 0.5573420624309275 0.6549238151631588 0.010499362693870272 0.025572156171047487
14 0.5584267630785216 0.5254883422789418 0.0046042128826943 0.027243124716796286
18 0.5529476071435363 0.5980545704384068 0.00580520453495845 0.011180277768847245
32 0.5591630681227795 0.6368649670526095 0.0038983269131285508 0.004498242183011292
34 0.5618552304825734 0.6003711716454857 0.009046455138641059 0.008812045008802713
19 0.5641995659618353 0.5909476861710289 0.005713065303722852 0.0038975798943813424
17 0.5936866977426897 0.6548541284885147 0.010499362693870272 0.025572156171047487
14 0.5947713983902836 0.525418655604298 0.0046042128826943 0.027243124716796286
18 0.5892922424552983 0.597984883763763 0.00580520453495845 0.011180277768847245
32 0.5955077034345415 0.6367952803779656 0.0038983269131285508 0.004498242183011292
34 0.5981998657943353 0.6003014849708419 0.009046455138641059 0.008812045008802713
19 0.6005442012735971 0.590877999496385 0.005713065303722852 0.0038975798943813424
14 0.6221475058512126 0.5258002035292677 0.004591129862502805 0.027181935402767497
18 0.6172796670827508 0.6483675891544657 0.005357120981724009 0.009849396829301952
19 0.6273339281886179 0.6419688320143042 0.005108152506858527 0.0038975798943813415
17 0.7011406096998408 0.6547587057989258 0.010499362693870272 0.025572156171047487
14 0.7022253103474349 0.5253232329147091 0.0046042128826943 0.027243124716796286
18 0.6967461544124496 0.5978894610741744 0.00580520453495845 0.011180277768847245
32 0.7029616153916929 0.6366998576883768 0.0038983269131285508 0.004498242183011292
34 0.7056537777514862 0.6003747672841611 0.009046455138641059 0.008812045008802713
19 0.7080428431714497 0.5908669293082502 0.005504325580449288 0.0038975798943813424
17 0.7323399020278007 0.6547740042838746 0.010499362693870272 0.025572156171047487
14 0.7334246026753947 0.5253385313996577 0.0046042128826943 0.027243124716796286
18 0.7279454467404096 0.5979047595591233 0.00580520453495845 0.011180277768847245
32 0.7341609077196527 0.6367151561733259 0.0038983269131285508 0.004498242183011292
34 0.7368530700794461 0.60039006576911 0.009046455138641059 0.008812045008802713
19 0.7392421354994098 0.5908822277931992 0.005504325580449288 0.0038975798943813424
14 0.7669703328100884 0.5252811926231099 0.0046042128826943 0.027243124716796286
18 0.7614911768751033 0.5978474207825754 0.00580520453495845 0.011180277768847245
32 0.7677066378543461 0.6340850661024312 0.0038983269131285508 0.004498242183011292
34 0.7703988002141402 0.6003327269925625 0.009046455138641059 0.008812045008802713
19 0.7727878656341035 0.5908248890166515 0.005504325580449288 0.0038975798943813424
27 0.8209860226337483 0.6619923471228039 0.008159825546152603 0.008090171730360396
