15 0.044456785974325265 0.7330118538533956 0.06335318952866602 0.06429376838396217
15 0.9335065442083921 0.7331142259190652 0.0604834409001612 0.0636466136185523
17 0.16207383512465462 0.720559992586583 0.012314396012141899 0.03040232241980906
14 0.045588522524648775 0.5655567646588717 0.005337753502679116 0.03273803224509071
17 0.12124758295895097 0.7207203624660086 0.012633017010770374 0.03043664497020943
32 0.12342403164868183 0.6988527404963825 0.004320272191628115 0.005164532245527969
13 0.4536265243642182 0.10920285967648909 0.027630178226210313 0.04181512035726332
20 0.5258849568840671 0.5794773748641886 0.029597537401773125 0.061664745453654884
32 0.16421939292504803 0.6989672520452404 0.004358009083730819 0.005345634078955821
29 0.470450717851936 0.23840584098324824 0.01395837839661953 0.017812928618382743
12 0.6623590169169133 0.3151257927920685 0.023002277844609773 0.035500386012734926
18 0.11585960707566736 0.6525188584041373 0.006917916435318578 0.013360388164752183
18 0.03879054929400596 0.6525289845718251 0.006827799334070719 0.013263337113854133
1 0.4388208472240464 0.45684396494748647 0.023190917375567218 0.03428504957827547
1 0.6244035040581877 0.4568132003608792 0.024805279361295226 0.03462242391992417
23 0.23046141074366946 0.644483692757783 0.011417284045787724 0.011046238703487426
19 0.20609876981598557 0.7052078788971654 0.005691183561812989 0.004304085075179593
4 0.4328100427801568 0.3488728092304118 0.005679170098521235 0.010243819725006416
18 0.19402678834647996 0.7127826680539934 0.006322721959931 0.011743870870832755
2 0.42782473209089217 0.32859973760676703 0.015105281831124346 0.013000631297256897
19 0.05230547556399205 0.6441002320478267 0.0065223184726449415 0.005032470656854965
20 0.45896099100488086 0.5793317289881899 0.02781272488300635 0.060725402321754204
32 0.04633722560457093 0.6974757405653138 0.004368164798802229 0.00528034946920829
24 0.4969103017502994 0.6278478064558584 0.012032839212115289 0.011919988840521695
31 0.42953381549880354 0.5165771885771497 0.013961865387554553 0.010079830676240546
23 0.5530870521125706 0.18196769733125184 0.012026083929229098 0.01098685089207201
24 0.49545893199357993 0.5076179585903402 0.012025807105985135 0.011357628009410613
19 0.1294124689137679 0.6440401850063351 0.006441514134840482 0.004921146040758625
24 0.49739292853540457 0.09780672380206674 0.010120835060360918 0.009211092286761495
11 0.4468239577551142 0.13431323570809708 0.013025074686377713 0.009895700497264086
3 0.43246771837586456 0.14866314016094276 0.0243859320597862 0.012802173536397598
4 0.4328657635770517 0.25215322140833946 0.005686419594231419 0.009913048331844752
2 0.42701457287432587 0.2651685376568144 0.016521363161775042 0.010919783853470335
22 0.5759766910702289 0.1819682408397992 0.011811643237488954 0.011009774948318108
22 0.45667516754318177 0.38751332975331537 0.011811643237488954 0.011009774948318108
13 0.6388764619039251 0.10882102387457245 0.0278234553733218 0.041541756298809594
29 0.6557629451176343 0.24118109693904752 0.01395837839661953 0.017812928618382743
4 0.6179757999612552 0.34881437052022923 0.0055799883614126725 0.010134751088044514
2 0.6130070195615112 0.3299752432423746 0.015237524147268644 0.015759451351873562
23 0.7336552039491707 0.18822213221282513 0.012026083929229098 0.01098685089207201
24 0.6825997319026789 0.09750042128075201 0.010120835060360918 0.009211092286761495
11 0.6324431103349586 0.13237067362688085 0.013956781913762246 0.006792559295614955
3 0.6177863202371995 0.14059293692605904 0.02438593205978617 0.010791508072863044
4 0.6181779908427502 0.2560882036727303 0.005686419594231419 0.009913048331844752
2 0.6131378727666916 0.2691035199212053 0.015097929127293797 0.010919783853470321
22 0.7565448429068289 0.1882226757213725 0.011811643237488954 0.011009774948318108
24 0.7519574388543545 0.2844330378399585 0.011245215831936555 0.010700764028433623
36 0.7515509577589572 0.2982610476822636 0.027396660472090276 0.010542966441739203
22 0.6418369436138466 0.3859119689496857 0.011811643237488954 0.011009774948318108
11 0.4214064614152076 0.42263248802057923 0.013799538586647226 0.010032622139364648
11 0.6065591912010837 0.42322206892113123 0.013799538586647226 0.010032622139364648
35 0.4739557364786966 0.4857325858281558 0.00820067662993686 0.011711892526780116
26 0.3776490707612469 0.4660298702872471 0.03573524048830333 0.011135940527874229
24 0.6806483740668685 0.5075686704979365 0.012025807105985135 0.011357628009410613
35 0.6591451785519851 0.4857517585568022 0.008200676629936862 0.011574970884679792
31 0.6228418747532447 0.5169907990758881 0.011016167795426886 0.01007983067624054
26 0.6790458496142726 0.4660846841783851 0.03668077304873844 0.011135940527874229
8 0.5298209434928348 0.3046630578968948 0.00414579599343596 0.0037723966783183155
34 0.04954986780511955 0.6557316877669004 0.010777748765810892 0.00935193238853273
27 0.08463206539490555 0.7305564954267662 0.00956297740717384 0.009274643691106805
22 0.07575304284025097 0.6147202823490576 0.01122092582779153 0.011264916918269191
34 0.1266650975101269 0.655758082377045 0.010777748765810892 0.00935193238853273
18 0.15660887225832237 0.6526038759713056 0.006917916435318578 0.013360388164752183
19 0.17016173409642285 0.6441252025735038 0.006441514134840482 0.004921146040758625
34 0.16745471369705714 0.6557500482748853 0.010777748765810892 0.00935193238853273
14 0.12263111220124662 0.5655437800177363 0.005337753502679116 0.03273803224509071
14 0.1633481645260496 0.5654526586649181 0.005337753502679116 0.03273803224509071
14 0.1998775453301056 0.5659993867818255 0.005337753502679116 0.03273803224509071
22 0.25300872564637816 0.6444369330958404 0.011417284045787724 0.011046238703487426
31 0.2039431942893893 0.7267009164821994 0.010320851563530197 0.00893951217019861
17 0.2928592695229478 0.7205059989270272 0.012314396012141899 0.03040232241980906
32 0.2950048273233412 0.6989132583856845 0.004358009083730819 0.005345634078955821
18 0.2873943066566155 0.6525498823117495 0.006917916435318578 0.013360388164752183
19 0.30094716849471603 0.6440712089139479 0.006441514134840482 0.004921146040758625
34 0.29824014809535027 0.6556960546153294 0.010777748765810892 0.00935193238853273
14 0.2941335989243428 0.5653986650053623 0.005337753502679116 0.03273803224509071
17 0.3306838713580846 0.7205426232887033 0.012314396012141899 0.03040232241980906
32 0.3328294291584781 0.6989498827473605 0.004358009083730819 0.005345634078955821
18 0.32521890849175233 0.6525865066734257 0.006917916435318578 0.013360388164752183
19 0.3387717703298528 0.644107833275624 0.006441514134840482 0.004921146040758625
34 0.33606474993048707 0.6557326789770056 0.010777748765810892 0.00935193238853273
14 0.3319582007594797 0.5654352893670385 0.005337753502679116 0.03273803224509071
17 0.39749850302332407 0.720575409623446 0.012314396012141899 0.03040232241980906
32 0.3996440608237177 0.6989826690821032 0.004358009083730819 0.005345634078955821
18 0.392033540156992 0.6526192930081685 0.006917916435318578 0.013360388164752183
19 0.40558640199509227 0.6441406196103666 0.006441514134840482 0.004921146040758625
34 0.4028793815957266 0.6557654653117478 0.010777748765810892 0.00935193238853273
14 0.39877283242471934 0.5654680757017811 0.005337753502679116 0.03273803224509071
22 0.3623666577566385 0.6146641002404203 0.011417284045787724 0.011046238703487426
18 0.4302033726340385 0.6526352325199646 0.006917916435318578 0.013360388164752183
19 0.4437562344721389 0.644156559122163 0.006441514134840482 0.004921146040758625
34 0.441049214072773 0.6557814048235443 0.010777748765810892 0.00935193238853273
32 0.43783183127467323 0.7330115326520549 0.004358009083730816 0.005521290209469336
16 0.43631643937857356 0.5684064414253875 0.006964543517783003 0.03829246301420953
14 0.46678166290696316 0.5313173339210343 0.017841472082691757 0.0058276566679140085
24 0.47068413785475516 0.6330134865896504 0.012032839212115289 0.011919988840521695
18 0.5620256812223862 0.6525950320667343 0.006917916435318578 0.013360388164752183
19 0.5755785430604863 0.6441163586689327 0.006441514134840482 0.004921146040758625
34 0.5728715226611203 0.6557412043703138 0.010777748765810892 0.00935193238853273
32 0.5696541398630207 0.7329713321988245 0.004358009083730816 0.005521290209469336
16 0.5681387479669211 0.5683662409721574 0.006964543517783003 0.03829246301420953
17 0.6081950357972622 0.7206438704444964 0.012314396012141899 0.03040232241980906
32 0.6103405935976558 0.6990511299031535 0.004358009083730819 0.005345634078955821
18 0.6027300729309304 0.6526877538292191 0.006917916435318578 0.013360388164752183
19 0.6162829347690304 0.6442090804314171 0.006441514134840482 0.004921146040758625
34 0.6135759143696649 0.6558339261327981 0.010777748765810892 0.00935193238853273
14 0.6094693651986575 0.5655365365228316 0.005337753502679116 0.03273803224509071
17 0.6823704309399413 0.7205945637704414 0.012314396012141899 0.03040232241980906
32 0.6845159887403347 0.6990018232290987 0.004358009083730819 0.005345634078955821
18 0.6769054680736094 0.6526384471551638 0.006917916435318578 0.013360388164752183
19 0.6904583299117095 0.6441597737573623 0.006441514134840482 0.004921146040758625
34 0.6877513095123434 0.6557846194587436 0.010777748765810892 0.00935193238853273
14 0.6836447603413366 0.5654872298487765 0.005337753502679116 0.03273803224509071
17 0.7193202083190522 0.7206198030401822 0.012314396012141899 0.03040232241980906
32 0.7214657661194454 0.6990270624988396 0.004358009083730819 0.005345634078955821
18 0.7138552454527204 0.6526636864249046 0.006917916435318578 0.013360388164752183
19 0.7274081072908203 0.6441850130271031 0.006441514134840482 0.004921146040758625
34 0.7247010868914542 0.6558098587284846 0.010777748765810892 0.00935193238853273
14 0.7205945377204472 0.5655124691185172 0.005337753502679116 0.03273803224509071
19 0.762910959333733 0.7052708620572221 0.005691183561812989 0.004304085075179593
18 0.7508389778642273 0.7128456512140501 0.006322721959931 0.011743870870832755
31 0.7607553838071364 0.7267638996422563 0.010320851563530197 0.00893951217019861
23 0.7873500791338769 0.6445904932292399 0.011417284045787724 0.011046238703487426
14 0.7567662137203135 0.5661061872532823 0.005337753502679116 0.03273803224509071
22 0.809897394036586 0.6445437335672974 0.011417284045787724 0.011046238703487426
17 0.8493503837029767 0.7205725760532233 0.012314396012141899 0.03040232241980906
32 0.8514959415033697 0.6989798355118808 0.004358009083730819 0.005345634078955821
18 0.8438854208366446 0.6526164594379459 0.006917916435318578 0.013360388164752183
19 0.8574382826747446 0.6441377860401444 0.006441514134840482 0.004921146040758625
34 0.8547312622753784 0.6557626317415256 0.010777748765810892 0.00935193238853273
14 0.8507247131043715 0.5654652421315585 0.005337753502679116 0.03273803224509071
17 0.8863529078300328 0.7206316214637778 0.012314396012141899 0.03040232241980906
32 0.8884984656304258 0.6990388809224352 0.004358009083730819 0.005345634078955821
18 0.8808879449637007 0.6526755048485005 0.006917916435318578 0.013360388164752183
19 0.8944408068018008 0.644196831450699 0.006441514134840482 0.004921146040758625
34 0.891733786402435 0.6558216771520802 0.010777748765810892 0.00935193238853273
14 0.8877272372314277 0.5655242875421129 0.005337753502679116 0.03273803224509071
18 0.9271635995537458 0.6526419553474335 0.006917916435318578 0.013360388164752183
19 0.9407164613918461 0.6441632819496317 0.006441514134840482 0.004921146040758625
34 0.9380094409924805 0.6557881276510134 0.010777748765810892 0.00935193238853273
14 0.9340028918214727 0.5654907380410458 0.005337753502679116 0.03273803224509071
22 0.9643519692319827 0.614589838787866 0.011217284045787701 0.011046238703487426
32 0.934838472996589 0.6975563334799747 0.004358009083730819 0.005345634078955821
27 0.9732605501387626 0.730508406386883 0.009521446762434209 0.009258413064647612
22 0.6397397303618678 0.614754378268319 0.011417284045787724 0.011046238703487426
22 0.4856412168441009 0.5696786596509137 0.011217284045787701 0.0110462387034874
