12 0.041531428154674706 0.38589049934280983 0.0260850196210676 0.0356498527742237
11 0.1493834254729299 0.364154931231615 0.0090067557653618 0.00657921975418998
11 0.27564291529052776 0.22993735914012897 0.00960250663939501 0.0071529660238495
11 0.4208791235142557 0.364484363564495 0.0089245891137735 0.00687921975418995
11 0.5196282360692497 0.22997853805630897 0.0095701342098432 0.0071792197541899905
11 0.657889033758685 0.229942687509192 0.0097901023978882 0.007379219754189989
0 0.1565265789196069 0.3979407615300948 0.0188761774109018 0.0433498892001096
0 0.4280270235323069 0.3981817585102578 0.0182761774109018 0.04284988920010959
20 0.3921278291357828 0.5369935397069621 0.023403084237436443 0.050453842313230315
20 0.4402472197061137 0.5369534721087487 0.0241088610011133 0.0505346925684913
13 0.28296333246355965 0.20410107639747924 0.022271023668341564 0.03489679200958072
13 0.5269988054836822 0.20416049098596248 0.0222382885495162 0.0351128616529049
13 0.665355342238476 0.20414701494606188 0.022238288549516164 0.035115580674217745
2 0.03945341726355805 0.27838205265581917 0.011697972666660299 0.0151366262012643
4 0.042799741259564685 0.29972766774794474 0.00464600150229757 0.0085928262682855
2 0.03814595611588845 0.3205677458014074 0.0139771153144975 0.019175665705760802
2 0.0952061713080503 0.32657742951271584 0.016628068313278198 0.0141355414130797
4 0.10115885320276469 0.30217255612710675 0.0047460015022975695 0.0084928262682855
2 0.09537730819282039 0.27696125349599127 0.016295972382565402 0.0099980993438525
22 0.1420098090045399 0.2429827299423935 0.010211197874269799 0.009638574714627
2 0.09522275462954663 0.18917826545405692 0.0166280683132779 0.0176629340786698
4 0.2155848767870548 0.3168868491139987 0.00464600150229757 0.0085928262682855
2 0.20942973251945168 0.27686741123154424 0.0169959723825654 0.0099980993438525
2 0.20914421943683018 0.3286803543555667 0.0176286832585903 0.009991112157147401
2 0.3670906470319207 0.27683446289937225 0.0165959723825654 0.0099980993438525
2 0.3670429185838826 0.3264676213865313 0.0166403498114472 0.0141421229420686
4 0.37290474654095573 0.3021295963603157 0.00484600150229757 0.0083928262682855
2 0.20977529107944193 0.19012267465408292 0.0164280683132779 0.0158629340786698
2 0.36653855913792655 0.1890786527617094 0.0174187113313811 0.0176224558298888
4 0.4595868672281438 0.31678437686824973 0.00484600150229757 0.0089928262682855
2 0.45301083342627896 0.32850937737806796 0.017874549093452 0.0100182833422819
2 0.4537853730409057 0.1900723180362804 0.0166303778842373 0.0159483112489588
2 0.4535001824785492 0.27686629577101923 0.0171447819876684 0.0100953777207925
22 0.2890252921844249 0.2659192132892315 0.0101111978742698 0.009538574714627
23 0.264238089535168 0.26590843223374416 0.0100120057148119 0.0094606387421823
24 0.3187749670401047 0.1964875371897822 0.010913572527275399 0.0105203986183064
29 0.23955112137133075 0.32595016763187185 0.0118913450657015 0.0156170219874917
22 0.41380264880824186 0.2428865241592035 0.0103111978742698 0.010038574714627
22 0.5329323611201499 0.2658938089281195 0.0104111978742698 0.009738574714627
23 0.508193688090988 0.2659443520014371 0.0105120057148119 0.0097606387421823
29 0.4835975479393548 0.3257906581245138 0.012191345065701499 0.0156170219874917
29 0.6219149955017318 0.3259182220077788 0.0123913450657015 0.0159170219874917
2 0.59149231700663 0.3286461212965339 0.017774549093452 0.010218283342281899
4 0.5978749513799038 0.31689440176677375 0.00494600150229757 0.0085928262682855
2 0.5918795720669542 0.2768763442350852 0.017344781987668402 0.0099953777207925
22 0.671369176786436 0.2658401445600585 0.0104111978742698 0.009738574714627
23 0.646488610589025 0.26589186682014115 0.0102120057148119 0.009760638742182302
24 0.5627764549440667 0.1964770731198172 0.010913572527275399 0.0105203986183064
24 0.7011596354005498 0.1965307428860262 0.0108135725272754 0.010620398618306399
2 0.5921046711489437 0.19004012165385237 0.0166303778842373 0.0158483112489588
24 0.06632992916793505 0.4287138121137184 0.012895103142131098 0.0100645755954368
36 0.07567238773889011 0.4471436871369413 0.022800392284483204 0.010442246138792499
26 0.1121416178378279 0.40949194102993625 0.019101849115100707 0.009099292087798498
35 0.18972519398364962 0.4707190287666829 0.00692211898314723 0.0098715187993558
24 0.2114879695718153 0.45273463086304644 0.0101885505166346 0.0099127986659509
24 0.37724037084266127 0.44815280896013443 0.010688550516634601 0.0103127986659509
35 0.39508893457060557 0.4661520952867209 0.00712211898314723 0.0100715187993558
26 0.383918637357732 0.4092215904291783 0.01929853179777251 0.009018335590236593
15 0.06906475317838072 0.6657094625401654 0.05343316416631991 0.05767809772134727
27 0.10180461449555427 0.6630949462047583 0.008065759329997545 0.007731451474063299
34 0.07072411101299239 0.6023595077142345 0.009577314476557497 0.006063470365617376
18 0.06165500378672523 0.5979858189790653 0.006341992820048767 0.012717118513488158
19 0.07292645466235735 0.5908120598176105 0.006630265220960067 0.005217279390149039
23 0.08704442075467168 0.565766984252246 0.009401327972290324 0.009253656075332434
22 0.10322410018331085 0.5656603257309123 0.010284046520325656 0.010215531886612611
14 0.06739659939157942 0.5253903023407196 0.00455013905786163 0.027628716560059198
34 0.1255834309709272 0.6021883551655336 0.009577314476557497 0.006063470365617376
18 0.1164095770664945 0.5978664655610166 0.006341992820048767 0.012717118513488158
19 0.1276003188833047 0.5909289779212853 0.006630265220960067 0.005217279390149039
22 0.15697676932566987 0.5689804871788493 0.010284046520325656 0.010215531886612611
14 0.12224637324218182 0.5253931596986836 0.00455013905786163 0.027528716560059202
14 0.16879424758634684 0.5254061996796255 0.00465013905786163 0.0274287165600592
14 0.19414283678727082 0.5257822796415106 0.00455013905786163 0.027528716560059202
22 0.2382641711806184 0.5800432581193912 0.010284046520325656 0.010215531886612611
17 0.12094551416232661 0.6550518815866917 0.012134045313660692 0.027482676100149064
17 0.16768405907420486 0.6550518815866917 0.012134045313660692 0.027482676100149064
31 0.19660270595037058 0.6616113154185095 0.008301668601443858 0.0057210729312602415
18 0.16303302681816953 0.5979296297585224 0.006341992820048767 0.012717118513488158
19 0.17419373139494307 0.59095588410776 0.006630265220960067 0.005217279390149039
34 0.17229929274828526 0.6020048713066152 0.009577314476557497 0.006063470365617376
18 0.1892323097227433 0.6482524711548973 0.005995459505655266 0.01124718630363975
19 0.19945425080882317 0.6419639367621702 0.006630265220960067 0.005217279390149039
14 0.2743678980028338 0.5253658120216536 0.00455013905786163 0.027628716560059198
14 0.30676972468355485 0.5254351654397016 0.00465013905786163 0.027528716560059202
14 0.3388774321199278 0.5253464586036045 0.00465013905786163 0.027628716560059198
34 0.27750687640121274 0.6026325752332424 0.009577314476557497 0.006063470365617376
18 0.2686557491693034 0.5978349720246895 0.006341992820048767 0.012717118513488158
19 0.27994482350097716 0.5909467855138518 0.006630265220960067 0.005217279390149039
17 0.2736117432269351 0.65507238852609 0.012134045313660692 0.027482676100149064
17 0.30572895195213085 0.6547319551182673 0.012134045313660692 0.027482676100149064
17 0.3382275428595478 0.6546126017002188 0.012134045313660692 0.027482676100149064
34 0.31000348312193393 0.6023393384462137 0.009577314476557497 0.006063470365617376
34 0.34208001440717667 0.6024586918642624 0.009577314476557497 0.006063470365617376
34 0.3737012417164148 0.5952080928281892 0.00917731447655749 0.008928586553792561
19 0.3124356184216343 0.5910170977349385 0.006630265220960067 0.005217279390149039
19 0.34456681632801905 0.5909184585464685 0.00553026522096007 0.00421727939014904
19 0.376049204629302 0.5857878599344986 0.00563026522096007 0.0044172793901490395
18 0.30120229372361057 0.5977264689173726 0.006341992820048767 0.012717118513488158
18 0.33335556312197584 0.5978349720246895 0.006341992820048767 0.012717118513488158
18 0.3648414513891154 0.5928438290881072 0.006141992820048769 0.011317118513488201
32 0.3709877413847496 0.6684903585693686 0.005092620234499191 0.006312908062080344
31 0.15441129784728072 0.45586511855709444 0.00855669897613873 0.0076156292377069605
24 0.4044522294671692 0.5816471557738884 0.0102316692843064 0.0102448674855806
24 0.4188034232763792 0.5816957949623582 0.010131669284306399 0.0101448674855806
16 0.36994663793783766 0.5278450829614245 0.006111178585641291 0.0319984674969929
16 0.46011239471578264 0.5277200757601714 0.006111178585641291 0.0319984674969929
14 0.4066290718578538 0.49555709668365183 0.0195583938889156 0.00652601344049766
22 0.43082562385415085 0.5158495301362863 0.0095840465203257 0.009715531886612599
34 0.46386897702584073 0.6002828297493208 0.00907731447655748 0.00871720006135994
18 0.4548798151539454 0.5979607221153961 0.00594199282004877 0.011317118513488201
19 0.46614607699126204 0.5909090419573065 0.00583026522096007 0.00411727939014904
19 0.500782310940173 0.5909513460088835 0.00553026522096007 0.00421727939014904
19 0.564233776424216 0.5908319771502515 0.0057302652209600706 0.00421727939014904
19 0.600407520049281 0.5908769875278255 0.00563026522096007 0.00431727939014904
19 0.7079782859833951 0.5908867682552664 0.00553026522096007 0.00421727939014904
19 0.739194310586236 0.5908470962657486 0.00543026522096007 0.00431727939014904
19 0.772666612747893 0.5909074242762304 0.0053302652209600695 0.00421727939014904
18 0.4894810782500914 0.5978741899627131 0.00594199282004877 0.0112171185134882
18 0.5529564162363174 0.5979504352947062 0.006041992820048771 0.011317118513488201
18 0.5891478559982724 0.5978666937684761 0.00594199282004877 0.011317118513488201
18 0.6966420923662675 0.5979893224712801 0.006041992820048771 0.0112171185134882
18 0.7279446906266774 0.5978542593460731 0.006041992820048771 0.011317118513488201
18 0.7613106507955143 0.5978556201576031 0.00594199282004877 0.011317118513488201
34 0.49831801608652776 0.6004825690779285 0.00887731447655749 0.00888269901205504
34 0.5619638569288907 0.6003410231775991 0.0089773144765575 0.00882959922191576
34 0.5982202939385467 0.6003434172525097 0.00927731447655749 0.00882753269515744
34 0.7057422175470437 0.6004315839099447 0.0091773144765575 0.008884765538813531
34 0.7368402176635018 0.6004336504367042 0.00927731447655749 0.00888063248529543
34 0.7702695831899438 0.6003111480764222 0.0091773144765575 0.00878476553881436
32 0.46113091627198827 0.6686794997057162 0.005092620234499191 0.006312908062080344
17 0.494229802571465 0.6543278365590368 0.012134045313660692 0.027482676100149064
17 0.5572329445866401 0.6550100148670606 0.012134045313660692 0.027482676100149064
17 0.593760286432993 0.6547930086524266 0.012134045313660692 0.027482676100149064
17 0.7010964516512398 0.6549449260923117 0.012134045313660692 0.027482676100149064
17 0.7323288636921339 0.6545868658381658 0.012134045313660692 0.027482676100149064
32 0.4958090479445072 0.6363500392151168 0.005092620234499191 0.006312908062080344
32 0.5594548318840268 0.6363375840605314 0.005092620234499191 0.006312908062080344
32 0.5956118355964501 0.6367708369680484 0.005092620234499191 0.006312908062080344
32 0.7030112352885218 0.6368351485407403 0.005092620234499191 0.006312908062080344
32 0.7342937661329878 0.6365019594344103 0.005092620234499191 0.006312908062080344
32 0.7678897120580576 0.634234244491485 0.005092620234499191 0.006312908062080344
32 0.3393493417520936 0.6368614521442835 0.005092620234499191 0.006312908062080344
32 0.30761045816459026 0.6366227453081861 0.005092620234499191 0.006312908062080344
32 0.2751118672571733 0.6367420987262347 0.005092620234499191 0.006312908062080344
32 0.16944145265312208 0.6365833157297601 0.005092620234499191 0.006312908062080344
32 0.12279596195584838 0.6370334426656092 0.005092620234499191 0.006312908062080344
32 0.0680628022820122 0.6357540962900162 0.005092620234499191 0.006312908062080344
15 0.7684252420414451 0.664430597825623 0.05365001892846201 0.05791700973302783
27 0.8013937368744726 0.6617109926452326 0.007912292122110755 0.007508735204232034
22 0.5301519567899199 0.5722283172525413 0.0095840465203257 0.009715531886612599
23 0.5138408348858602 0.572585998924924 0.009514135788992401 0.009479057570866
14 0.49518291942246784 0.5254552024796776 0.00455013905786163 0.027628716560059198
14 0.5586727617293868 0.5254541642347745 0.00455013905786163 0.0274287165600592
14 0.5948028800801218 0.5254115170441376 0.00445013905786163 0.0274287165600592
14 0.6222483864648868 0.5254530139368206 0.00455013905786163 0.027528716560059202
23 0.6411644585095041 0.574791604554879 0.0097141357889924 0.009579057570866
22 0.6663021379893277 0.5748198128639033 0.0095840465203257 0.009615531886612601
14 0.7023141244381947 0.5253993138181876 0.00445013905786163 0.0274287165600592
14 0.7334642736316037 0.5255503048680297 0.00465013905786163 0.027528716560059202
14 0.7670178166298729 0.5254058872321906 0.00455013905786163 0.027528716560059202
22 0.7878644081663169 0.5668255403255823 0.0096840465203257 0.009715531886612599
31 0.6247931396311541 0.6617008783373949 0.007917088073886911 0.005514127913849844
19 0.6274316449138728 0.6420246024752665 0.006630265220960067 0.005217279390149039
18 0.6172824984129814 0.6484750907291429 0.006341992820048753 0.01157179633331611
9 0.26107264723225554 0.19719033150256896 0.0075495772722251 0.00722150194960392
9 0.5052008452121565 0.197239281069975 0.0078495772722251 0.00742150194960392
9 0.6435437558337757 0.19714081125275792 0.0076495772722250995 0.00732150194960392
31 0.4299515693858282 0.4522343334321289 0.0074251102352663 0.0095835684239919
23 0.1409277466160337 0.56924616317802 0.009401327972290324 0.009253656075332434
23 0.21317462263495215 0.5800617745176206 0.009401327972290324 0.009253656075332434
