12 0.09664374257155116 0.2220714284198827 0.02686436564142622 0.03014031356384747
11 0.2962538602061841 0.06524128868923122 0.006740796627465409 0.01882165431635855
0 0.31492981479157267 0.4425431462660833 0.009741707453211986 0.023383393242905847
20 0.46879752427757376 0.5775273481644957 0.028426597773635497 0.061633329636863306
13 0.2648990556427332 0.3631338702700425 0.0232258664023564 0.042269562600015
11 0.30919395786589776 0.41939409007764294 0.006849284157877977 0.005318209739540202
36 0.08422712999404418 0.3028003737764574 0.018393952659598825 0.009247447583692843
24 0.08823873785388385 0.31863707767629706 0.01039166504877202 0.008995636677681147
2 0.1520252550129821 0.17374091976726988 0.0157994202421102 0.0220397782367318
10 0.1480540324612618 0.19808636302599447 0.0148765417716056 0.0102434728628669
4 0.156552305003959 0.21657423087278868 0.006653308616444027 0.011779082060795764
10 0.17965782441687225 0.1212664490940925 0.014457855437852562 0.010406476867813298
10 0.2072863110234114 0.1211495499392362 0.01449091601688834 0.010453236529755367
2 0.21476107735704553 0.16347912394077674 0.012964054108393247 0.0176539669370867
10 0.21145967761882775 0.18367033905130425 0.011323524592451516 0.02266100065712255
2 0.24176915308231062 0.1601560409054224 0.012964054108393418 0.01119204658828106
4 0.23237635181293834 0.2248754248390044 0.00577628848115887 0.011812633426811475
23 0.26357155636272356 0.2990931190688717 0.00939323235914793 0.009040082083409427
24 0.2803636380451986 0.313592804479271 0.007652469663776956 0.007315335615322988
10 0.21900411299589215 0.34266187943812854 0.0166560243435643 0.010402216704265
10 0.21905411299589214 0.36599008132246647 0.0167560243435643 0.010202216704264999
2 0.22841442548983884 0.3518879409611256 0.0137085996719237 0.010930273127127198
31 0.23814461994211222 0.3803249874826032 0.012493864034603836 0.01965861681481404
2 0.24521934549579127 0.35560030615968763 0.00774577933540456 0.0192938422897732
10 0.3295163702404931 0.33417484740569164 0.016674125146188393 0.010050534091335907
10 0.3294926735531225 0.36600746279720126 0.016601391872309884 0.010410583488294269
2 0.3388982121244634 0.35188005080088275 0.013835800385367934 0.010824283629785391
4 0.3424147861829243 0.22543308574734655 0.0065341484730905034 0.011733142001509529
10 0.32639205901236173 0.19814246351536913 0.01587583423623048 0.010253581308520438
2 0.33000883865234987 0.18454014210465178 0.016864619661575916 0.018821455221208302
2 0.3561554593965384 0.18070099074005655 0.013462517475045021 0.011174703004579118
31 0.30945526635314863 0.05680430595246874 0.012563709355980633 0.006091099556441119
24 0.36077005217114844 0.4755423403614234 0.009762452633603804 0.009279068828081716
35 0.34429653012561945 0.4581462192018462 0.006648847623089616 0.009348665830763126
26 0.2775037843305094 0.44914803362258354 0.01995756424632575 0.00912219986632025
30 0.3768361332128039 0.07452887233411083 0.03855255788570659 0.011455086378690643
31 0.31758081179479286 0.4834185159254893 0.009012664942138699 0.006195691460625867
32 0.3443678642573855 0.38779940324168427 0.00392138880143286 0.005427427053203984
5 0.7197713613001369 0.13046977360349848 0.004913867584679541 0.011773871440431157
14 0.0500630927819873 0.5633477335344456 0.0052443979270341955 0.03343417625976714
34 0.053970344247846906 0.6567247405093353 0.010596187781773413 0.007613210632986783
19 0.056874645051849304 0.6436803678446787 0.006557123249949316 0.004580118031937388
18 0.04311937781571281 0.6523187857727613 0.006992069952824205 0.013412493879435074
32 0.050785174482765566 0.6917432963668375 0.004338605308854586 0.005703826206883287
27 0.08352640596243871 0.6819492062538205 0.009742182434308667 0.009483005756430215
15 0.05303149767819127 0.7327184926543632 0.07569505362478668 0.07353602442930224
32 0.11692253150134237 0.699874467755567 0.004338605308854768 0.005387645171960467
17 0.11474215598486874 0.7242454527033945 0.01251097962996761 0.03570724151693368
23 0.14158857069591613 0.627434079321334 0.011342670864557602 0.011338204119645314
23 0.23261448909780988 0.621266525649851 0.011311141405719266 0.011173840704192774
34 0.42426767692115136 0.6567802873186984 0.010460903892357628 0.007612696276705398
18 0.4133145469419929 0.6523561515258259 0.006992433619194075 0.013413008235717661
19 0.4271139300261136 0.643656835530172 0.006504027960017655 0.004732367491223926
16 0.4193883777555889 0.5662014767978594 0.00689392160137966 0.0390853313443528
24 0.4592990134185686 0.6360094410460442 0.009805828755532545 0.009227476770551414
24 0.5064795702368499 0.6419577936109953 0.009805828755533189 0.009244450527834012
23 0.4966857196528936 0.6252250020296697 0.011495347832424367 0.011010365864638867
14 0.4888561600028325 0.5268274506304592 0.021436457847287437 0.00770183439451773
32 0.4210114963941518 0.739038384267132 0.004313766406498199 0.005563301302473855
23 0.6604885107515384 0.6305396185661604 0.01147760289179778 0.011473083770919282
32 0.31510424741191245 0.40839859931919575 0.0037698714970580333 0.004858301190339345
36 0.11719024974933301 0.3028003737764574 0.018393952659598825 0.009247447583692843
24 0.1241060972351893 0.31863707767629706 0.01039166504877202 0.008995636677681147
12 0.12954877753431965 0.22207142841988273 0.02686436564142622 0.03014031356384747
2 0.1878478855763227 0.17390800866206518 0.0157994202421102 0.0220397782367318
10 0.1838766630246024 0.1982534519207898 0.014876541771605599 0.0102434728628669
11 0.47958331700725254 0.06525064089322327 0.006740796627465409 0.01882165431635855
13 0.4482285124438014 0.36314322247403424 0.0232258664023564 0.042269562600015
2 0.3980905341581141 0.1634884761447688 0.012964054108393247 0.0176539669370867
10 0.39478913441989605 0.18367969125529618 0.011323524592451516 0.02266100065712255
2 0.4250986098833793 0.16016539310941436 0.012964054108393418 0.01119204658828106
4 0.41570580861400686 0.22488477704299625 0.00577628848115887 0.011812633426811475
23 0.446901013163792 0.29910247127286366 0.00939323235914793 0.009040082083409427
24 0.46369309484626714 0.3136021566832629 0.007652469663776956 0.007315335615322988
10 0.4023335697969605 0.3426712316421204 0.0166560243435643 0.010402216704265
10 0.4023835697969605 0.36599943352645825 0.0167560243435643 0.010202216704264999
2 0.4117438822909073 0.3518972931651174 0.0137085996719237 0.010930273127127198
31 0.4214740767431806 0.38033433968659486 0.012493864034603836 0.01965861681481404
2 0.4285488022968599 0.3556096583636794 0.00774577933540456 0.0192938422897732
31 0.49278472315421706 0.0568136581564608 0.012563709355980633 0.006091099556441119
0 0.4978809344745252 0.4425431462660833 0.009741707453211986 0.023383393242905847
11 0.49214507754885056 0.41939409007764267 0.006849284157877977 0.005318209739540202
10 0.5124674899234456 0.3341748474056914 0.016674125146188393 0.010050534091335907
10 0.5124437932360754 0.366007462797201 0.016601391872309884 0.010410583488294269
2 0.5218493318074162 0.3518800508008825 0.013835800385367934 0.010824283629785391
4 0.5253659058658771 0.2254330857473463 0.0065341484730905034 0.011733142001509529
10 0.5093431786953146 0.19814246351536888 0.01587583423623048 0.010253581308520438
2 0.5129599583353024 0.18454014210465158 0.016864619661575916 0.018821455221208302
2 0.5391065790794909 0.1807009907400563 0.013462517475045021 0.011174703004579118
24 0.543721171854101 0.47554234036142334 0.009762452633603804 0.009279068828081716
35 0.5272476498085722 0.45814621920184584 0.006648847623089616 0.009348665830763126
26 0.460454904013462 0.44914803362258326 0.01995756424632575 0.00912219986632025
31 0.5005319314777453 0.4834185159254891 0.009012664942138699 0.006195691460625867
32 0.5273189839403382 0.38779940324168405 0.00392138880143286 0.005427427053203984
32 0.4980553670948651 0.40839859931919553 0.0037698714970580333 0.004858301190339345
11 0.661876822426935 0.0652506408932233 0.006740796627465409 0.01882165431635855
13 0.6305220178634837 0.3631432224740341 0.0232258664023564 0.042269562600015
2 0.5803840395777963 0.16348847614476877 0.012964054108393247 0.0176539669370867
10 0.5770826398395785 0.18367969125529618 0.011323524592451516 0.02266100065712255
2 0.6073921153030615 0.1601653931094143 0.012964054108393418 0.01119204658828106
4 0.5979993140336891 0.2248847770429962 0.00577628848115887 0.011812633426811475
23 0.6291945185834744 0.29910247127286366 0.00939323235914793 0.009040082083409427
24 0.6459866002659496 0.3136021566832628 0.007652469663776956 0.007315335615322988
10 0.5846270752166427 0.3426712316421204 0.0166560243435643 0.010402216704265
10 0.5846770752166427 0.36599943352645803 0.0167560243435643 0.010202216704264999
2 0.5940373877105894 0.3518972931651173 0.0137085996719237 0.010930273127127198
31 0.6037675821628631 0.38033433968659475 0.012493864034603836 0.01965861681481404
2 0.6108423077165424 0.3556096583636792 0.00774577933540456 0.0192938422897732
31 0.6750782285738991 0.056813658156460806 0.012563709355980633 0.006091099556441119
30 0.5602228685845037 0.07461051709394077 0.03855255788570659 0.011455086378690643
30 0.7410633882401595 0.07755433239910171 0.03855255788570659 0.011455086378690643
5 0.7198197652939037 0.1476534396871124 0.004913867584679541 0.011773871440431157
14 0.11621631116506564 0.5633428055038578 0.0052443979270341955 0.03343417625976714
34 0.12012356263092532 0.6567198124787481 0.010596187781773413 0.007613210632986783
19 0.12302786343492766 0.6436754398140913 0.006557123249949316 0.004580118031937388
18 0.10927259619879122 0.6523138577421734 0.006992069952824205 0.013412493879435074
32 0.18046711286747047 0.6998149660833757 0.004338605308854768 0.005387645171960467
17 0.17828673735099684 0.724185951031203 0.01251097962996761 0.03570724151693368
14 0.17976089253119365 0.5632833038316662 0.0052443979270341955 0.03343417625976714
34 0.1836681439970533 0.6566603108065568 0.010596187781773413 0.007613210632986783
19 0.18657244480105573 0.6436159381418998 0.006557123249949316 0.004580118031937388
18 0.1728171775649192 0.6522543560699816 0.006992069952824205 0.013412493879435074
14 0.2041211598413724 0.5634292443656885 0.0052443979270341955 0.03343417625976714
31 0.2082946332729503 0.6568093670038653 0.010547783788006465 0.007613210632986788
19 0.21093271211123443 0.647461878675922 0.006557123249949316 0.004580118031937388
18 0.19717744487509795 0.6561002966040037 0.006992069952824205 0.013412493879435074
32 0.30191531433852686 0.6998869546976052 0.004338605308854768 0.005387645171960467
17 0.29973493882205327 0.7242579396454322 0.01251097962996761 0.03570724151693368
14 0.30120909400225004 0.5633552924458957 0.0052443979270341955 0.03343417625976714
34 0.30511634546810973 0.6567322994207865 0.010596187781773413 0.007613210632986783
19 0.30802064627211206 0.6436879267561291 0.006557123249949316 0.004580118031937388
18 0.2942653790359757 0.6523263446842109 0.006992069952824205 0.013412493879435074
32 0.3408907277090604 0.6998869546976054 0.004338605308854768 0.005387645171960467
17 0.33871035219258694 0.7242579396454323 0.01251097962996761 0.03570724151693368
14 0.3401845073727837 0.563355292445896 0.0052443979270341955 0.03343417625976714
34 0.3440917588386434 0.6567322994207868 0.010596187781773413 0.007613210632986783
19 0.3469960596426457 0.6436879267561295 0.006557123249949316 0.004580118031937388
18 0.33324079240650933 0.6523263446842112 0.006992069952824205 0.013412493879435074
32 0.37995088318254033 0.699886954697605 0.004338605308854768 0.005387645171960467
17 0.3777705076660669 0.7242579396454321 0.01251097962996761 0.03570724151693368
14 0.37924466284626357 0.5633552924458957 0.0052443979270341955 0.03343417625976714
34 0.3831519143121232 0.6567322994207868 0.010596187781773413 0.007613210632986783
19 0.3860562151161256 0.6436879267561291 0.006557123249949316 0.004580118031937388
18 0.3723009478799893 0.6523263446842108 0.006992069952824205 0.013412493879435074
20 0.5290244775736705 0.5774606427781649 0.029275528986892955 0.061766740409524026
34 0.5960893070103722 0.6568177067355616 0.010460903892357628 0.007612696276705398
18 0.5851361770312138 0.6523935709426888 0.006992433619194075 0.013413008235717661
19 0.5989355601153347 0.643694254947035 0.006504027960017655 0.004732367491223926
16 0.5912100078448098 0.5662388962147226 0.00689392160137966 0.0390853313443528
32 0.5928331264833726 0.739075803683995 0.004313766406498199 0.005563301302473855
32 0.6356710426707725 0.6998869546976048 0.004338605308854768 0.005387645171960467
17 0.6334906671542989 0.7242579396454318 0.01251097962996761 0.03570724151693368
14 0.6349648223344957 0.5633552924458956 0.0052443979270341955 0.03343417625976714
34 0.6388720738003554 0.6567322994207868 0.010596187781773413 0.007613210632986783
19 0.6417763746043577 0.6436879267561291 0.006557123249949316 0.004580118031937388
18 0.6280211073682213 0.6523263446842107 0.006992069952824205 0.013412493879435074
32 0.6999778736356511 0.699858152538431 0.004338605308854768 0.005387645171960467
17 0.6977974981191776 0.7242291374862583 0.01251097962996761 0.03570724151693368
14 0.6992716532993742 0.5633264902867219 0.0052443979270341955 0.03343417625976714
34 0.7031789047652339 0.6567034972616129 0.010596187781773413 0.007613210632986783
19 0.7060832055692363 0.6436591245969555 0.006557123249949316 0.004580118031937388
18 0.6923279383330997 0.6522975425250372 0.006992069952824205 0.013412493879435074
32 0.733076375326537 0.699895443291015 0.004338605308854768 0.005387645171960467
17 0.7308959998100637 0.7242664282388422 0.01251097962996761 0.03570724151693368
14 0.7323701549902606 0.5633637810393058 0.0052443979270341955 0.03343417625976714
34 0.7362774064561199 0.6567407880141966 0.010596187781773413 0.007613210632986783
19 0.7391817072601221 0.6436964153495391 0.006557123249949316 0.004580118031937388
18 0.7254264400239856 0.6523348332776213 0.006992069952824205 0.013412493879435074
23 0.8016345252156504 0.6213301950165608 0.011311141405719266 0.011173840704192774
14 0.7668364966210371 0.5634320743111569 0.0052443979270341955 0.03343417625976714
31 0.7708431962922723 0.6563578660460004 0.010547783788006457 0.008422293063580366
19 0.7737012932840425 0.6489708466844958 0.006557123249949316 0.004580118031937388
18 0.7599460260479058 0.6576092646125775 0.006992069952824205 0.013412493879435074
32 0.8562939415256184 0.6998173791324896 0.004338605308854768 0.005387645171960467
17 0.8541135660091449 0.7241883640803173 0.01251097962996761 0.03570724151693368
14 0.8555877211893417 0.5632857168807806 0.0052443979270341955 0.03343417625976714
34 0.8594949726552013 0.6566627238556713 0.010596187781773413 0.007613210632986783
19 0.8623992734592033 0.6436183511910137 0.006557123249949316 0.004580118031937388
18 0.848644006223067 0.652256769119096 0.006992069952824205 0.013412493879435074
32 0.8849491058356491 0.6998858399535399 0.004338605308854768 0.005387645171960467
17 0.8827687303191756 0.7242568249013676 0.01251097962996761 0.03570724151693368
14 0.8842428854993725 0.5633541777018308 0.0052443979270341955 0.03343417625976714
34 0.888150136965232 0.6567311846767216 0.010596187781773413 0.007613210632986783
19 0.8910544377692341 0.643686812012064 0.006557123249949316 0.004580118031937388
18 0.877299170533098 0.6523252299401464 0.006992069952824205 0.013412493879435074
32 0.9241782992286598 0.691473971154163 0.004338605308854768 0.005387645171960467
14 0.9234135100599249 0.5633089058430053 0.0052443979270341955 0.03343417625976714
34 0.9273207615257842 0.6566859128178963 0.010596187781773413 0.007613210632986783
19 0.9302250623297867 0.6436415401532387 0.006557123249949316 0.004580118031937388
18 0.9164697950936508 0.6522799580813212 0.006992069952824205 0.013412493879435074
27 0.9569318046550608 0.6820645309126904 0.009742182434308667 0.009483005756430215
15 0.9264368963708135 0.7328338173132329 0.07569505362478668 0.07353602442930224
