13 0.5050580146486804 0.5665217233544568 0.02510591087239438 0.0405658836567654
13 0.3658503683901496 0.5671650481073225 0.0221412394689452 0.040422607547110995
13 0.2632396303938207 0.5670617240099125 0.022087360491071403 0.040522905775773
2 0.49406523465047564 0.3515250170042662 0.013349656284631299 0.0190742007716764
2 0.47982642184981367 0.5506908245705238 0.013012020042061302 0.0099278086816935
2 0.25317993098445024 0.351840026488013 0.009017365851047801 0.0189759063746794
11 0.4159103181905477 0.22818298603535125 0.00752401182815334 0.0212672008306765
11 0.3132634131896124 0.2282896146706088 0.007612065771081001 0.021067981691053398
4 0.24026516272994836 0.41811089064691037 0.006320458108754789 0.013089716732865499
10 0.46859904882064746 0.5363728133794351 0.018254444136610898 0.0110620263296167
4 0.48330925764721455 0.4173964736603647 0.00632101362583115 0.0128850197149295
4 0.3428000478934738 0.4180436137988921 0.0062057114837296 0.013220946027180101
3 0.3395369920222144 0.5476824834076215 0.0128620382234787 0.021318255568270897
23 0.2555752158916774 0.4995513782557924 0.0106887275211566 0.010379380699629499
10 0.468760321889797 0.5726215610472624 0.0184145713435674 0.0113849109544208
29 0.36832439582205206 0.40009448897589195 0.0137439923795461 0.0176969157991059
29 0.2657415675805648 0.40010315416607317 0.013753985154203601 0.0178094539265104
23 0.3589526943129153 0.49955403131901915 0.010688341618602699 0.0103931070105443
2 0.35580920031807617 0.3521212764044459 0.009091444934704311 0.0189718138848319
2 0.22346693777737253 0.3520980175607437 0.0088173658510478 0.0189759063746794
24 0.27833164174162406 0.3874177281494975 0.00873047312843374 0.00829265768076891
3 0.23701137046244014 0.5477370511354761 0.0126254490745483 0.0212021051525924
10 0.22561642502131057 0.5732334703200052 0.0181740619089292 0.0110155486885742
31 0.24466625216547136 0.596190323127319 0.010014662965291308 0.00930078705472001
2 0.3259687089529599 0.3521009777641077 0.0088173658510478 0.0189759063746794
24 0.3808964898000589 0.38739399913235645 0.00883047312843374 0.00829265768076891
10 0.328222696848635 0.5732334703200052 0.0181740619089292 0.0110155486885742
31 0.34728092414858563 0.596404488722839 0.010014662965291308 0.00940078705472001
31 0.29718646311739005 0.21879465359409214 0.015455429058731873 0.006854277604522991
5 0.4293764192566647 0.314371638423434 0.00568762380987938 0.016208599240782
31 0.39973247441457993 0.21879465359409214 0.015455429058731873 0.006854277604522992
2 0.4667610295289699 0.3515525179028177 0.0088173658510478 0.019275906374679398
10 0.46749725955875093 0.37578912731958886 0.00800235214584875 0.0219863333109477
24 0.5214165672224189 0.38700765474108245 0.00893047312843374 0.00859265768076891
29 0.508858340074384 0.3995757853527489 0.0139439923795461 0.0176969157991059
23 0.49958939364774557 0.4991171904004521 0.010688341618602699 0.0103931070105443
31 0.48777271108509107 0.5944999326068935 0.0098855880385861 0.00945180181564247
28 0.5585495877650385 0.6311627314955278 0.02818016084155015 0.015493698762066624
5 0.42938036856759965 0.332739761189952 0.00568762380987938 0.016208599240782
5 0.5794709311226172 0.31443858401587227 0.00568762380987938 0.016208599240782
5 0.5794229057780846 0.332674632055948 0.00568762380987938 0.016208599240782
31 0.540346507604776 0.2212594064300336 0.0152554290587319 0.006854277604522992
11 0.5563883793997026 0.23073259464625098 0.00752401182815334 0.0209672008306765
2 0.49337711990487065 0.5632670773974554 0.006462959685392046 0.01670542996566847
