11 0.5436465495129962 0.9895186571434338 0.1681159423128078 0.007522709914854153
11 0.5432433647318003 0.7743374666174427 0.16811594231280824 0.007522709914854153
12 0.6665579763259228 0.9622650739415894 0.6055801793133649 0.040591314595271544
12 0.6673240469474291 0.7472209360286395 0.6055801793133653 0.040903846081417616
21 0.17212183887875637 0.948846122893167 0.12148251437564739 0.01589116528260026
23 0.17210088335914359 0.9872797519378268 0.10680648310720942 0.01698324959667885
24 0.7784422871390808 0.8997088290113046 0.12366387947248314 0.01571510947529453
3 0.21713442705313124 0.8398372795145257 0.2005111432370077 0.04039097140943093
2 0.9191564127642079 0.8423354300869399 0.14675446799834302 0.03567678047336942
23 0.17215991728857433 0.771921216361253 0.1055211351218609 0.01698324959667863
24 0.7782824983102062 0.6843110087566349 0.12623457544317884 0.015871375218367567
6 0.6673433029917935 0.5203280698469341 0.60625277074086 0.041641982033115865
3 0.21603073409783558 0.6128902705364754 0.2005111432370077 0.04039097140943093
2 0.918052719808911 0.6153884211088897 0.14675446799834313 0.03567678047336931
23 0.17105622433327866 0.5449742073832025 0.1055211351218609 0.01698324959667874
24 0.77717880535491 0.4573639997785846 0.1262345754431794 0.015871375218367567
2 0.21745666469625813 0.380498642973645 0.2005111432370077 0.04039097140943082
2 0.9194786504073351 0.3829967935460597 0.14675446799834269 0.03567678047336942
23 0.39878620872206455 0.3258616723471387 0.1055211351218609 0.01698324959667885
6 0.6687836370765314 0.13648225787521062 0.6062527707408605 0.041641982033115976
3 0.21747106818257333 0.22904445856475175 0.2005111432370077 0.04039097140943082
2 0.9194930538936483 0.23154260913716612 0.14675446799834313 0.035676780473369196
23 0.17249655841801687 0.16112839541147905 0.1055211351218609 0.01698324959667885
24 0.7786191394396483 0.07351818780686148 0.12623457544317884 0.015871375218367456
2 0.2012052083559755 0.022839262168759034 0.1669126787523435 0.02849504152498772
2 0.9200264263093714 0.019389447798944193 0.14675446799834324 0.035676780473369196
