24 0.6573438883885208 0.40042283547268015 0.02631164057440094 0.16624537507151038
7 0.7754054391350522 0.6140452141499774 0.10571315687501237 0.32593895221827673
17 0.048358545291796784 0.6942675656053966 0.06593003207982517 0.13731225463029184
14 0.38597296002473375 0.6793161195330937 0.07125785259978146 0.0588146479905608
32 0.0954208068435699 0.6700668203340142 0.011738038627347791 0.04911932923340978
18 0.19674594320812538 0.7525587262622206 0.029259196638195983 0.07530571814216225
19 0.21524219056120997 0.6062509362283712 0.010044521053278244 0.07210751527680503
34 0.19165348476865723 0.6409975046225975 0.024145277999662818 0.10840656307256358
24 0.23944655283713034 0.2605726978454051 0.026551919045068928 0.13253775225317355
20 0.32230539778387196 0.3865543868633752 0.06369564598728539 0.3027453980858237
18 0.21034541418319908 0.09769981533598232 0.029259196638196316 0.07530571814216225
