24 0.6999176243723553 0.5168260656158242 0.08588831510967232 0.03878762888748
24 0.8654248368954822 0.20662766195400203 0.08236298394556019 0.031066909182294322
1 0.4417937000630051 0.05846259567531128 0.36701296335274103 0.09380662925803414
31 0.9426459815799801 0.047324932170094855 0.04166084730298425 0.025598607624652554
11 0.1754414386713541 0.06385603975443296 0.06004378168767094 0.028196164203008453
7 0.3145327737325147 0.4669846457108702 0.34507635140595994 0.07604662152663477
24 0.8664708043278831 0.7104744420891541 0.08236298394556019 0.0310669091822946
1 0.44164125591353753 0.8844323381092702 0.36745222236649155 0.09355455104518717
26 0.5370858392914346 0.7317989404667835 0.08072827958360429 0.10811162871307445
31 0.9169324904677484 0.8742461227359091 0.04062650373335486 0.028276000156121084
11 0.1216401144663335 0.8415129799360044 0.058560060757437804 0.02769333682514763
