15 0.9391377015697412 0.7385459363422623 0.061031032610064505 0.07220615070176689
15 0.036231813961215595 0.7386113682531064 0.06128754688441991 0.07246873118062322
17 0.1141908774639358 0.7635710557895768 0.012625794256403599 0.0364951521979196
20 0.46435900178448497 0.5970238167243908 0.034520412960325174 0.058783914099379525
0 0.6104630645684314 0.4451639685173393 0.014143140017378599 0.0348015392895946
13 0.48669727741958824 0.2084981271198311 0.02749627890856679 0.05321241052296746
0 0.3846980655286618 0.4452184637383336 0.0140330861657516 0.0346373457092477
2 0.2728786551732823 0.312837568768479 0.015038388764356201 0.015326256757178
2 0.32049222412192485 0.21880486448961686 0.0151188869968731 0.018953497180199824
2 0.2729041247749654 0.2701466713958338 0.015152112416391203 0.015304142754707597
31 0.613074064129244 0.5023499841367733 0.0093320462831201 0.0056332345174907395
12 0.2022817477851731 0.31097789783581087 0.0396149507134042 0.0397711846156758
4 0.2781227996746231 0.292242760399041 0.00544120700212825 0.009399703023697999
31 0.38736584725011963 0.5022124357956771 0.009307890381006951 0.00543506813951624
32 0.9391299556804208 0.6977142196293445 0.004557495768987469 0.00470080886589884
23 0.6531494147315132 0.6392058226391063 0.0106982707976526 0.0080882465178826
24 0.31954560460296805 0.49724248987536535 0.010781419102924098 0.0086091539723746
16 0.4165533142520272 0.5859745450871866 0.00548049795045839 0.0363015443546951
24 0.2092746889425098 0.22414198790531448 0.0106502251088716 0.007746359980446919
36 0.2155206468864499 0.21000874184226398 0.0231788848892058 0.011376378396647999
2 0.3204859307258567 0.31284516332185774 0.015038388764356201 0.015326256757178
2 0.3205114003275398 0.27015426594921255 0.015152112416391203 0.015304142754707597
4 0.3257300752271975 0.29225035495241974 0.00544120700212825 0.009399703023697999
2 0.41070869547937067 0.3128482210978984 0.015038388764356201 0.015326256757178
2 0.41073416508105376 0.270157323725253 0.015152112416391203 0.015304142754707597
4 0.4159528399807115 0.2922534127284601 0.00544120700212825 0.009399703023697999
2 0.5462373698177809 0.3129513306684164 0.015038388764356201 0.015326256757178
2 0.546262839419464 0.27026043329577093 0.015152112416391203 0.015304142754707597
4 0.5514815143191221 0.2923565222989782 0.00544120700212825 0.009399703023697999
2 0.6364186265456575 0.312795552566157 0.015038388764356201 0.015326256757178
2 0.6364440961473405 0.2701046551935114 0.015152112416391203 0.015304142754707597
4 0.6416627710469989 0.29220074419671865 0.00544120700212825 0.009399703023697999
2 0.41075418644853995 0.21880486448961686 0.015118886996873098 0.018953497180199824
2 0.5462839432417745 0.2188464889110639 0.015118886996873098 0.018953497180199824
2 0.6366404331833015 0.2187774959777939 0.015118886996873098 0.018953497180199824
13 0.7123864768297105 0.20882304142388672 0.02749627890856679 0.05321241052296746
24 0.5228689725043592 0.19222991349823357 0.0106502251088716 0.0077463599804469185
24 0.748517514406407 0.19208424056437015 0.0106502251088716 0.0077463599804469185
23 0.4625269441353738 0.27732706223959425 0.010805702519876163 0.00801518227988364
23 0.688349997576789 0.27724899545907883 0.010805702519876163 0.00801518227988364
9 0.4602424897732566 0.200677506744866 0.01022939838548355 0.00957746357172568
9 0.6861640282615064 0.20067993080160185 0.01022939838548355 0.00957746357172568
11 0.7053395207769612 0.24547904379273738 0.011970797378241398 0.00978056013966549
11 0.4796169179292177 0.24543712033899975 0.011970797378241398 0.00978056013966549
11 0.3977151194512097 0.4085739295249038 0.013891811159553187 0.009780560139665445
26 0.33695779159579636 0.4547328797262508 0.020656060304297813 0.01151141563505554
35 0.3382889849488189 0.47468979332759914 0.00811296443381185 0.011291475927374199
26 0.5627729022829674 0.45464791682773603 0.020810532329188582 0.011811415635055545
35 0.5640758076056209 0.4745897933275991 0.00811296443381185 0.011291475927374199
24 0.5453404064327271 0.4972937120492513 0.010781419102924098 0.0086091539723746
11 0.6235153622819215 0.4085719261722295 0.013891811159553187 0.009780560139665445
14 0.03539432754525479 0.5825650113469659 0.0054707916091533615 0.029228235426530757
14 0.11564810301243167 0.5826250770890394 0.0054707916091533615 0.029228235426530757
14 0.1807750631567507 0.5825047486051443 0.0054707916091533615 0.029228235426530757
14 0.21098533873900072 0.5825431144487194 0.0054707916091533615 0.029228235426530757
14 0.31119986099259167 0.5825493157159634 0.0054707916091533615 0.029228235426530757
14 0.34630202190564385 0.5825728162133423 0.0054707916091533615 0.029228235426530757
14 0.3814695712556723 0.5825544221269144 0.0054707916091533615 0.029228235426530757
20 0.5495515969678906 0.5969229955146538 0.034520412960325174 0.058783914099379525
14 0.6272446916756216 0.5826279477007433 0.0054707916091533615 0.029228235426530757
16 0.5921982875348573 0.5862053060351995 0.00548049795045839 0.0363015443546951
14 0.6923626004574056 0.5825421951157744 0.0054707916091533615 0.029228235426530757
14 0.7274931399831362 0.5825663485185174 0.0054707916091533615 0.029228235426530757
14 0.7576578588841769 0.5825663485185173 0.0054707916091533615 0.029228235426530757
14 0.8580208602566864 0.5826610849393656 0.0054707916091533615 0.029228235426530757
14 0.8930442653462463 0.5825520713569576 0.0054707916091533615 0.029228235426530757
14 0.9382794544961373 0.5826285036459868 0.0054707916091533615 0.029228235426530757
18 0.02884852292818978 0.6619843205117232 0.00592262308552616 0.013027947849130299
19 0.042195822903389024 0.6532914152125266 0.00622777321584845 0.00431365897176344
34 0.038572662936893695 0.6641818506271875 0.0094823708452466 0.008339087198478921
18 0.1091780431562473 0.6618241562697755 0.00592262308552616 0.013027947849130299
19 0.12242534313144622 0.6533312509705798 0.00622777321584845 0.00431365897176344
34 0.11890218316495117 0.6640216863852398 0.0094823708452466 0.008339087198478921
18 0.17493398994923454 0.6618908176235354 0.004899875348356017 0.013027947849130283
19 0.18766991605584846 0.6533979123243412 0.00622777321584845 0.00431365897176344
34 0.18414675608935333 0.6640883477390012 0.0094823708452466 0.008339087198478921
18 0.2040417362866809 0.6831287878181977 0.006873879824445216 0.013027947849130304
19 0.2177646646313389 0.6746358825190019 0.00622777321584845 0.00431365897176344
31 0.2142415046648437 0.6853263179336616 0.0094823708452466 0.008339087198478921
18 0.30536415477092566 0.6618039808707299 0.0046712197446432836 0.013027947849130228
19 0.3181050749550716 0.6533110755715326 0.006308965932801791 0.004313658971763425
34 0.31462251134705305 0.6640015109861911 0.0094823708452466 0.008339087198478921
18 0.3405081709804902 0.661701914343971 0.0046712197446432836 0.013027947849130228
19 0.3531490911646359 0.6532090090447735 0.006308965932801791 0.004313658971763425
34 0.3497665275566175 0.6638994444594317 0.0094823708452466 0.008339087198478921
18 0.3754617371116175 0.6617841039249767 0.004496887743989336 0.01302794784913022
19 0.3883154912954369 0.6532911986257791 0.006308965932801791 0.004313658971763425
34 0.3846329276874178 0.6639816340404373 0.0094823708452466 0.008339087198478921
18 0.4100629549499437 0.6617841039249756 0.005608358997784256 0.013027947849130216
19 0.4234724447606604 0.653291198625779 0.006308965932801791 0.004313658971763425
34 0.4197898811526414 0.6639816340404372 0.0094823708452466 0.008339087198478921
18 0.5856290145812425 0.6620785995892651 0.005608358997784256 0.013027947849130216
19 0.5989400985224157 0.6533073310352701 0.006308965932801791 0.004313658971763425
34 0.5954543466534828 0.6638585848225292 0.0094823708452466 0.008339087198478921
18 0.6208697467126971 0.6620251683322822 0.005608358997784256 0.013027947849130216
19 0.6340808306538699 0.6533538997782867 0.006308965932801791 0.004313658971763425
34 0.6304950787849374 0.664105153565546 0.0094823708452466 0.008339087198478921
18 0.6866929082856211 0.6618574129310231 0.0047784694979708005 0.0130279478491302
19 0.6994890474768856 0.6531861443770292 0.006308965932801791 0.004313658971763425
34 0.6959032956079532 0.6639373981642889 0.0094823708452466 0.008339087198478921
18 0.7216389200300531 0.6620563117170566 0.0047784694979708005 0.0130279478491302
19 0.7344350592213176 0.6533850431630627 0.006308965932801791 0.004313658971763425
34 0.7308493073523853 0.6641362969503224 0.0094823708452466 0.008339087198478921
18 0.7509522277228623 0.6830600235221961 0.006481186258680446 0.013027947849130169
19 0.7645997252944795 0.6745887549682027 0.006308965932801791 0.004313658971763425
31 0.7610139734255472 0.685140008755462 0.0094823708452466 0.008339087198478921
18 0.8520516864367041 0.6620004559971291 0.0047784694979708005 0.0130279478491302
19 0.8648478256279685 0.6533291874431348 0.006308965932801791 0.004313658971763425
34 0.8612620737590359 0.6640804412303948 0.0094823708452466 0.008339087198478921
18 0.8872086399019277 0.6619010066041127 0.0047784694979708005 0.0130279478491302
19 0.9000047790931918 0.6532297380501181 0.006308965932801791 0.004313658971763425
34 0.8964190272242596 0.6639809918373778 0.0094823708452466 0.008339087198478921
19 0.9452166212494693 0.6533291874431348 0.006308965932801791 0.004313658971763425
34 0.9416308693805371 0.6640804412303946 0.0094823708452466 0.008339087198478921
27 0.9591907911975115 0.6818565706369053 0.0107410267080869 0.015262589134078299
32 0.8939861318196053 0.6980142196293444 0.004557495768987469 0.005300808865898839
32 0.8588710676874968 0.6979498404673332 0.004557495768987469 0.00550080886589884
32 0.7284183156339006 0.6980408872904824 0.004557495768987469 0.00550080886589884
32 0.6932349482291841 0.6979661694895681 0.004557495768987469 0.00550080886589884
32 0.6280797869536082 0.7335666968536597 0.004557495768987469 0.00550080886589884
32 0.5930941770630838 0.698065878991218 0.004557495768987469 0.00550080886589884
32 0.41750846543174014 0.6979072183102184 0.004557495768987469 0.005300808865898839
32 0.3822578625446776 0.6979751435837767 0.004557495768987469 0.005300808865898839
32 0.3471513356912134 0.6979072183102184 0.004557495768987469 0.005300808865898839
32 0.31211060355975917 0.7333309277236262 0.004557495768987469 0.005300808865898839
32 0.18159664237320336 0.6979790220907147 0.004557495768987469 0.005300808865898839
32 0.11650132954421234 0.7334116805477635 0.004557495768987469 0.005300808865898839
32 0.036155432035959 0.6975684866971941 0.004557495768987475 0.004627169789286325
27 0.05613101598385068 0.6819083673744798 0.0106223816417253 0.0152023114217877
17 0.17942316175724782 0.7244775517874118 0.012625794256403599 0.0364951521979196
17 0.3098137264537687 0.7627822742668551 0.012625794256403599 0.0364951521979196
17 0.34485160881684485 0.7244509451521036 0.012625794256403599 0.0364951521979196
17 0.37997304337229787 0.7244787097480118 0.012625794256403599 0.0364951521979196
17 0.6258765349678493 0.7633492968273968 0.012625794256403599 0.0364951521979196
17 0.6909698214250584 0.7244284102835623 0.012625794256403599 0.0364951521979196
17 0.7261144261334422 0.7245528174598428 0.012625794256403599 0.0364951521979196
17 0.8566469406962368 0.7243653243372775 0.012625794256403599 0.0364951521979196
17 0.891676050694314 0.7245461414154896 0.012625794256403599 0.0364951521979196
23 0.7936927659129871 0.6392016274750753 0.0106982707976526 0.0080882465178826
24 0.5376648479981407 0.6782401368457949 0.0109580817864875 0.00830791257938557
23 0.5100814165009336 0.5966071686228832 0.0106982707976526 0.0080882465178826
24 0.4525792914757619 0.6783740481997392 0.0109580817864875 0.00830791257938557
23 0.24666547394386615 0.6392432272013483 0.0106982707976526 0.0080882465178826
23 0.14145405780198736 0.6392888310576643 0.0106982707976526 0.0080882465178826
14 0.4925037702797442 0.5315944461933124 0.020750845088120303 0.00759516851579277
18 0.9319704675100465 0.6620222891247133 0.00512147200837753 0.01302794784913019
33 0.11642013070955269 0.6994704896507222 0.004237765131007638 0.007991651313837167
33 0.3120235528671498 0.6994420523968264 0.004237765131007638 0.007991651313837167
33 0.6280446555253261 0.6995638646847275 0.004237765131007638 0.007991651313837167
