19 0.9631358016444451 0.909002657293618 0.021911405125608963 0.06849153543854247
34 0.974883641523098 0.7392617619540913 0.032932824706059405 0.13240659266724986
18 0.8856426862946414 0.7728487752364565 0.015617952325695739 0.20685551584885897
19 0.8410008514350922 0.9076976652585569 0.021911405125608963 0.06849153543854047
34 0.8537906087385202 0.7379567699190303 0.032932824706059405 0.13240659266725197
18 0.7654706470142961 0.772848775236475 0.019478156547238168 0.20685551584885897
19 0.7188987100439764 0.9076976652585589 0.021911405125609074 0.06849153543854047
34 0.7316884673474044 0.7379567699190313 0.032932824706059516 0.13240659266724986
18 0.1557195245859297 0.7681728237161485 0.01947815654723828 0.20685551584885886
19 0.10948935691620054 0.9074415176345584 0.021911405125609074 0.06849153543854047
34 0.12159557561844941 0.7399105242431906 0.032932824706059294 0.13240659266724975
18 0.033326415020912714 0.7690211960272485 0.019478156547238168 0.20685551584885897
32 0.12979258169063368 0.1967729892299363 0.01582844751678425 0.08734089733230388
32 0.7396119566565946 0.19929217624182632 0.01582844751678414 0.08416533172144092
32 0.8620393479291568 0.19821367042772792 0.01582844751678436 0.08416533172144292
32 0.9839663547687247 0.19929217624182632 0.01582844751678414 0.08416533172144092
24 0.3223018610113559 0.511562714063827 0.03805805451808075 0.1319116074256288
24 0.617808940801815 0.509436492611382 0.038058054518080975 0.1319116074256288
33 0.008407539977471623 0.17298822996059338 0.014718004440301358 0.126890065431017
