18 0.07257578312292763 0.2669954174807189 0.03394223830654311 0.20227906638317827
19 0.14849535561358845 0.13512990998125857 0.03569103749452179 0.06697623598193558
34 0.12830431298805153 0.30111547577790443 0.054342963631592245 0.12947724327195664
18 0.4494196213834307 0.26803043823445105 0.028080925350913277 0.20227906638317616
19 0.522408537396277 0.13616493073501473 0.03569103749452163 0.06697623598193758
34 0.5022174947707396 0.3021504965316587 0.054342963631592356 0.12947724327195864
18 0.6162345695043849 0.5977828161683896 0.039393840148639225 0.20227906638317839
19 0.6948799429160912 0.4659173086689272 0.03569103749452174 0.0669762359819357
31 0.6746889002905536 0.6319028744655681 0.0543429636315923 0.12947724327195875
32 0.4876029285198711 0.8283557013996377 0.026118766167996466 0.08230326686034894
33 0.11407980220728635 0.8515130450636472 0.024286406865116544 0.12408276309847244
