15 0.04719663877737964 0.6677903250438643 0.07554390999357438 0.07007242059769012
15 0.8902082931574838 0.6632130638863994 0.07501328094365495 0.06908552275863482
20 0.4584786424589508 0.5055175527827229 0.029271172857132977 0.06376956009277929
17 0.10983009162129942 0.6569514220132142 0.013247561211184544 0.03670589649572121
17 0.5806121113360472 0.6568759283303532 0.013368205253522725 0.03683173053471947
20 0.520506134352748 0.5054910276391716 0.030339637831409087 0.06371171728985285
17 0.17540926636182172 0.6567863688013621 0.013133550954269513 0.036825997234015716
14 0.20918912940576134 0.4825408905809763 0.005357599290442525 0.03398530030744441
14 0.17691501547362848 0.4909882774552166 0.005556302906893116 0.03470927815408225
14 0.04295239285599085 0.4909985034933668 0.00578313612608444 0.03475014968747578
14 0.5820566914124192 0.4909556121161034 0.005699518667574327 0.03443443839724635
32 0.5829144488781727 0.6318881904113616 0.004662038144771318 0.005775196505222786
32 0.11213525813583385 0.6318601430392268 0.004649224966005913 0.005777352443288397
32 0.17769496497923126 0.6318715086283033 0.004493788704381169 0.00573120572065255
2 0.3901359593565427 0.06731739951433455 0.017520450399492894 0.020999147820336468
2 0.2509616229236984 0.06723437247788609 0.017521663434414702 0.0209742400470776
18 0.035780033922156985 0.5827430546598601 0.007362470727594264 0.014082687278255838
2 0.25010855165172835 0.16091099947259316 0.015636099065952123 0.009926160736906425
29 0.3254804961924014 0.1897894204520622 0.0146882771965671 0.0189004511557335
2 0.2525730760431468 0.2100365334774508 0.02044157117477 0.02154336347589296
12 0.8193584545249644 0.2659814552685549 0.03244731089862067 0.04341268666553517
18 0.20278100463640558 0.6463970106735069 0.006556270849704873 0.012364745887955532
18 0.16974237020323382 0.5827918301369238 0.007293793407150413 0.014059938687011426
2 0.8261427097744973 0.1663880560837605 0.01808330181054843 0.02083920239763741
23 0.2448956044701244 0.5507381893044366 0.01184874292197777 0.011510745421813285
13 0.30930827684416895 0.0697853643989165 0.02536710856439521 0.0370869232828515
32 0.5469957538199067 0.6723513345479104 0.0045101878543155095 0.005670125736466496
31 0.3826733550078725 0.40906716708100627 0.0111309020883785 0.005765413212008405
2 0.3892393207072223 0.1609756645791143 0.015770759662986022 0.010201809691553763
2 0.8261540688936084 0.21929282465937128 0.017904681914547388 0.013686365643026211
19 0.05009668513135044 0.5738613750451697 0.006904698957691704 0.004858090439979272
2 0.3915172896167855 0.2098920753559247 0.02052095533870506 0.02157345655215448
16 0.4314081485081841 0.4939542883869251 0.007136611090521922 0.04089271441843603
32 0.043772476992787496 0.6302368065470474 0.004696050929771291 0.005621614020611689
1 0.37439641994046774 0.34984101182515964 0.025079715466134064 0.03659028360320476
4 0.8196171409626767 0.18775296068743685 0.005183779986291877 0.008819702367791267
23 0.6084342871856901 0.5602662880219043 0.011765756648472372 0.011773421504896528
19 0.1839958260316589 0.5738074151655966 0.006839249931758318 0.004835707233307345
24 0.806721782797259 0.3096268694012855 0.012399353363603881 0.011525625284989693
24 0.515500529314757 0.5779909179727953 0.010208663518420195 0.009539121056960139
4 0.38371286486540124 0.18776076009075124 0.005077149117909257 0.009060382289269522
23 0.137526140490002 0.5570238519364685 0.011795243788409229 0.011587008685255772
24 0.4486458379211619 0.5659407019945724 0.010133049664858652 0.00945966763026323
19 0.21552318894404235 0.6384175443775206 0.006094858493149551 0.004619124925609034
11 0.31601185000817134 0.08902838373073266 0.009951234289905112 0.007154228277227598
9 0.3308339291124144 0.05637463501382297 0.008337778851199967 0.007681911062250571
23 0.30589803408511285 0.1301190557822015 0.012849060163588782 0.008962143846578759
2 0.4717175295963909 0.06734790175234955 0.017520450399492894 0.020999147820336468
2 0.4708208909470706 0.1610061668171293 0.015770759662986022 0.010201809691553763
2 0.47309885985663347 0.20992257759393967 0.02052095533870506 0.02157345655215448
4 0.46529443510524915 0.1877912623287662 0.005077149117909257 0.009060382289269522
2 0.762019277665172 0.06730495274960595 0.017520450399492894 0.020999147820336468
29 0.6973638145010304 0.18977697368733368 0.0146882771965671 0.0189004511557335
13 0.6811915951527979 0.06977291763418789 0.02536710856439521 0.0370869232828515
2 0.7611226390158512 0.16096321781438572 0.015770759662986022 0.010201809691553763
2 0.7634006079254148 0.20987962859119605 0.02052095533870506 0.02157345655215448
4 0.7555961831740301 0.18774831332602265 0.005077149117909257 0.009060382289269522
11 0.6878951683168004 0.08901593696600402 0.009951234289905112 0.007154228277227598
9 0.7027172474210436 0.05636218824909433 0.008337778851199967 0.007681911062250571
23 0.6777813523937419 0.1301066090174729 0.012849060163588782 0.008962143846578759
36 0.8001835118948657 0.32399188741267826 0.02566379749523378 0.012049104504844763
24 0.32068097434035153 0.4012928862518953 0.012618921175042284 0.011973797601689585
35 0.34009919179817005 0.37851759249837214 0.008625718905930824 0.011959024109933101
26 0.4246500103700401 0.35971482030434837 0.02402434938594797 0.012128252060061084
11 0.40255724589408187 0.25580269851779985 0.009988824168269387 0.0074062160954366215
34 0.04707058280720359 0.5873224142082505 0.011075293977136953 0.007855623206367568
27 0.07758320561147541 0.6133324892532527 0.009948228782720028 0.009819529007959318
18 0.10410961829460134 0.582738575430312 0.007362470727594264 0.014082687278255838
19 0.11842626950379484 0.5738568958156216 0.006904698957691704 0.004858090439979272
34 0.11540016717964799 0.5873179349787027 0.011075293977136953 0.007855623206367568
14 0.11128501514823988 0.49090095301762326 0.00578313612608444 0.03475014968747578
34 0.1809729564857067 0.5873345579133962 0.011108354556173155 0.007902382868309922
31 0.21330201985126113 0.6626076974113702 0.010720884569868609 0.007921086733087201
17 0.3076166767360761 0.6568604668752055 0.013133550954269513 0.036825997234015716
14 0.30912242584788285 0.4910623755290599 0.005556302906893116 0.03470927815408225
32 0.30990237535348564 0.6319456067021464 0.004493788704381169 0.00573120572065255
18 0.3019497805774883 0.5828659282107669 0.007293793407150413 0.014059938687011426
19 0.31620323640591347 0.5738815132394397 0.006839249931758318 0.004835707233307345
34 0.31318036685996115 0.5874086559872396 0.011108354556173155 0.007902382868309922
17 0.34795482102504416 0.6568502035726386 0.013133550954269513 0.036825997234015716
14 0.34946057013685095 0.49105211222649303 0.005556302906893116 0.03470927815408225
32 0.3502405196424537 0.6319353433995794 0.004493788704381169 0.00573120572065255
18 0.3422879248664563 0.5828556649082001 0.007293793407150413 0.014059938687011426
19 0.3565413806948815 0.573871249936873 0.006839249931758318 0.004835707233307345
34 0.353518511148929 0.5873983926846726 0.011108354556173155 0.007902382868309922
17 0.3881850247681178 0.6568599142366517 0.013133550954269513 0.036825997234015716
14 0.3896907738799246 0.4910618228905062 0.005556302906893116 0.03470927815408225
32 0.39047072338552746 0.6319450540635925 0.004493788704381169 0.00573120572065255
18 0.38251812860953005 0.5828653755722134 0.007293793407150413 0.014059938687011426
19 0.39677158443795507 0.5738809606008859 0.006839249931758318 0.004835707233307345
34 0.39374871489200275 0.5874081033486858 0.011108354556173155 0.007902382868309922
32 0.43289411991182775 0.6723554315057311 0.004493788704381169 0.00573120572065255
18 0.4248915534032767 0.5763743934912703 0.007293793407150413 0.014059938687011426
19 0.4391450092317016 0.5673899785199427 0.006839249931758318 0.004835707233307345
34 0.43612213968574953 0.5809171212677424 0.011108354556173155 0.007902382868309922
14 0.4790350277975302 0.45307755930661847 0.022256381807189928 0.007818215476813533
23 0.48709754565707464 0.5547241465398273 0.011979988457318598 0.011823183795378967
16 0.5453632303664923 0.4940396214642498 0.007136611090521934 0.04055323927273177
18 0.539002545493587 0.5828038470083866 0.007293793407150413 0.014059938687011426
19 0.5532560013220117 0.573819432037059 0.006839249931758318 0.004835707233307345
34 0.5502331317760597 0.5873465747848585 0.011108354556173155 0.007902382868309922
18 0.5749861301597452 0.5828227859346221 0.007293793407150413 0.014059938687011426
19 0.5892395859881702 0.5738383709632946 0.006839249931758318 0.004835707233307345
34 0.5862167164422182 0.5873655137110941 0.011108354556173155 0.007902382868309922
17 0.6449581759189584 0.6568519775941106 0.013133550954269513 0.036825997234015716
14 0.6464639250307651 0.4910538862479651 0.005556302906893116 0.03470927815408225
32 0.6472438745363681 0.6319371174210515 0.004493788704381169 0.00573120572065255
18 0.6392912797603706 0.5828574389296723 0.007293793407150413 0.014059938687011426
19 0.6535447355887954 0.5738730239583449 0.006839249931758318 0.004835707233307345
34 0.650521866042843 0.5874001667061445 0.011108354556173155 0.007902382868309922
17 0.6810011497900468 0.6567953984031601 0.013133550954269513 0.036825997234015716
14 0.6825068989018532 0.49099730705701444 0.005556302906893116 0.03470927815408225
32 0.6832868484074563 0.631880538230101 0.004493788704381169 0.00573120572065255
18 0.6753342536314588 0.5828008597387221 0.007293793407150413 0.014059938687011426
19 0.689587709459884 0.5738164447673944 0.006839249931758318 0.004835707233307345
34 0.6865648399139314 0.5873435875151939 0.011108354556173155 0.007902382868309922
14 0.718200188103966 0.48113351483588984 0.005197866111011516 0.031198944890699257
18 0.7118719299243259 0.6463828126367932 0.006556270849704873 0.012364745887955532
23 0.7487500977050751 0.5507862283777687 0.01184874292197777 0.011510745421813285
19 0.7246141142319622 0.6384033463408066 0.006094858493149551 0.004619124925609034
17 0.8082300048690773 0.6568905405652257 0.013133550954269513 0.036825997234015716
14 0.8097357539808838 0.4910924492190798 0.005556302906893116 0.03470927815408225
32 0.8105157034864875 0.6319756803921667 0.004493788704381169 0.00573120572065255
18 0.80256310871049 0.5828960019007876 0.007293793407150413 0.014059938687011426
19 0.8168165645389146 0.5739115869294598 0.006839249931758318 0.004835707233307345
34 0.8137936949929615 0.5874387296772595 0.011108354556173155 0.007902382868309922
17 0.8441238755287118 0.6568905405652257 0.013133550954269513 0.036825997234015716
14 0.8456296246405184 0.49109244921907963 0.005556302906893116 0.03470927815408225
32 0.8464095741461222 0.6319756803921663 0.004493788704381169 0.00573120572065255
18 0.8384569793701246 0.5828960019007874 0.007293793407150413 0.014059938687011426
19 0.8527104351985497 0.5739115869294598 0.006839249931758318 0.004835707233307345
34 0.8496875656525963 0.5874387296772595 0.011108354556173155 0.007902382868309922
32 0.8866344140029482 0.6234859039501237 0.004493788704381169 0.00573120572065255
27 0.9205438537918806 0.6136165582977683 0.010275901654756439 0.009722648345668716
14 0.885926015501742 0.49098252651354785 0.005556302906893116 0.03470927815408225
18 0.8787533702313484 0.5827860791952554 0.007293793407150413 0.014059938687011426
19 0.8930068260597733 0.5738016642239279 0.006839249931758318 0.004835707233307345
34 0.8899839565138201 0.5873288069717277 0.011108354556173155 0.007902382868309922
