15 0.9303590317568761 0.7370665006501141 0.0706726874181443 0.0694608161602308
15 0.04177954778569423 0.7371242091764038 0.07070869284020109 0.0695114057156597
20 0.4505328749543498 0.579204759608106 0.0276374237324955 0.0604400691191401
13 0.7544742564508614 0.12765572428710065 0.0275306190812009 0.0431733071988993
13 0.630305039715772 0.1277601541627333 0.027449906652982067 0.0434698429484896
13 0.44499286469877086 0.1277168060102706 0.0275189503891296 0.0434489558518052
17 0.7108261421235893 0.7207626365907308 0.0125343074690208 0.0303151514409376
14 0.3569457463353821 0.5654502722352349 0.005448886053672169 0.0329461422859077
17 0.8408421427941769 0.7207074782033702 0.0123653095406004 0.0304004615364064
20 0.5194379380068763 0.5791769422155525 0.028796059118728602 0.060486697599031095
14 0.8422795025375277 0.5653706330485005 0.00531787634747129 0.0331115027874751
17 0.8779382282798968 0.7207053016016853 0.0126471194652932 0.0304490445328085
17 0.3556113270821262 0.7206993184378565 0.0125215717796066 0.0307928882649972
14 0.3190595895958215 0.5655300605362994 0.00542136135527907 0.032948567300156696
17 0.599676577415059 0.7206083880846577 0.012680437817978 0.0308737847098532
14 0.39050909482120866 0.5655444226564723 0.005483068653347269 0.0331651563390567
14 0.7121933640580926 0.5654338547696551 0.005542547901344949 0.0331310977686841
17 0.38904431934990813 0.7207474694535482 0.0124959274018361 0.0307430025915503
14 0.8792654981236145 0.5653985205175536 0.00545635987557929 0.0330626962030671
17 0.31768014595113214 0.7207934585619127 0.0126967221108075 0.030625319936235396
17 0.1869401893445085 0.72063301783138 0.0125826026856551 0.0305190891947492
17 0.11284333048937153 0.7206651816645588 0.012671134559805057 0.030748708121081506
14 0.11415786571606404 0.5655361659582945 0.00541767660767807 0.032844774764445
14 0.9255127210891849 0.5655348784765512 0.00546678436051783 0.0328802589657844
14 0.18831674484938557 0.5655146051336739 0.00556003740177312 0.0328722918967298
32 0.7131017576944388 0.6989876355331828 0.00455100808482773 0.00574204022246367
14 0.7482580170212698 0.565876062140433 0.005427495104397539 0.033333314056266
32 0.6759875203065185 0.698915003384155 0.00436271581578682 0.00539558367768595
32 0.8800592079041156 0.6989493787737787 0.00455141689124521 0.0055517409473852895
14 0.03706629597842392 0.5654724099247023 0.005382620950699239 0.0329275706776325
32 0.3577328431565464 0.6988553874300907 0.00426021465091678 0.00552386107598319
32 0.843041050413686 0.6989325663138537 0.00448381161218013 0.00532465612977344
32 0.11492822140165793 0.6989388291801326 0.0045189564299252 0.00555769472249929
32 0.3911971305433644 0.6988668174137044 0.0043845172636888 0.00543062983132659
0 0.6109716180595784 0.45683472151409804 0.014868992182777601 0.034755670073828
32 0.3198398594959973 0.6988419865615423 0.00437512919825458 0.00535187030225848
32 0.6018928155066243 0.6989200972610612 0.00459669995466452 0.005661014422734399
17 0.6738835458958801 0.7206106145024401 0.012556000340016117 0.030751470882908197
14 0.22478497654124857 0.5660238855387486 0.0054576515826491 0.0330915491303612
14 0.6752401745573497 0.5654600405041059 0.00533540402100544 0.0329445069263857
14 0.6011090620592385 0.5655170701677834 0.0054020627644569795 0.0330428313800228
0 0.4258405299214185 0.4567374054050749 0.014247945578531101 0.0346123339648938
32 0.4294044598387443 0.7331434680798479 0.00440701165184868 0.00569433165164577
29 0.46194990067121694 0.2411844342783734 0.014236797614849887 0.0180091904856262
32 0.1892012444530932 0.6989166235483759 0.00446593323799239 0.0054510847107438
13 0.5554666227763242 0.344757414861784 0.030105299209844102 0.034782529299658
18 0.38329334093778333 0.6525705663116271 0.007273378666192323 0.01431711870369051
18 0.10733799390883143 0.6525217886149898 0.00708016549025287 0.013543487505343399
32 0.5611609045215847 0.7330639879706647 0.00427007936857747 0.00576562666981334
18 0.421729621936707 0.6524417917542392 0.007097934874319967 0.0135103401521089
18 0.030344495711133502 0.6524583113845648 0.00699911051251921 0.0134652548580436
18 0.7053700197476956 0.6525397396093083 0.00706676995705722 0.0136201202488245
18 0.18155649264518395 0.6524722264957077 0.006853640317253929 0.013542861993267298
18 0.8725093469014458 0.6525400425691086 0.00703417083291356 0.013427346644343101
3 0.42386763011126133 0.09929191263480959 0.024431969307248603 0.0113173201666696
18 0.3502134456501553 0.6525276832787118 0.00712864010080848 0.0133377836456255
18 0.8354699515477029 0.6524797800076587 0.00700738401672376 0.013343100108649199
29 0.6472885164671699 0.2412363713314204 0.0138659905960357 0.0179807362819268
18 0.5943399045908478 0.6525171525452405 0.00683355423886762 0.0133950244015389
18 0.7424117042284786 0.7128455049181567 0.00626725085948519 0.0119531689717512
18 0.6684717413941295 0.652552288200876 0.007050956374042918 0.0134040489633799
23 0.24985748737926297 0.644488565563551 0.0112421485004659 0.0110706135116842
32 0.9263424471558284 0.6974715791090772 0.00444416699199073 0.005256054965802221
18 0.5536381632282016 0.65252867709595 0.00710879531974108 0.013389109811377899
19 0.5670756113749692 0.6440990684485286 0.00661718852319666 0.00511358415413936
19 0.19501051582603834 0.6440605993497267 0.00650041825130969 0.00506858869603163
19 0.043862514740426795 0.6440746462222138 0.00657429583901339 0.00488642976097179
19 0.7190445583253577 0.6440787608092583 0.00658006372153939 0.00512113816703477
18 0.3123640731845346 0.6524982872724597 0.007230384729813117 0.0135791811012753
19 0.23079535447074018 0.7052452009008087 0.00583404785254634 0.0041260581050513
23 0.12975357666261636 0.6253320297471682 0.011188244100090701 0.0112348114892063
19 0.681967892718618 0.6440278813185732 0.00647091823241991 0.00499292021409234
23 0.7738374809134473 0.6444479634956543 0.0116041026250504 0.0112425846929325
19 0.932269499530904 0.6440459512036019 0.00639389434943583 0.00504989279798376
3 0.609280903057626 0.0991444919954715 0.024336535676506146 0.011209294320185602
16 0.4277983866943505 0.568308858749377 0.006965173770275041 0.03852753355211599
19 0.6077993263430639 0.6440574759212914 0.006598839852407819 0.00498078434472072
19 0.325845406653769 0.6440340387552544 0.00666312466155803 0.00498996831807495
19 0.12097442002458862 0.6440160237514247 0.006411775694829241 0.00489012739562553
18 0.9187771508380769 0.6524775292662619 0.00690977152805763 0.013450953018131899
18 0.21894536448626062 0.7127706411192648 0.00629982707976526 0.011754858043602202
23 0.6166506033318431 0.6254287846875888 0.011357654219348201 0.0109974298233115
24 0.7982627655982397 0.11552900948620975 0.0097771936549214 0.0092737899975955
19 0.754401824831881 0.7052216051581643 0.0056185429994459 0.0041670080507267
24 0.6740671971416607 0.11554837884780703 0.0101430237664971 0.009149443618196071
29 0.7714958155585714 0.241235010475296 0.0139323083788787 0.017761630862157998
19 0.8490701001473403 0.6441203026481009 0.006334776407918599 0.00493667344239812
4 0.6096199467859029 0.348766286440893 0.00563232018499396 0.0100794438742341
3 0.7333688293370946 0.0992269187198877 0.0243525154896232 0.011194913205885799
19 0.36375310629125474 0.6440593776320496 0.00660265987841275 0.0049782100491593
3 0.42629506240712495 0.32797951548139614 0.0218467557582359 0.012035522106102202
24 0.48882522821220786 0.11563663598987681 0.0100378399374118 0.0096869231490676
19 0.8859930369106389 0.6440784529513391 0.00661047973755793 0.0048802476667141595
16 0.5596109019635932 0.5682220708412745 0.00696206278019847 0.0385610443123931
23 0.7018967306112102 0.18821255222341246 0.0119240593674441 0.011205915842521
19 0.3971029242566869 0.6441118139293601 0.0065737866461817495 0.0050418517561983504
23 0.818353991844336 0.1883123784515041 0.011726178014179932 0.0110285724821441
11 0.4129595900166042 0.13044491195471536 0.0137234006035725 0.0100567163073087
23 0.5446306104723324 0.1883123947295406 0.0121752476197588 0.011237781410893816
3 0.42646351125403226 0.2676360222883148 0.0220395175013066 0.0120555028751675
4 0.42442782502368226 0.2548325974292808 0.0058009800422086 0.0099618189928316
2 0.5213030070609633 0.2981579103108127 0.00782629496306859 0.0166872138910614
11 0.5983374173154692 0.13027895852783136 0.0137234006035725 0.0100567163073087
4 0.6096974152162763 0.2561350417770528 0.0058009800422086 0.0099618189928316
3 0.6109775774038103 0.2688709851868288 0.0205395175013066 0.0116555028751675
11 0.7225701028412281 0.13040329287965965 0.0137234006035725 0.0100567163073087
4 0.7338986948000055 0.25605713941557584 0.0058009800422086 0.0099618189928316
3 0.7352694936724713 0.2689070648547591 0.0205395175013066 0.0116555028751675
2 0.6454776986654376 0.298382160346676 0.00782629496306859 0.0166872138910614
4 0.424382533088805 0.34872636111454924 0.005579821158392439 0.0103388826248604
11 0.412986649261959 0.4226197190543091 0.013974049619908 0.0105113739617262
26 0.3726485015936647 0.46617109635911624 0.02886026993299039 0.0112076701371254
35 0.46551220683958233 0.48572178407376926 0.00812629496306866 0.011481884466480423
24 0.4870095179880212 0.5075458548070092 0.012400816313187946 0.011753110083798859
31 0.42107748835541386 0.5165675102733772 0.014015501981703699 0.010211445957800401
36 0.5769048341815614 0.4061546581930684 0.029182380793343583 0.010709705133974836
24 0.5747703784106092 0.39369415916916034 0.0116708565244744 0.0106012799473347
3 0.610812679539258 0.3279178163016811 0.0206467557582359 0.011835522106102201
11 0.598116828311884 0.4233286108520401 0.013974049619908 0.0105113739617262
26 0.6749298899848698 0.46613402705262275 0.027933750612760034 0.0112076701371254
24 0.672126777569694 0.5075933207945894 0.012400816313187946 0.011753110083798859
35 0.6505985701936057 0.4857054673288425 0.00812629496306866 0.011481884466480423
31 0.6143128648207722 0.5169896713532676 0.01084582924254039 0.010211445957800403
34 0.04106502001980401 0.6557506470366222 0.010776887313156434 0.009862749720670366
32 0.03791313062251867 0.6973639347194424 0.00439227391202074 0.005010538586367233
27 0.0711798946107214 0.7306456909831194 0.0096411010748666 0.00959231296973875
34 0.11820833811545589 0.6557276055584487 0.010992413453029799 0.0098300388995252
34 0.1924106471643739 0.6556952384163437 0.010992413453029799 0.0098300388995252
31 0.2288879601745057 0.7267709144455625 0.0104751606627954 0.00925549343143294
34 0.32310976860953017 0.6556728140622335 0.010992413453029799 0.0098300388995252
34 0.36099792341833314 0.6555906244812282 0.010992413453029799 0.0098300388995252
34 0.3944353432417749 0.6557563848074577 0.010992413453029799 0.0098300388995252
34 0.4325559407181166 0.6556741952264521 0.010992413453029799 0.0098300388995252
19 0.4351654110661438 0.6439474347673492 0.0065737866461817495 0.0050418517561983504
24 0.4622263177084504 0.6580818418882134 0.012049995537316392 0.012103048743121576
23 0.46860312558998884 0.6311437546933368 0.011991928529835789 0.01165597694261028
24 0.4878512606054106 0.6581296658041993 0.012145129378895518 0.012024335701117366
14 0.4633756407608609 0.5308338397219071 0.01779196445709208 0.005519570000814436
34 0.5644641697391269 0.6556086916930876 0.010992413453029799 0.0098300388995252
34 0.6052578578921632 0.6556908812740931 0.010992413453029799 0.0098300388995252
34 0.6792353274771097 0.6557490532384526 0.010992413453029799 0.0098300388995252
34 0.716182089482381 0.6557298703166645 0.010992413453029799 0.0098300388995252
31 0.7524121791655227 0.7267226553414298 0.0104908529227334 0.00934714172960939
34 0.8462798557394859 0.6557527093156572 0.010992413453029799 0.0098300388995252
34 0.8832626960111838 0.6558431178547631 0.010992413453029799 0.0098300388995252
34 0.9294420311181328 0.6557527093156567 0.010992413453029799 0.0098300388995252
27 0.959180838215499 0.7305212167630277 0.009641101074866593 0.009094416089373262
