12 0.49288802366984674 0.37698307286139787 0.03078058173723204 0.0368316575736135
11 0.3630367051640922 0.1204829698463921 0.0139965364144004 0.0100741248074782
11 0.3891224765893427 0.439262423597346 0.014054963143065985 0.010407429147606
0 0.37610815016006854 0.47333008593850073 0.0142189495156851 0.0346170365591435
20 0.44665416426857996 0.6295785869339582 0.0284067331917919 0.0595721856113363
20 0.5067204614028487 0.6295847882012021 0.0295553090295414 0.0597721856113363
13 0.39571768793705336 0.15311925370636714 0.0281397218113467 0.0490496868416523
30 0.7252800971582473 0.21018927274136412 0.048012625762038505 0.014443389521536301
30 0.4980691456048031 0.23357979360142334 0.04775797598835172 0.01428833710323595
24 0.451415991710639 0.13820831337499365 0.0101560870505201 0.0095215075578073
23 0.4858073957552946 0.1981010545447125 0.012062316930250833 0.011390121105820905
4 0.37471995645527784 0.2745095569988726 0.005730859835112431 0.010055551130134706
3 0.3779564726703068 0.2875119894999505 0.017458883430522956 0.011896480971313182
3 0.37443615956570164 0.35624492226390936 0.0175189378909812 0.011994377851678699
4 0.3775393544520537 0.3718591528138199 0.00569553138855545 0.010028268755564
26 0.33434586517062004 0.4830353291275094 0.01888321515502214 0.011058950214423744
36 0.4744178743286237 0.43090683244408035 0.024678088820537666 0.01114226548768089
24 0.4807555017127559 0.4168818473197075 0.012036481008500608 0.011281936465330133
8 0.4588606526911488 0.32739080307643986 0.00420337788268156 0.00607238935754188
31 0.37944607530397123 0.5372610508076834 0.010816943120311572 0.005596496396778795
35 0.41675189281531116 0.5119359538500196 0.00813120311187035 0.011462399787617199
24 0.4386197714372505 0.5314125820877036 0.012212666899553 0.0111699514289672
15 0.04712756501410631 0.792551140772945 0.0757932893544411 0.0736831575959379
32 0.045014104916270004 0.7516380408706109 0.0045145707914252195 0.00572399160555994
34 0.048139394660740964 0.7098311689066134 0.01084995808945586 0.007685195766946323
19 0.05110109969936265 0.6968217877590541 0.006650600375765699 0.00511327462025028
18 0.03719020031588361 0.7053945216802873 0.00708672092298663 0.013564307447250502
27 0.06720766189451355 0.6869853679731748 0.009773857494615667 0.009240472743858036
14 0.04423272590765006 0.616532886837837 0.00544597314485852 0.0333100405907821
32 0.11115842673351463 0.7528795190481381 0.00441457079142522 0.0055239916055599405
34 0.1143125582984516 0.7098665714987927 0.010891978058290598 0.007635920435190653
18 0.10340201799727332 0.7054092559644982 0.0071867209229866304 0.0134643074472505
19 0.11726291738075284 0.696839420616948 0.006650600375765699 0.00501327462025028
23 0.13578925291038513 0.6805761294258643 0.0114731543429663 0.011189742548938598
14 0.11032152647951626 0.616486918510966 0.00544597314485852 0.0333100405907821
17 0.10883353172359972 0.7773012989328599 0.0127795784164554 0.035462832887968004
19 0.2112812237920293 0.759368403345421 0.0061505096083352175 0.004619583979154255
18 0.1990374584614644 0.7671870362912765 0.0064224109444187705 0.012066175608291102
31 0.20912172226500533 0.7827201101545717 0.010597410797739269 0.0074089607763342105
23 0.23986449913658855 0.6742969851570437 0.0113268733517751 0.011221574636871502
14 0.20508765271424728 0.6164807172437221 0.00544597314485852 0.0333100405907821
16 0.42128647883676446 0.616524359382323 0.00514295068473884 0.033389973163392005
24 0.43714029863544696 0.7009498203386564 0.0098491778354519 0.0092206445672068
19 0.42806052938287187 0.6968288975367343 0.0067506003757657 0.00511327462025028
18 0.4140990429454142 0.7053321960549264 0.007054276991549909 0.01336062460938716
34 0.42507834435438424 0.7098844446194229 0.010891978058290598 0.00785290098804199
32 0.42197565772745266 0.792200779602172 0.0045145707914252195 0.00592399160555994
14 0.4667031283918645 0.5797325857394249 0.021345914880518898 0.00759428516759773
23 0.4767374504622397 0.6892603830117393 0.0114579293431474 0.011242511357898902
24 0.5019792525602119 0.7009498203386564 0.0096491778354519 0.0092206445672068
17 0.5649795332732228 0.7773527165857723 0.012931500744163337 0.03567399152527021
32 0.5673048257346226 0.752856680941252 0.00441457079142522 0.0055239916055599405
34 0.5705908322001185 0.7098156355049471 0.011091978058290576 0.007805453192991017
18 0.5595608078413042 0.705449091556728 0.007186720922986629 0.013491420472993003
19 0.5733745818832225 0.6968228247674816 0.006731241508314958 0.005059337837170769
23 0.591873724817454 0.6837097742893701 0.0114515013228662 0.0114763277868462
14 0.5664756111877782 0.616522357454903 0.0053459731448585205 0.0335100405907821
14 0.628785983905858 0.6165123113672215 0.005530567419227856 0.0334899484154223
34 0.6328293577405466 0.7097786095089973 0.01109197805829058 0.007738791691465544
19 0.6356564169886249 0.6967421862848775 0.0066506003757657 0.004981690801238562
27 0.8832358266325021 0.6869592969085506 0.009830437292648625 0.009313122053197469
32 0.6295974279956522 0.7530126940303267 0.004551722684916797 0.005749914310018291
18 0.6218677543858994 0.7054229320400363 0.00708672092298663 0.013564307447250502
23 0.7278917714760024 0.6742741412064245 0.011488251392868494 0.01123992115374688
15 0.8771092733173582 0.7853602340064566 0.07585662438143717 0.07385588562655858
3 0.37267317388441884 0.10589117736281409 0.0217857382200018 0.0155074980268156
11 0.5520477560570148 0.12124197625408961 0.0139965364144004 0.0100741248074782
13 0.5847931645456801 0.1513268622351638 0.028139721811346656 0.047956230607837665
24 0.6406782335009822 0.13681648524659004 0.00999078415533811 0.009427988233921906
23 0.6750371829211119 0.20380827931536 0.011871057382108152 0.011080966316117307
4 0.5636728544409692 0.27332467810961236 0.005730859835112431 0.010055551130134706
3 0.5668860596417197 0.2862949427688535 0.017458883430522956 0.011896480971313182
3 0.5616995688433657 0.10586534891799153 0.0217857382200018 0.015507498026815598
32 0.1747383994458152 0.7528664029681765 0.00441457079142522 0.0055239916055599405
34 0.17789253101075225 0.7098534554188308 0.010891978058290598 0.007635920435190653
18 0.16698199070957387 0.7053961398845365 0.0071867209229866304 0.0134643074472505
19 0.1808428900930534 0.6968263045369865 0.006650600375765699 0.00501327462025028
14 0.1739014991918168 0.6164738024310045 0.00544597314485852 0.0333100405907821
17 0.17241350443590028 0.7772881828528984 0.0127795784164554 0.035462832887968004
32 0.3029474919471863 0.7528664029681764 0.00441457079142522 0.0055239916055599405
34 0.30610162351212333 0.7098534554188306 0.010891978058290598 0.007635920435190653
18 0.29519108321094495 0.7053961398845361 0.0071867209229866304 0.0134643074472505
19 0.3090519825944245 0.6968263045369864 0.006650600375765699 0.00501327462025028
14 0.30211059169318794 0.6164738024310042 0.00544597314485852 0.0333100405907821
17 0.30062259693727134 0.7772881828528984 0.0127795784164554 0.035462832887968004
32 0.3418684120657664 0.7529075771827659 0.00441457079142522 0.0055239916055599405
34 0.3450225436307033 0.7098946296334202 0.010891978058290598 0.007635920435190653
18 0.3341120033295251 0.7054373140991254 0.0071867209229866304 0.0134643074472505
19 0.34797290271300446 0.6968674787515756 0.006650600375765699 0.00501327462025028
14 0.341031511811768 0.6165149766455936 0.00544597314485852 0.0333100405907821
17 0.3395435170558514 0.7773293570674877 0.0127795784164554 0.035462832887968004
32 0.38092793844434264 0.7528441211407317 0.00441457079142522 0.0055239916055599405
34 0.38408207000927946 0.7098311735913861 0.010891978058290598 0.007635920435190653
18 0.37317152970810136 0.7053738580570915 0.0071867209229866304 0.0134643074472505
19 0.38703242909158075 0.6968040227095418 0.006650600375765699 0.00501327462025028
14 0.3800910381903442 0.6164515206035596 0.00544597314485852 0.0333100405907821
17 0.37860304343442763 0.777265901025454 0.0127795784164554 0.035462832887968004
16 0.530884374278234 0.6193945609256614 0.007075722155853555 0.038940091925935144
19 0.5386248105598983 0.6968240396987991 0.0067506003757657 0.00511327462025028
18 0.5246633241224405 0.7054273382169916 0.007054276991549909 0.01336062460938716
34 0.5356426255314103 0.7098509977111459 0.010891978058290596 0.007595722847357623
32 0.5325399389044788 0.7922959217642374 0.0045145707914252195 0.00592399160555994
17 0.628656098366232 0.777348120806309 0.010379290163725985 0.035425043085087336
17 0.6622836123912629 0.7773616434303245 0.012931500744163337 0.03567399152527021
32 0.6646089048526628 0.7528656077858044 0.00441457079142522 0.0055239916055599405
34 0.6678949113181589 0.7098245623494998 0.011091978058290576 0.007805453192991017
18 0.6568648869593445 0.7054580184012802 0.007186720922986629 0.013491420472993003
19 0.6706786610012627 0.6968317516120338 0.006731241508314958 0.005059337837170769
14 0.663779690305819 0.6165312842994553 0.0053459731448585205 0.0335100405907821
19 0.7044904418735297 0.7593566320566937 0.0061505096083352175 0.004619583979154255
18 0.692246676542965 0.7671752650025487 0.0064224109444187705 0.012066175608291102
14 0.6983634144956199 0.6165058305661888 0.0053459731448585205 0.0335100405907821
17 0.7854276034163464 0.7774084030922676 0.012931500744163337 0.03567399152527021
32 0.7877528958777462 0.7529123674477473 0.00441457079142522 0.0055239916055599405
34 0.7910389023432427 0.7098713220114427 0.011091978058290576 0.007805453192991017
18 0.7800088779844279 0.7055047780632231 0.007186720922986629 0.013491420472993003
19 0.7938226520263458 0.6968785112739768 0.006731241508314958 0.005059337837170769
14 0.7869236813309022 0.6165780439613983 0.0053459731448585205 0.0335100405907821
17 0.8201243502477287 0.7773744279398791 0.012931500744163337 0.03567399152527021
32 0.8224496427091281 0.7528783922953588 0.00441457079142522 0.0055239916055599405
34 0.8257356491746245 0.7098373468590543 0.011091978058290576 0.007805453192991017
18 0.81470562481581 0.7054708029108344 0.007186720922986629 0.013491420472993003
19 0.8285193988577282 0.6968445361215884 0.006731241508314958 0.005059337837170769
14 0.8216204281622846 0.6165440688090097 0.0053459731448585205 0.0335100405907821
32 0.8615261865828405 0.7446802164750594 0.00441457079142522 0.0055239916055599405
34 0.8648121930483373 0.709803408013944 0.011091978058290574 0.0075248952213345975
18 0.8537821686895224 0.7052965850798963 0.007186720922986629 0.013491420472993003
19 0.8677116547580674 0.6968573569384211 0.00649981745506111 0.00496581851328544
14 0.8606969720359969 0.616369850978072 0.0053459731448585205 0.0335100405907821
