15 0.09393957306264764 0.7330122131495135 0.07118434997484334 0.06499772536655202
15 0.8978800054932783 0.731992853705637 0.06869889919781383 0.0658930201802508
17 0.6713166636233128 0.7197872822006809 0.012144614050221601 0.0291966453450057
14 0.6726563341382484 0.5713013025657241 0.0051847471287527706 0.0314933844222001
17 0.2383341931185484 0.7199229404272889 0.011941565641427428 0.02926216548410228
14 0.23960681448213317 0.571271750375073 0.005114595029445585 0.031195395044409668
2 0.27092128775621477 0.33953432878340273 0.014325061898571608 0.015390072299756932
32 0.6734214798128672 0.6992283214641466 0.004233074137023448 0.005291792572748136
2 0.385292104526059 0.1879415740179292 0.012820086980244642 0.0171326126426954
2 0.6138443641213136 0.1884125195213552 0.01291241729158602 0.017269181114881484
18 0.23322700414084868 0.6544500300990609 0.006547327339746707 0.012629972211630926
2 0.2708271188311351 0.2844189439957395 0.014567417869667153 0.010826404761826496
32 0.2404275110033 0.6993273385083384 0.0043201035317600245 0.005695869557670389
1 0.342064717937395 0.42893451286473755 0.023899859037443696 0.03406244132152251
20 0.4594871059305207 0.5846774832620776 0.026575274939755197 0.057959711340099446
1 0.6034902503661584 0.4285600314405785 0.02377143332097107 0.034362469126696875
20 0.5185314297351484 0.5845856494633723 0.027599642679652026 0.05786949211511164
32 0.43923218352614846 0.7356992903374586 0.004214252421289991 0.005510355062260012
2 0.2714367689239452 0.18794509482866617 0.013314108912947322 0.01723223957248176
2 0.7776060645777769 0.2876641621572455 0.013105744623528457 0.017018041245923918
3 0.3874202383751731 0.2844830209176934 0.020314947743276388 0.010732615446165111
2 0.3845085596081511 0.3417770730615365 0.014302445004612307 0.010782069679152993
18 0.6661397859012352 0.6544436849239469 0.006593617346136325 0.012631023528332917
23 0.7077789963999984 0.6185556852858282 0.0108679345122658 0.0105633881180536
3 0.6160476927404953 0.2847055941928999 0.02049507111389631 0.01093741216613127
2 0.6131343325766925 0.342101904366451 0.0143534220418598 0.01091436673999
23 0.12792503052102583 0.618690659435211 0.0108896982002758 0.0108675133362425
19 0.6791042040407809 0.6465050125491277 0.006128407729742641 0.004639364155994805
23 0.27338376977421935 0.6187164608096051 0.0109047432594181 0.010898523773689077
16 0.5411754541469866 0.5740129207619871 0.007157071558381959 0.03676613869652938
23 0.4429276644370745 0.27221761807292055 0.011412380792471264 0.010747444666046007
16 0.43777022391478193 0.5740087282534643 0.0068158679698519 0.0365465725968046
24 0.5401752775616521 0.4826564489860893 0.01166143420402383 0.01109205616788296
24 0.49608987374408353 0.4602650190587559 0.014567476155232063 0.011564640144093757
19 0.24611792268366403 0.6464394185293998 0.006458861710084655 0.004755111999406368
4 0.7814673105494812 0.31233606153569027 0.005429645959947571 0.009721535951474342
24 0.5036387774610243 0.1940844046391863 0.0120633672772265 0.0116157835766066
4 0.27533095017588793 0.3125023602449103 0.005250349783976202 0.009225223815585187
23 0.9337517549644163 0.6187163927870727 0.011021598565499134 0.010853579017595977
23 0.3150229601998451 0.24282743580618885 0.011476917275808986 0.010891955957624403
22 0.33203960119497816 0.24275716423169352 0.009737991256434174 0.010610875005029724
11 0.3813947393332138 0.23220980696376767 0.010265211688140924 0.007723965492383768
4 0.389030975270645 0.32884026308953934 0.005058696319915939 0.008943541548782576
22 0.47055199338407694 0.2721473464984252 0.011412380792471264 0.010747444666046007
6 0.46575644084031936 0.19891448165031594 0.03296658746541473 0.04787155723143655
2 0.5323829181118332 0.34181929515224907 0.014325061898571608 0.011034396194672098
2 0.5322887491867552 0.28442607231204325 0.014567417869667153 0.010826404761826496
2 0.5328983992795654 0.18795222314496984 0.013314108912947322 0.01723223957248176
4 0.5367925805315079 0.31240948856121453 0.005250349783976202 0.009225223815585187
23 0.5764845905554652 0.24223456412249292 0.011476917275808986 0.010891955957624403
22 0.5935012315505983 0.24216429254799757 0.009737991256434174 0.010610875005029724
23 0.6708240618388408 0.2724137874346879 0.011412380792471264 0.010747444666046007
24 0.7418593824739362 0.1945818407224525 0.0120633672772265 0.0116157835766066
4 0.617677372672411 0.3292364324513068 0.00535869631991594 0.00934354154878258
22 0.6917554161465047 0.27245966722299486 0.011412380792471264 0.010747444666046007
6 0.7055270458532314 0.1995619177335823 0.0364665874654147 0.047171557231436595
11 0.6101224107771203 0.2325201317534289 0.010265211688140924 0.007723965492383768
2 0.7763220740078048 0.33629989139395805 0.015750923172341103 0.022119757554288313
11 0.7839009565605415 0.22817961820363222 0.010400951172789292 0.0077239654923837615
11 0.34624396617765335 0.39945219897444717 0.010429455075151133 0.007665883920749513
26 0.2805987385853246 0.4383087423482251 0.0290748570987163 0.010744381642143508
31 0.33508685252199455 0.4921882922244026 0.008536550039858 0.006771538601221039
35 0.37511228275145114 0.5084294567646402 0.007801560882987033 0.0108758533592043
24 0.40016640724184926 0.4878718341467042 0.011661280477728084 0.01080193979268536
36 0.5068160317259771 0.4938678450145913 0.02601434582516717 0.01159466279360025
35 0.5607175234692056 0.5033219976576452 0.00773851029652305 0.01088128476472766
26 0.5409245516324961 0.438269769446364 0.026481371896130878 0.010751412808633731
13 0.46722110347719176 0.41093812653502815 0.028898778855038172 0.040908863272076455
22 0.14084288218689026 0.6023876541522847 0.0108896982002758 0.0108675133362425
14 0.09061415706348484 0.5713257387285874 0.0052231350402809525 0.03145472857811067
34 0.09368666662557651 0.6586332623636495 0.008585449775536009 0.007343360829471521
18 0.08426981982683054 0.6544576258135577 0.00651544071999992 0.012622901295104603
19 0.09713102691101883 0.6464663213814859 0.006243963473117127 0.004703590596655118
27 0.12208557049775512 0.7293422445165489 0.009191429776645306 0.009064900366130207
32 0.09148062961104504 0.6976793308686843 0.0043497966882880944 0.005235907899801333
14 0.15349262676593547 0.5716983725926373 0.0052231350402809525 0.03145472857811067
23 0.17659775141045794 0.6629078959603377 0.011039701379587754 0.010976280777941555
22 0.20419700485942735 0.6654200728989511 0.011039701379587754 0.010898983025984138
31 0.156283409211058 0.7259882155185331 0.007801639919208476 0.008113493646386588
18 0.14793874106013344 0.712235679422259 0.006007201879900048 0.011434956694514824
19 0.15938855817708586 0.7050808482080007 0.005510365634194017 0.0042801194059533055
20 0.17861915750204382 0.6971040754017263 0.04119222277728293 0.03610172431735688
34 0.2426599166659485 0.6585642813512392 0.008663838664790938 0.0073174430853674725
22 0.2862817478221363 0.6024064283692292 0.0109047432594181 0.010898523773689077
31 0.6007012547031269 0.4883233556271571 0.008337813860383975 0.007614797495165736
17 0.2918133184571965 0.71997912863433 0.011941565641427428 0.02926216548410228
14 0.29308593982078135 0.571327938582114 0.005114595029445585 0.031195395044409668
18 0.2867061294794968 0.6545062183061018 0.006547327339746707 0.012629972211630926
32 0.2939066363419481 0.6993835267153793 0.0043201035317600245 0.005695869557670389
19 0.29959704802231213 0.6464956067364408 0.006458861710084655 0.004755111999406368
34 0.29613904200459656 0.6586204695582799 0.008663838664790938 0.0073174430853674725
17 0.32692181966425976 0.7200023734225737 0.011941565641427428 0.02926216548410228
14 0.32819444102784456 0.5713511833703575 0.005114595029445585 0.031195395044409668
18 0.3218146306865599 0.6545294630943451 0.006547327339746707 0.012629972211630926
32 0.32901513754901124 0.6994067715036227 0.0043201035317600245 0.005695869557670389
19 0.3347055492293753 0.6465188515246842 0.006458861710084655 0.004755111999406368
34 0.33124754321165967 0.6586437143465234 0.008663838664790938 0.0073174430853674725
17 0.3641422668117847 0.7200551694965747 0.011941565641427428 0.02926216548410228
14 0.3654148881753695 0.5714039794443586 0.005114595029445585 0.031195395044409668
18 0.35903507783408484 0.6545822591683461 0.006547327339746707 0.012629972211630926
32 0.3662355846965361 0.6994595675776238 0.0043201035317600245 0.005695869557670389
19 0.3719259963769002 0.6465716475986854 0.006458861710084655 0.004755111999406368
34 0.3684679903591846 0.6586965104205246 0.008663838664790938 0.0073174430853674725
17 0.4009116555103817 0.7200047602785348 0.011941565641427428 0.02926216548410228
14 0.4021842768739664 0.5713535702263187 0.005114595029445585 0.031195395044409668
18 0.3958044665326818 0.6545318499503062 0.006547327339746707 0.012629972211630926
32 0.40300497339513297 0.6994091583595842 0.0043201035317600245 0.005695869557670389
19 0.40869538507549713 0.6465212383806453 0.006458861710084655 0.004755111999406368
34 0.40523737905778157 0.6586461012024846 0.008663838664790938 0.0073174430853674725
18 0.43195984592178555 0.6488854513145433 0.006547327339746707 0.012629972211630926
19 0.4448507644646005 0.6406828540212414 0.006187382740786401 0.004755111999406363
34 0.4414606281892095 0.658663281414105 0.008663838664790938 0.0073174430853674725
22 0.46706876609790204 0.5731211835732403 0.011039678263190572 0.010821671554200791
23 0.47655106732481073 0.5497266662902544 0.011061562174398815 0.010883523475592724
14 0.47991762997999515 0.5370575647444473 0.022123123840236986 0.006972257226551618
24 0.47064217657194507 0.6359215709939265 0.011725335398662082 0.011805474844392948
24 0.5002632879411668 0.6358718343305076 0.011725335398662082 0.011805474844392948
32 0.5425192274913273 0.735703176155259 0.004214252421289991 0.005510355062260012
18 0.5353015423363199 0.6546867420282122 0.006547327339746707 0.012629972211630926
19 0.548192460879135 0.64648414473491 0.006187382740786401 0.004755111999406363
34 0.5447476721543882 0.6586671672319057 0.008663838664790938 0.0073174430853674725
14 0.5747634510376055 0.5712635698452914 0.00512313504028095 0.0312547285781107
23 0.5981919098848539 0.6659540606125538 0.011039701379587754 0.010976280777941555
22 0.6247890900164648 0.6654499756870601 0.011039701379587754 0.010898983025984138
31 0.5776042334827283 0.7263534127711873 0.007801639919208476 0.00731349364638659
18 0.5690595653318037 0.7142008766749133 0.006007201879900048 0.0078349566945148
19 0.5805093824487562 0.7086460454606548 0.005510365634194017 0.0042801194059533055
20 0.5999899817737144 0.7012692726543804 0.0410922227772829 0.0361017243173569
22 0.7193516525510426 0.6023747417278003 0.0108679345122658 0.0105633881180536
34 0.6757060653692861 0.6585687457664782 0.008798969911453725 0.007188690932032244
17 0.7441592882539709 0.7198570040684316 0.012144614050221601 0.0291966453450057
14 0.7454989587689065 0.5713710244334747 0.0051847471287527706 0.0314933844222001
32 0.7462641044435254 0.6992980433318975 0.004233074137023448 0.005291792572748136
18 0.7389824105318935 0.6545134067916972 0.006593617346136325 0.012631023528332917
19 0.7519468286714391 0.6465747344168783 0.006128407729742641 0.004639364155994805
34 0.7485486899999444 0.6586384676342292 0.008798969911453725 0.007188690932032244
17 0.7857410962532098 0.7198003881232435 0.012144614050221601 0.0291966453450057
14 0.7870807667681453 0.5713144084882869 0.0051847471287527706 0.0314933844222001
32 0.7878459124427643 0.6992414273867097 0.004233074137023448 0.005291792572748136
18 0.7805642185311322 0.6544567908465094 0.006593617346136325 0.012631023528332917
19 0.7935286366706777 0.6465181184716906 0.006128407729742641 0.004639364155994805
34 0.7901304979991832 0.6585818516890413 0.008798969911453725 0.007188690932032244
17 0.8179831458738728 0.7198332931739145 0.012144614050221601 0.0291966453450057
14 0.8193228163888082 0.5713473135389582 0.0051847471287527706 0.0314933844222001
32 0.820087962063427 0.6992743324373811 0.004233074137023448 0.005291792572748136
18 0.8128062681517955 0.6544896958971809 0.006593617346136325 0.012631023528332917
19 0.8257706862913408 0.6465510235223618 0.006128407729742641 0.004639364155994805
34 0.8223725476198464 0.6586147567397131 0.008798969911453725 0.007188690932032244
17 0.8538346902279504 0.7198332931739145 0.012144614050221601 0.0291966453450057
14 0.855174360742886 0.5713473135389582 0.0051847471287527706 0.0314933844222001
32 0.8559395064175047 0.6992743324373809 0.004233074137023448 0.005291792572748136
18 0.8486578125058731 0.6544896958971808 0.006593617346136325 0.012631023528332917
19 0.8616222306454183 0.6465510235223617 0.006128407729742641 0.004639364155994805
34 0.8582240919739239 0.6586147567397131 0.008798969911453725 0.007188690932032244
14 0.8936556694675746 0.5713318218347587 0.0051847471287527706 0.0314933844222001
32 0.8945301200409045 0.6963214889192755 0.004233074137023448 0.005291792572748136
18 0.8871391212305616 0.654474204192981 0.006593617346136325 0.012631023528332917
19 0.9001035393701072 0.6465355318181625 0.006128407729742641 0.004639364155994805
34 0.8967054006986125 0.6585992650355132 0.008798969911453725 0.007188690932032244
22 0.9468683428097553 0.6024836590786415 0.011021598565499134 0.010853579017595977
27 0.9251577594249557 0.7278721383021626 0.009191429776645306 0.009064900366130207
