11 0.19257503732034612 0.3596873931428343 0.01323188885571517 0.009754978395130778
11 0.5215172607990791 0.3596116940789228 0.012960279260559366 0.009633364541869947
0 0.533530717093491 0.3913736965128293 0.013337303584971589 0.03250797276987345
0 0.20460285965726352 0.3913669091995559 0.013367974115566754 0.0326118465065392
20 0.465841277683998 0.5274981518496504 0.029195352430115867 0.06373622375019773
20 0.5280326403792471 0.5274183840162785 0.030421586404820945 0.06373622375019705
2 0.08839440768032554 0.2575502708434134 0.0197858355381101 0.0262750972488128
4 0.09408405364398595 0.22295264441995694 0.0084481140773787 0.0158500648325419
2 0.08838694039837951 0.17268279665439057 0.019600770102002202 0.0258954310143631
2 0.1499593815766011 0.10592972625006215 0.0198007701020022 0.0261564323110139
2 0.15152548231731086 0.16640843847273895 0.0164776525150757 0.013265379588861901
4 0.15563766556394026 0.22286143670732592 0.00818355114582851 0.0158500648325418
22 0.24500299356589 0.18640919441408915 0.010143572130133999 0.009369037602874301
23 0.2217651949445431 0.18637952817963913 0.0101734412579182 0.0092690376028743
2 0.26451382462507433 0.10593232624339645 0.0196986915786727 0.0262323655579039
2 0.2662481202600111 0.16644609090394233 0.0164172442682382 0.0140927527736887
4 0.2702749293980551 0.22288304415396085 0.00817648203271221 0.0161019313263217
2 0.2660981202600101 0.2634992253487121 0.0163301003088002 0.014019322768426198
11 0.32352859674449974 0.1565106008258938 0.00664361305550545 0.0186720681843576
9 0.3303985732413027 0.14183465094516845 0.006787970086230898 0.024482126940221213
7 0.3538684966951353 0.11132734883104081 0.028533676312006498 0.043919610883173005
22 0.3969136281682124 0.18865936644061027 0.0110792919273208 0.0106317077272765
23 0.37522194196069925 0.18861554782151135 0.011235034770283502 0.010590374142930702
29 0.3745269424670868 0.22535898745533756 0.013222940917239601 0.0169342984684271
6 0.40000906233958516 0.34985141213764415 0.03058937891198767 0.04022895287233186
36 0.4367750527020249 0.39730849577044863 0.02024987515786734 0.010095667059371871
24 0.4332206351066637 0.41360459106499303 0.013190877748975096 0.010134733440657209
26 0.16163114542214146 0.40012837006552154 0.017087354809331826 0.010569150581599119
35 0.24221978672787287 0.4215454817728407 0.007721349653063093 0.010934095654588846
24 0.26258413025346344 0.4394344860748592 0.011632104996417614 0.010735727263938587
31 0.20748425659424405 0.4451841020276652 0.009964815571761028 0.007182578214818836
26 0.4907170229949227 0.400170058823098 0.017013195867003072 0.010916120738132433
35 0.5712362772885294 0.42151243796871024 0.007673445529837191 0.010745623554069874
24 0.5915532057034004 0.43948139806440945 0.011557042010544718 0.010845213545064604
31 0.5364593689123391 0.4451460497787402 0.00987018101110978 0.0072855384740172745
14 0.0459260920605296 0.5089511801095705 0.005236929114849148 0.031132713877742794
34 0.04965114144584903 0.5955236872585707 0.009913168486302066 0.0073458043192097125
19 0.05235820976065729 0.5835416637379978 0.006247685139041811 0.004547376209458272
18 0.039546342149054434 0.5915167290140054 0.006510883512545537 0.01258989912582689
32 0.04671013579747882 0.6282365156227931 0.004261707672521947 0.005221366870522057
27 0.06336587977026419 0.6231177104036646 0.008600786006091612 0.008166751786595762
15 0.04969018082677221 0.6638514767735719 0.06743671980249097 0.06231339745888576
23 0.07024524207268326 0.5567379877843841 0.011735296893839325 0.009779774037613223
22 0.07686315506285082 0.5890314795359121 0.012997072815200194 0.009483352646105166
23 0.13119908208309833 0.5555125954093703 0.013161115410980952 0.009312683357730143
22 0.13119036833098355 0.5878551528894412 0.013084497975165815 0.009779626412611554
32 0.11020601911142128 0.6356547785969276 0.004098448341580093 0.005345603661011854
17 0.10799065686943518 0.6582349692865954 0.011846495341144493 0.032870434091400356
31 0.22421209410569745 0.6633199439772074 0.009715678872692889 0.00707493939990431
18 0.21476710577103678 0.6164767643504506 0.0059142424224546365 0.01114982145376724
19 0.22617681489972882 0.609166379482669 0.005637567180463884 0.004101033981824719
14 0.220504321277785 0.5013037044035652 0.004520085117697191 0.03037964484618992
22 0.2599578782829128 0.5734625599311661 0.01308604746516217 0.009521281818488932
23 0.24299478295022436 0.5733753622623872 0.013194865420093332 0.00949504213512824
16 0.40327075269129226 0.515244034756971 0.005073711111693486 0.0436754267041258
32 0.4039672869625525 0.6803731861577265 0.004125093709563704 0.005326493306008275
14 0.48753712586403497 0.47488158206088366 0.019829928003634447 0.006721496366055304
22 0.5145306677153941 0.5204568328082563 0.013080934725652677 0.009663808118191093
23 0.49458307925316836 0.5205322753188334 0.01177913184909119 0.01150191095737219
24 0.45034404976369 0.6124755706522611 0.009844610852719326 0.009428230787739177
22 0.6412277530504226 0.5878263877683042 0.012914213739480202 0.009802782325809063
23 0.6412811479538371 0.5554832895308747 0.01281928896343414 0.00931658278444671
31 0.7800970823308405 0.6632506104271814 0.009824903833100945 0.006943277009172846
19 0.782093350859732 0.6091908215738158 0.005517346893061737 0.004101033981823791
18 0.7705955781921153 0.6165008271416794 0.005656886482362098 0.01111729501393535
14 0.7763589986511925 0.5013126345053468 0.004638894920580031 0.0302672520906557
22 0.8159488029712655 0.5734117214383494 0.012938585152549236 0.009384612525488124
23 0.7989131349293632 0.5734153583965406 0.01313458902918275 0.009448487482039301
2 0.15158232538089556 0.2639018302916181 0.0164868696794451 0.0133843808868922
2 0.47899053985751555 0.10608561003699248 0.0196986915786727 0.0262323655579039
2 0.48072483549245226 0.16659937469753835 0.0164172442682382 0.0140927527736887
4 0.4847516446304963 0.22303632794755684 0.00817648203271221 0.0161019313263217
2 0.4805748354924513 0.26365250914230814 0.0163301003088002 0.014019322768426198
22 0.5740011929811899 0.1864244717815664 0.009967557607345122 0.009369037602874296
23 0.5508514016212375 0.18639480554711657 0.0101734412579182 0.0092690376028743
2 0.602027853315736 0.10592225179642753 0.0196986915786727 0.0262323655579039
2 0.6037621489506728 0.16643601645697345 0.0164172442682382 0.0140927527736887
4 0.6077889580887169 0.222872969706992 0.00817648203271221 0.0161019313263217
2 0.6036121489506717 0.2634891509017433 0.0163301003088002 0.014019322768426198
11 0.6610426254351616 0.15650052637892495 0.00664361305550545 0.0186720681843576
9 0.6679126019319647 0.14182457649819954 0.006787970086230898 0.024482126940221213
7 0.6913825253857973 0.1113172743840719 0.028533676312006498 0.043919610883173005
22 0.7344276568588741 0.1886492919936414 0.0110792919273208 0.0106317077272765
23 0.7127359706513612 0.18860547337454253 0.011235034770283502 0.010590374142930702
29 0.6977501760379963 0.22518323782142705 0.013222940917239601 0.0169342984684271
14 0.10935320917092303 0.5089511801095704 0.004953455965752369 0.031132713877742788
34 0.1131639232042701 0.595576987816047 0.009913168486302066 0.0073458043192097125
19 0.11582698788838117 0.5835949642954741 0.0061596778776473685 0.00454737620945827
18 0.10305912390747553 0.5915700295714819 0.006510883512545537 0.012589899125826889
32 0.17164216205956573 0.6356074450599444 0.004098448341580093 0.005345603661011854
17 0.16942679981757966 0.6581876357496119 0.011846495341144493 0.032870434091400356
14 0.17078935211906746 0.5089038465725872 0.004953455965752369 0.031132713877742788
34 0.1746000661524145 0.5955296542790637 0.009913168486302066 0.0073458043192097125
19 0.17726313083652565 0.5835476307584908 0.0061596778776473685 0.00454737620945827
18 0.16449526685561996 0.5915226960344985 0.006510883512545537 0.012589899125826889
32 0.3074821558257733 0.6356681683402704 0.004098448341580093 0.005345603661011854
17 0.30526679358378717 0.6582483590299378 0.011846495341144493 0.032870434091400356
14 0.30662934588527496 0.5089645698529132 0.004953455965752369 0.031132713877742788
34 0.31044005991862206 0.5955903775593895 0.009913168486302066 0.0073458043192097125
19 0.3131031246027331 0.5836083540388166 0.0061596778776473685 0.00454737620945827
18 0.30033526062182747 0.5915834193148244 0.006510883512545537 0.012589899125826889
32 0.3396791691229176 0.635622668743249 0.004098448341580093 0.005345603661011854
17 0.3374638068809314 0.6582028594329167 0.011846495341144493 0.032870434091400356
14 0.3388263591824192 0.508919070255892 0.004953455965752369 0.031132713877742788
34 0.3426370732157663 0.5955448779623683 0.009913168486302066 0.0073458043192097125
19 0.3453001378998774 0.5835628544417957 0.0061596778776473685 0.00454737620945827
18 0.3325322739189719 0.5915379197178031 0.006510883512545537 0.012589899125826889
32 0.3717578159011923 0.6356849058532947 0.004098448341580093 0.005345603661011854
17 0.369542453659206 0.6582650965429623 0.011846495341144493 0.032870434091400356
14 0.3709050059606937 0.5089813073659376 0.004953455965752369 0.031132713877742788
34 0.37471571999404096 0.5956071150724138 0.009913168486302066 0.0073458043192097125
19 0.377378784678152 0.583625091551841 0.0061596778776473685 0.00454737620945827
18 0.36461092069724654 0.5916001568278487 0.006510883512545537 0.012589899125826889
34 0.406918134271129 0.5956071150724138 0.009913168486302066 0.0073458043192097125
19 0.40958119895524014 0.583625091551841 0.0061596778776473685 0.00454737620945827
18 0.3968133349743347 0.5916001568278488 0.006510883512545537 0.012589899125826889
24 0.5041322524892776 0.6124445332697639 0.009844610852719326 0.009428230787739177
16 0.5873299378591866 0.5151344768586135 0.005073711111693486 0.0436754267041258
32 0.5880264721304469 0.6802636282593691 0.004125093709563704 0.005326493306008275
34 0.5909773194390234 0.5954975571740561 0.009913168486302066 0.0073458043192097125
19 0.5936403841231346 0.5835155336534834 0.0061596778776473685 0.00454737620945827
18 0.580872520142229 0.5914905989294915 0.006510883512545537 0.012589899125826889
32 0.6202539504295601 0.6357232250905548 0.004098448341580093 0.005345603661011854
17 0.618038588187574 0.6583034157802226 0.011846495341144493 0.032870434091400356
14 0.6192559285077607 0.5089511657821475 0.004953455965752369 0.031132713877742788
34 0.6230666425411079 0.5955769734886237 0.009913168486302066 0.0073458043192097125
19 0.6257297072252188 0.5835949499680507 0.0061596778776473685 0.00454737620945827
18 0.6129618432443135 0.5915700152440584 0.006510883512545537 0.012589899125826889
32 0.6817638750971672 0.6356785699546355 0.004098448341580093 0.005345603661011854
17 0.6795485128551807 0.6582587606443032 0.011846495341144493 0.032870434091400356
14 0.6807658531753673 0.5089065106462283 0.004953455965752369 0.031132713877742788
34 0.6845765672087147 0.5955323183527041 0.009913168486302066 0.0073458043192097125
19 0.6872396318928256 0.5835502948321313 0.0061596778776473685 0.00454737620945827
18 0.6744717679119201 0.5915253601081392 0.006510883512545537 0.012589899125826889
32 0.713839175993444 0.6356923572930168 0.004098448341580093 0.005345603661011854
17 0.711823830254627 0.6582725479826843 0.011846495341144493 0.032870434091400356
14 0.7130411705748135 0.5089202979846094 0.004953455965752369 0.031132713877742788
34 0.7168518846081611 0.5955461056910853 0.009913168486302066 0.0073458043192097125
19 0.7195149492922718 0.5835640821705126 0.0061596778776473685 0.00454737620945827
18 0.7067470853113663 0.5915391474465203 0.006510883512545537 0.012589899125826889
32 0.8685306565273093 0.635607339725848 0.004098448341580093 0.005345603661011854
17 0.8665153107884922 0.6581875304155156 0.011846495341144493 0.032870434091400356
14 0.8677326511086789 0.5088352804174407 0.004953455965752369 0.031132713877742788
34 0.8715433651420261 0.5954610881239168 0.009913168486302066 0.0073458043192097125
19 0.8742064298261372 0.583479064603344 0.0061596778776473685 0.00454737620945827
18 0.8614385658452316 0.5914541298793519 0.006510883512545537 0.012589899125826889
32 0.9007251479459878 0.635662990783361 0.004098448341580093 0.005345603661011854
17 0.8987098022071704 0.6582431814730285 0.011846495341144493 0.032870434091400356
14 0.8999271425273573 0.5088909314749537 0.004953455965752369 0.031132713877742788
34 0.9037378565607044 0.5955167391814296 0.009913168486302066 0.0073458043192097125
19 0.9064009212448154 0.5835347156608569 0.0061596778776473685 0.00454737620945827
18 0.89363305726391 0.5915097809368646 0.006510883512545537 0.012589899125826889
32 0.9395458681365553 0.6282646122976656 0.004098448341580093 0.005345603661011854
14 0.9387478627179248 0.5089547824837364 0.004953455965752369 0.031132713877742788
34 0.9425585767512719 0.5955805901902118 0.009913168486302066 0.0073458043192097125
19 0.9452216414353829 0.5835985666696394 0.0061596778776473685 0.00454737620945827
18 0.9324537774544776 0.5915736319456469 0.006510883512545537 0.012589899125826889
27 0.9562668464627296 0.6231584597210654 0.008600786006091612 0.008166751786595762
15 0.9425911475192372 0.6638922260909724 0.06743671980249097 0.06231339745888576
23 0.9631462087651487 0.5567787371017852 0.011735296893839325 0.009779774037613223
22 0.9697641217553162 0.5890722288533129 0.012997072815200194 0.009483352646105166
