22 0.1500320634356904 0.21348424390410675 0.1540702951659621 0.014532303836613525
23 0.15066908003580054 0.2614318280676641 0.15293781520558436 0.01381152893562465
11 0.38642920681419923 0.8529107109997264 0.07926022017902201 0.02768072972493063
9 0.46839000814504916 0.8746673261798977 0.08098244119702924 0.03629395159832538
7 0.7483929651194993 0.9198934026980532 0.34041498927040537 0.0651093851242307
29 0.8243608742225381 0.7510908400864438 0.15775349945254924 0.025104543018889203
32 0.6336396925654832 0.1425449505826718 0.04889567095976477 0.007924682402404182
17 0.6072097819717825 0.10907055720284747 0.14133210667812524 0.04872934230110848
14 0.6217330031474704 0.3304803777534369 0.05909615855295358 0.04615322898056584
34 0.6671959208097386 0.2020604541192908 0.11826695960941547 0.010889914387877897
19 0.6989670506829165 0.21982341167471553 0.07348673391049076 0.006741336340933213
18 0.5466427503530271 0.20800063852156303 0.0776767184441437 0.018664113237231383
18 0.9316965971161322 0.20798019924383626 0.0776767184441437 0.018664113237231383
