15 0.047177316920980206 0.7768936655328226 0.07502197052944867 0.06908051220622899
15 0.8901288018773734 0.7698718368725954 0.0750207794056368 0.0694102732482542
20 0.5205180714879895 0.6123407545633506 0.03026392697503901 0.06385062843117485
20 0.4584703832451582 0.6123421017550852 0.029147447964469827 0.06368449492424873
17 0.10982816359452946 0.7638836880155706 0.0131461636586209 0.0364976565190853
13 0.6009479393902075 0.12434003412270432 0.029065481378510553 0.0475694501152161
13 0.40586238974474836 0.12269816784168407 0.02898677536249368 0.04406919741627984
14 0.20915752209521732 0.5893613438363571 0.0050550985376283395 0.0333544390015503
14 0.1113047279851365 0.5978499657409965 0.00569205682598101 0.0346234461273689
12 0.482304506206106 0.3653095628535047 0.0323870416866059 0.0432694700791714
29 0.42967999988980926 0.263039340064722 0.0145101397214386 0.0184194898664595
14 0.04296592447441142 0.5977118830874624 0.00569371398642926 0.034729368843954805
14 0.5821277109132964 0.5978024966833392 0.0056184220910500925 0.03471658086934704
18 0.03572287239274946 0.6895434815816026 0.007256118174283156 0.013887858339557071
18 0.20277314936594112 0.7532418772838178 0.006565766152175937 0.012403576125495728
3 0.5772815853723805 0.0879102572528342 0.0225457074539089 0.0160981746574656
19 0.05010552622845763 0.68070256410577 0.0069016703089075015 0.004885048446646861
32 0.43292159826465804 0.7791151738720969 0.00453253135704211 0.00594248773243802
3 0.38207436203645206 0.08798987672758556 0.022493703640452202 0.0161767392194557
31 0.5840820356549181 0.5269432241735289 0.011000850736208236 0.007766391551824764
4 0.5794410260537347 0.36228209503686953 0.00596473017517127 0.0103201205827871
23 0.2449031028424839 0.6574811539901718 0.011648306019229799 0.011586148787047602
32 0.04378442423701122 0.7370608310804745 0.004559454677038447 0.00590815694308752
19 0.21549504631791191 0.7453023952596786 0.00614561981148076 0.00458826087626067
4 0.5792476915896337 0.2618508586998811 0.00592519047393007 0.0102066751438692
24 0.4636433138525698 0.11071963388457216 0.010312076952183297 0.009709225796880593
23 0.13753009834297275 0.6638501258482655 0.0117801557895615 0.0114713788427971
23 0.4871392451107937 0.6616215108353465 0.0116923160292414 0.011477491361498999
16 0.4313718810931868 0.6006519574463502 0.007219070617194368 0.04039936596771824
23 0.49910141637964656 0.18881671376004103 0.012354604306241199 0.011491314104134
24 0.658587306340356 0.11072464798943375 0.0105969315906458 0.0098508695831255
24 0.6451899823265396 0.5204546209708133 0.01273772705849386 0.011989536029156011
23 0.6940632828241488 0.18880733372277145 0.0124843129785412 0.0115670869494069
11 0.3722577114648147 0.11957518928720251 0.014510233521100637 0.010577799075418838
4 0.3842301166416606 0.26066570512274434 0.005937154129111849 0.010253046551732701
3 0.3874791742495024 0.273843482462088 0.0181175800335947 0.012328971699161998
2 0.472727052464179 0.30941244233746423 0.00803666339403192 0.0204323117179925
11 0.5672959860294665 0.1201641140220182 0.014556262317687 0.0106114459578004
29 0.624524399359424 0.2575825687181403 0.0145101397214386 0.0184194898664595
3 0.5826009190167404 0.2752785540515679 0.0181175800335947 0.012328971699161998
24 0.5240659866171797 0.3861402558904213 0.0124393194054996 0.0119897425489385
36 0.5331658357694998 0.4007105602912125 0.0305243725681777 0.0118699514289671
3 0.5826512253320736 0.3462102207547057 0.0181673511195552 0.0123832401471493
11 0.5675265953967797 0.43201994363203977 0.0144804333932835 0.0105955613184357
1 0.5857088103897188 0.467166681070902 0.024961223997841328 0.0360441348516868
26 0.5355578892326813 0.4769176246214198 0.02360307176904832 0.011490698693383795
35 0.622673336701547 0.5007391621806527 0.008435481835499387 0.01192450497377852
34 0.04707232399906221 0.6942424714579138 0.010998665500172372 0.007661092898420752
27 0.07755665084135212 0.7201613476769231 0.00993801886149331 0.009606690315404107
18 0.10404326474712296 0.6895628735422642 0.007256118174283156 0.013887858339557071
19 0.11842591858283111 0.6807219560664315 0.0069016703089075015 0.004885048446646861
32 0.11210481659138409 0.7386397339499614 0.004559454677038443 0.005627178760749691
34 0.11539271635343563 0.6942618634185752 0.010998665500172372 0.007661092898420751
17 0.17545669971520347 0.7639143589954835 0.0131461636586209 0.0364976565190853
14 0.1769332641058106 0.5978806367209091 0.00569205682598101 0.0346234461273689
18 0.16967180086779698 0.6895935445221767 0.007256118174283156 0.013887858339557071
19 0.18405445470350518 0.6807526270463441 0.0069016703089075015 0.004885048446646861
32 0.17773335271205812 0.738670404929874 0.004559454677038443 0.005627178760749691
34 0.18102125247410972 0.6942925343984876 0.010998665500172372 0.007661092898420751
31 0.213284976236275 0.7693580962431641 0.010880858986150108 0.00769877228940906
17 0.3076813536867703 0.763870484419995 0.0131461636586209 0.0364976565190853
14 0.30915791807737736 0.5978367621454208 0.00569205682598101 0.0346234461273689
18 0.30189645483936367 0.6895496699466882 0.007256118174283156 0.013887858339557071
19 0.3162791086750719 0.6807087524708558 0.0069016703089075015 0.004885048446646861
32 0.3099580066836249 0.7386265303543854 0.004559454677038443 0.005627178760749691
34 0.3132459064456764 0.6942486598229994 0.010998665500172372 0.007661092898420751
17 0.3480139657554924 0.7638184179270046 0.0131461636586209 0.0364976565190853
14 0.34949053014609954 0.5977846956524303 0.00569205682598101 0.0346234461273689
18 0.3422290669080857 0.6894976034536977 0.007256118174283156 0.013887858339557071
19 0.3566117207437941 0.6806566859778654 0.0069016703089075015 0.004885048446646861
32 0.3502906187523469 0.7385744638613951 0.004559454677038443 0.005627178760749691
34 0.3535785185143987 0.694196593330009 0.010998665500172372 0.007661092898420751
17 0.3882438033318724 0.7638951020192354 0.0131461636586209 0.0364976565190853
14 0.3897203677224797 0.5978613797446614 0.00569205682598101 0.0346234461273689
18 0.38245890448446596 0.6895742875459286 0.007256118174283156 0.013887858339557071
19 0.3968415583201741 0.6807333700700962 0.0069016703089075015 0.004885048446646861
32 0.3905204563287272 0.7386511479536263 0.004559454677038443 0.005627178760749691
34 0.39380835609077885 0.6942732774222401 0.010998665500172372 0.007661092898420751
18 0.4247436875892063 0.6830424373246609 0.007256118174283156 0.013887858339557071
19 0.43912634142491447 0.6742015198488286 0.0069016703089075015 0.004885048446646861
34 0.43609313919551895 0.6877414272009723 0.010998665500172372 0.007661092898420751
24 0.4486567103793938 0.6725061143429997 0.0101556589987716 0.0095124570045574
24 0.4971905220506503 0.6787889276389448 0.0102585104342986 0.0096357920285079
14 0.47908129923324955 0.5600879203303123 0.022039683829612803 0.00771140645920871
18 0.5387963148508922 0.6896260989733127 0.007256118174283156 0.013887858339557071
19 0.5531789686866002 0.6807851814974798 0.0069016703089075015 0.004885048446646861
34 0.550145766457205 0.6943250888496234 0.010998665500172372 0.007661092898420751
16 0.5453198688049901 0.6006717839027923 0.007219070617194368 0.04039936596771824
32 0.5469586998552606 0.7790619349261781 0.00453253135704211 0.005942487732438021
23 0.6083838207386907 0.6669987645353236 0.0116923160292414 0.011477491361498997
18 0.5748351527128401 0.6895979144621429 0.007256118174283156 0.013887858339557071
19 0.5892178065485484 0.6807569969863103 0.0069016703089075015 0.004885048446646861
34 0.586184604319153 0.6942969043384537 0.010998665500172372 0.007661092898420751
17 0.580622475532553 0.7638450001328256 0.0131461636586209 0.0364976565190853
32 0.5828991285294076 0.7386010460672161 0.004559454677038443 0.005627178760749691
14 0.6464747209457188 0.5977125056222893 0.0056184220910500925 0.03471658086934704
18 0.6391821627452624 0.6895079234010933 0.007256118174283156 0.013887858339557071
19 0.6535648165809705 0.6806670059252604 0.0069016703089075015 0.004885048446646861
34 0.650531614351575 0.6942069132774038 0.010998665500172372 0.007661092898420751
17 0.6449694855649747 0.763755009071776 0.0131461636586209 0.0364976565190853
32 0.6472461385618297 0.7385110550061661 0.004559454677038443 0.005627178760749691
14 0.6825648146785335 0.5977525392362835 0.0056184220910500925 0.03471658086934704
18 0.6752722564780771 0.6895479570150875 0.007256118174283156 0.013887858339557071
19 0.6896549103137852 0.6807070395392546 0.0069016703089075015 0.004885048446646861
34 0.6866217080843898 0.6942469468913979 0.010998665500172372 0.007661092898420751
17 0.6810595792977895 0.7637950426857704 0.0131461636586209 0.0364976565190853
32 0.6833362322946444 0.7385510886201604 0.004559454677038443 0.005627178760749691
14 0.7182364276032004 0.5880918750330951 0.00485509853762834 0.0307544390015503
18 0.7119520548739239 0.7532724084805551 0.006565766152175937 0.012403576125495728
23 0.7520820083504668 0.6575116851869093 0.011648306019229799 0.011586148787047602
19 0.7246739518258949 0.7453329264564159 0.00614561981148076 0.00458826087626067
14 0.8097712051262503 0.5977583237208256 0.0056184220910500925 0.03471658086934704
18 0.8024786469257941 0.6895537414996301 0.007256118174283156 0.013887858339557071
19 0.8168613007615017 0.6807128240237968 0.0069016703089075015 0.004885048446646861
34 0.8138280985321064 0.6942527313759398 0.010998665500172372 0.007661092898420751
17 0.8082659697455064 0.7638008271703128 0.0131461636586209 0.0364976565190853
32 0.8105426227423616 0.738556873104703 0.004559454677038443 0.005627178760749691
14 0.8456001778837198 0.597811314573795 0.0056184220910500925 0.03471658086934704
18 0.8383076196832637 0.6896067323525995 0.007256118174283156 0.013887858339557071
19 0.8526902735189712 0.6807658148767662 0.0069016703089075015 0.004885048446646861
34 0.8496570712895759 0.6943057222289091 0.010998665500172372 0.007661092898420751
17 0.844094942502976 0.7638538180232828 0.0131461636586209 0.0364976565190853
32 0.8463715954998312 0.7386098639576724 0.004559454677038443 0.005627178760749691
14 0.8859559151584073 0.5977954233588114 0.0056184220910500925 0.03471658086934704
18 0.8786633569579514 0.6895908411376162 0.007256118174283156 0.013887858339557071
19 0.893046010793659 0.6807499236617829 0.0069016703089075015 0.004885048446646861
34 0.8900128085642636 0.6942898310139256 0.010998665500172372 0.007661092898420751
32 0.8866666120824253 0.7301685844617408 0.004559454677038441 0.005857231037442542
27 0.9205232508725913 0.7204647531354125 0.010191843693248801 0.00952828942113519
