15 0.05746704206634929 0.7253966580328657 0.05362907297157039 0.057683737880051586
15 0.918448373432147 0.7253982256760652 0.05341242714741192 0.057403528076817166
20 0.4587575936933313 0.5789695878680539 0.027086516629306886 0.05890782365485052
17 0.1316494003689406 0.715896757227085 0.0122661085077974 0.02934919082414812
14 0.05829476504631277 0.5655144503873858 0.005057269981081054 0.03178528302832598
14 0.2402006074714661 0.5661073967142589 0.005269825437144143 0.0320234529602712
13 0.4535356403400791 0.14143267801740855 0.0269558130950282 0.0418970648160311
14 0.13298978527182242 0.5655995485600039 0.005374739729476258 0.03188581694836537
12 0.5220947066495186 0.34941831089475284 0.0288056023165172 0.0376317202194357
14 0.7473503307977968 0.5658381623773922 0.0052872371362759595 0.031774141290796525
32 0.13382543753392542 0.6947950614042772 0.0043116744884614125 0.005077774660115752
23 0.7720100354614385 0.642081639070088 0.01108623534118184 0.010896881460536918
18 0.0518402847267868 0.6497765782291982 0.006853054664033532 0.012897631192544662
32 0.4383924265478702 0.7278585111041705 0.00427836993753778 0.00560916104125107
18 0.23453186442959162 0.7084040452897906 0.00617920030097723 0.011632415529709299
18 0.7417084319085602 0.7082702678664339 0.006192758699213776 0.01130216658597536
1 0.43921659412649616 0.4601065543228031 0.022131924348192597 0.03333857897636238
23 0.5210255261774335 0.6394189077417 0.011693224863745218 0.011528530430678257
23 0.26448445608101706 0.6420638089355231 0.01100654730269792 0.01079743162774945
19 0.24616597141527857 0.7009008682508546 0.00575269336842636 0.00409755238761043
23 0.14823228279026684 0.623591417119607 0.01106661975575634 0.010843678943322176
32 0.059193196259018144 0.69343935233162 0.004387915243861119 0.0052649778806885365
32 0.919893308187972 0.6934298576534127 0.004379397108279751 0.005225336370321995
19 0.7534150155932581 0.7009486542577084 0.005592328133964483 0.004220908280222498
24 0.50300154577467 0.1295669673838144 0.0114753243533397 0.0106583453235208
24 0.47007661700896547 0.6550650889841699 0.011741796010752235 0.011723063684454289
16 0.43691158813501174 0.5683033869380525 0.006679253743325611 0.0372231411637931
3 0.4330140145450661 0.11372832782924121 0.023883731987298196 0.0108168050437824
11 0.4225981439742442 0.14399626250105846 0.013522677444909901 0.0098523196325109
23 0.5462402865470203 0.20002843922393335 0.0119036543994305 0.0112298816887947
4 0.43364428662885757 0.2647042415463018 0.005657403848231169 0.0099726294948716
3 0.4356111917010179 0.27725571525660064 0.02145376332936628 0.010934562338146396
2 0.5390210862503607 0.30321187874961164 0.00748878874727144 0.0233494933777373
24 0.4865065737457391 0.3990047111700137 0.011532203110980674 0.010752319632510847
36 0.4843160994118098 0.41094160838915705 0.02841174062537682 0.010752319632510847
3 0.4354581060947949 0.33516074559983366 0.021260486182255924 0.01082521671476449
4 0.4335998845325606 0.35540552630946304 0.005739745580883978 0.00977483602955529
11 0.42254781484981935 0.42705679758357656 0.01355311825474421 0.009771226277173608
26 0.3834688854519223 0.4690781678812732 0.02816628397298466 0.0108441940543603
31 0.43030581149777775 0.518151014789053 0.013521115614237189 0.00956188327065533
35 0.4734375698103599 0.48825887823034214 0.00796073934197972 0.0110250509086804
24 0.4942592630355184 0.5093912060504003 0.011680963785080678 0.011202679808223408
34 0.062287982484756206 0.6528738858638935 0.01046928942290153 0.009639311624866878
19 0.06485041243507132 0.6415890618398304 0.006225285297088467 0.00466020539745895
27 0.09827403695464053 0.7257168944181612 0.009491692241301539 0.00884692803955204
18 0.12651085898706863 0.6498475520205611 0.006853054664033532 0.012897631192544662
34 0.136958556745038 0.6529062153065426 0.010469289422901531 0.00956202292744141
19 0.13952098669535326 0.6416600356311932 0.006225285297088467 0.00466020539745895
17 0.20348989728617922 0.7158740407008417 0.0122661085077974 0.02934919082414812
14 0.2048302821890611 0.5655768320337604 0.005374739729476258 0.03188581694836537
32 0.20566593445116407 0.6947723448780336 0.0043116744884614125 0.005077774660115752
18 0.19835135590430736 0.6498248354943176 0.006853054664033532 0.012897631192544662
34 0.20879905366227663 0.6528834987802989 0.010469289422901531 0.00956202292744141
19 0.211361483612592 0.6416373191049497 0.006225285297088467 0.00466020539745895
31 0.24423024952164613 0.7217772190689046 0.0101788345730823 0.008854370903443069
17 0.3301587450430632 0.7158226050727049 0.0122661085077974 0.02934919082414812
14 0.3314991299459451 0.5655253964056238 0.005374739729476258 0.03188581694836537
32 0.3323347822080481 0.6947209092498968 0.0043116744884614125 0.005077774660115752
18 0.3250202036611913 0.6497733998661808 0.006853054664033532 0.012897631192544662
34 0.33546790141916055 0.6528320631521622 0.010469289422901531 0.00956202292744141
19 0.33803033136947586 0.6415858834768128 0.006225285297088467 0.00466020539745895
17 0.3668415555973179 0.7159142694756853 0.0122661085077974 0.02934919082414812
14 0.3681819405001998 0.5656170608086039 0.005374739729476258 0.03188581694836537
32 0.3690175927623029 0.6948125736528772 0.0043116744884614125 0.005077774660115752
18 0.36170301421544615 0.6498650642691609 0.006853054664033532 0.012897631192544662
34 0.3721507119734153 0.6529237275551424 0.010469289422901531 0.00956202292744141
19 0.3747131419237306 0.6416775478797931 0.006225285297088467 0.00466020539745895
17 0.39930603798313846 0.7159191326342872 0.0122661085077974 0.02934919082414812
14 0.40064642288602026 0.5656219239672055 0.005374739729476258 0.03188581694836537
32 0.4014820751481233 0.6948174368114786 0.0043116744884614125 0.005077774660115752
18 0.3941674966012666 0.6498699274277625 0.006853054664033532 0.012897631192544662
34 0.40461519435923565 0.6529285907137441 0.010469289422901531 0.00956202292744141
19 0.40717762430955107 0.6416824110383946 0.006225285297088467 0.00466020539745895
18 0.43104130253735945 0.6499215090434197 0.006853054664033532 0.012897631192544662
34 0.44148900029532856 0.6529801723294013 0.010469289422901531 0.00956202292744141
19 0.444051430245644 0.641733992654052 0.006225285297088467 0.00466020539745895
24 0.47089658066337753 0.6245808545869128 0.011741796010752235 0.011723063684454289
20 0.5254816710051254 0.5789695878680539 0.027886516629306902 0.058907823654850505
14 0.4698728879444464 0.5316469766546557 0.01672137966494442 0.005375023140310206
32 0.5661830975592121 0.7278585111041705 0.00427836993753778 0.00560916104125107
16 0.5647022591463537 0.5683033869380523 0.006679253743325611 0.0372231411637931
18 0.5588319735487014 0.6499215090434198 0.006853054664033532 0.012897631192544662
34 0.5692796713066703 0.6529801723294013 0.010469289422901531 0.00956202292744141
19 0.5718421012569859 0.641733992654052 0.006225285297088467 0.00466020539745895
17 0.6033647266865926 0.7158421071906532 0.0122661085077974 0.02934919082414812
14 0.6047051115894745 0.5655448985235725 0.005374739729476258 0.03188581694836537
32 0.6055407638515774 0.6947404113678453 0.0043116744884614125 0.005077774660115752
23 0.6199476091079188 0.623536767083175 0.01106661975575634 0.010843678943322176
18 0.5982261853047208 0.6497929019841289 0.006853054664033532 0.012897631192544662
34 0.6086738830626899 0.6528515652701106 0.010469289422901531 0.00956202292744141
19 0.6112363130130053 0.6416053855947612 0.006225285297088467 0.00466020539745895
17 0.6751234706474927 0.7159649611216767 0.0122661085077974 0.02934919082414812
14 0.6764638555503742 0.5656677524545952 0.005374739729476258 0.03188581694836537
32 0.6772995078124775 0.6948632652988684 0.0043116744884614125 0.005077774660115752
18 0.6699849292656208 0.6499157559151523 0.006853054664033532 0.012897631192544662
34 0.6804326270235896 0.6529744192011337 0.010469289422901531 0.00956202292744141
19 0.6829950569739052 0.6417282395257845 0.006225285297088467 0.00466020539745895
17 0.7110849071609335 0.7159430386519464 0.0122661085077974 0.02934919082414812
14 0.7124252920638153 0.5656458299848647 0.005374739729476258 0.03188581694836537
32 0.7132609443259186 0.694841342829138 0.0043116744884614125 0.005077774660115752
18 0.7059463657790617 0.6498938334454217 0.006853054664033532 0.012897631192544662
34 0.7163940635370301 0.6529524967314033 0.010469289422901531 0.00956202292744141
19 0.718956493487346 0.641706317056054 0.006225285297088467 0.00466020539745895
17 0.8370435389410429 0.7159316803888247 0.0122661085077974 0.02934919082414812
14 0.8383839238439249 0.5656344717217427 0.005374739729476258 0.03188581694836537
32 0.839219576106028 0.6948299845660161 0.0043116744884614125 0.005077774660115752
18 0.8319049975591711 0.6498824751822997 0.006853054664033532 0.012897631192544662
34 0.8423526953171401 0.6529411384682814 0.010469289422901531 0.00956202292744141
19 0.8449151252674557 0.6416949587929319 0.006225285297088467 0.00466020539745895
17 0.8728624943285813 0.7159316803888243 0.0122661085077974 0.02934919082414812
14 0.8742028792314634 0.5656344717217423 0.005374739729476258 0.03188581694836537
32 0.8750385314935666 0.6948299845660161 0.0043116744884614125 0.005077774660115752
18 0.8677239529467093 0.6498824751822992 0.006853054664033532 0.012897631192544662
34 0.8781716507046785 0.6529411384682813 0.010469289422901531 0.00956202292744141
19 0.8807340806549943 0.6416949587929317 0.006225285297088467 0.00466020539745895
14 0.9190159439670863 0.5656086255753954 0.005117036866661164 0.031885816948365356
18 0.9124081662509244 0.6498566290359526 0.006853054664033532 0.012897631192544662
34 0.9228558640088935 0.6529152923219356 0.010469289422901531 0.00956202292744141
19 0.9255635059405097 0.6416691126465853 0.006225285297088467 0.00466020539745895
27 0.957582875862502 0.7114656858185928 0.009390374790787064 0.008899906736533012
