30 0.6424762695312469 0.8826344894109976 0.4521030735325169 0.041778898227529226
24 0.8343739967139983 0.057420039339819096 0.12203409984691671 0.027719910914258072
24 0.7685174479900384 0.7343141486684748 0.10037529339706297 0.026757305942600618
2 0.4882694483275387 0.38907655128114854 0.11897634315953987 0.036490119330749304
2 0.48985986353602895 0.5200541322680423 0.12077645420733196 0.025361198753982128
2 0.4838446783313823 0.7490439943319402 0.11005945254767402 0.040727997102734226
4 0.45118771533249613 0.4534372687116831 0.04363647372073842 0.02206365658935372
22 0.1057303561959137 0.6091445361713816 0.09519013166783374 0.025325105814899995
26 0.3551407987690671 0.1551730195165394 0.3429494024198365 0.02569479817338416
24 0.4221729456234496 0.04976110951923857 0.09744584851849314 0.026076094009077067
