23 0.4888207280639967 0.8588328018815988 0.01709521836878214 0.2108999399038487
23 0.11515939913637427 0.6940669803828984 0.016872946606978176 0.21310391268887363
19 0.9577295310502927 0.20594916920091738 0.00932257073081344 0.0912331118252615
23 0.26893025555477335 0.6187201409600671 0.01698181278471661 0.21056073012977528
24 0.010468708233234245 0.10157174250677264 0.014525036280040954 0.17754615335084656
19 0.0900744311733152 0.11923348931352118 0.009058057927980756 0.07942280981057426
21 0.16738901026741243 0.6918821905232218 0.017368238065385178 0.21607695138471594
21 0.2548636058078896 0.2740907065542077 0.017251933681719234 0.21906273938352172
22 0.2989321824080105 0.6172442421589727 0.016981812784716444 0.20957679759571568
19 0.23776113638594165 0.11739253213757084 0.009955147786246815 0.094557274501887
19 0.39806461564613266 0.10669383638403962 0.009955147786246843 0.09455727450188456
18 0.4454811536248753 0.11756843329297256 0.009288826760375513 0.21897830008239383
19 0.4631968464398228 0.2600686927915507 0.00893397962504261 0.0794228098105717
22 0.5182107420865789 0.8592393855733662 0.017095218368782028 0.20846043775328416
19 0.6150009842989306 0.1151411950944396 0.009955147786246843 0.09455727450188445
23 0.6335855503502843 0.6712113695577505 0.016720664134454055 0.20623175652472514
22 0.6628990555946812 0.6677647626699899 0.016965226360714625 0.21020376864047763
19 0.7207427276358256 0.11708300053027754 0.009955147786246843 0.09455727450188456
19 0.7803148860089357 0.11733540737064052 0.009955147786246843 0.09455727450188456
19 0.8446877109387634 0.11985970189534956 0.009955147786246732 0.09455727450188456
19 0.8991946443744807 0.11762560553742019 0.009955147786246843 0.09455727450188456
22 0.9729215838003711 0.7383373165600965 0.017065316191751445 0.21252942735734215
