21 0.33446908774962636 0.9369210676592117 0.0807111516720822 0.062165143977343296
19 0.09684811748858091 0.7304672668128213 0.0363068016019894 0.03626438493691042
23 0.31113441523889335 0.6723041011217554 0.07918603309599159 0.06090965333637033
21 0.31114961497280164 0.5633899981627812 0.0807111516720821 0.061800539027329404
14 0.7107330930694569 0.76921437269278 0.22122124412777688 0.03150708087911014
19 0.09810694487946625 0.37244154306267097 0.0363068016019894 0.03626438493691042
14 0.7119919204603411 0.4111886489426295 0.22122124412777733 0.03150708087911025
19 0.09897798164374827 0.19789307521926763 0.0363068016019894 0.03626438493691031
14 0.7128629572246239 0.23664018109922602 0.22122124412777688 0.03150708087911047
14 0.7146475373071876 0.052121879086903744 0.22122124412777677 0.03150708087911014
