20 0.6113892029132378 0.27939386621335416 0.03759506732839779 0.28150246329629347
23 0.6244753565254152 0.7458108166892351 0.021355892992952485 0.09500937886757543
23 0.15768568563388075 0.6715846297764542 0.02107822400633652 0.09600225769647275
23 0.34978115258052134 0.6376412516206242 0.021214223113933617 0.09485656654361163
24 0.026902729601655573 0.40466845825800146 0.018145139408207833 0.07998366314320315
18 0.09304333831140149 0.3010814477228724 0.016042656403363664 0.14821280239425394
31 0.12349523396709822 0.30409799869835297 0.021732043043272475 0.09730572008288174
19 0.12634874216850778 0.41262498776005163 0.011315615376237043 0.03577958263743697
21 0.22293258463897564 0.6706003927604611 0.021696957921158888 0.09734159691093647
21 0.33220864427537056 0.4823873975070936 0.021551666769060285 0.09868667962326971
22 0.38726051819249546 0.6369763665171609 0.021214223113933506 0.09441330980797091
32 0.299479035615342 0.29078264614771443 0.008360507855823873 0.04643124490459538
18 0.2758029540737601 0.301196962725091 0.015477411607709435 0.14672596637818525
19 0.31084369303512605 0.4117956456659354 0.01243628868996205 0.0425975840577808
32 0.4998602991536545 0.28797774001840987 0.008360507855823762 0.0464312449045966
18 0.47624673531951434 0.2963772532519622 0.015477411607709657 0.14672596637818414
19 0.5110999211585521 0.4069759361928099 0.012436288689961938 0.04259758405777969
18 0.5703341754000458 0.411874888265646 0.011603899174923882 0.09864864013612795
31 0.5897999319169545 0.10912283593599492 0.021732043043272475 0.09730572008288285
19 0.5924651848958309 0.47607054972292634 0.011160612795800273 0.03577958263743575
22 0.6611903010782032 0.7459939806295858 0.021355892992952263 0.09391039522548938
18 0.7469894636609599 0.29885417330938546 0.015477411607709657 0.14672596637818525
32 0.7704400802066378 0.29041276548147243 0.008360507855823984 0.04643124490459649
19 0.7821037641798851 0.41078142947323776 0.012436288689961938 0.04259758405777958
23 0.8053201978838229 0.6612882902463133 0.020887987876105685 0.09290638536509899
22 0.8419395652263817 0.6597356109057875 0.02119350282312016 0.09469575715981904
18 0.87948351270057 0.2996381219509473 0.015477411607709657 0.14672596637818525
32 0.9031233357294335 0.2917502022482274 0.008360507855823762 0.04643124490459549
19 0.9141997284943706 0.4116562032091844 0.012436288689961938 0.04259758405777969
18 0.9534802220107677 0.29914632935373736 0.015477411607709657 0.14672596637818536
32 0.9771200450396323 0.29303143659359093 0.008360507855823762 0.0464312449045966
19 0.9886191721148496 0.41176991124122925 0.012436288689961938 0.04259758405777958
