15 0.04927735555242584 0.7238199264948167 0.0534801750212313 0.057665184503241707
15 0.9225612835073513 0.7239145441854827 0.05338811078862104 0.0577627591550296
17 0.3777234201646871 0.7242912460035805 0.012725038999534099 0.035675263051261
17 0.17835071401417368 0.7241238171598924 0.012749002343907401 0.035639024316935004
13 0.30575755683857403 0.3603497135156924 0.02312928321926 0.0367562483301867
20 0.46867576354082713 0.5773563860062968 0.028563621108704397 0.0617840506665895
17 0.33872951056568645 0.7240978009671555 0.0126387313778209 0.0356129929288971
13 0.6969396871615585 0.36029611804578415 0.023135297372431 0.0367934861138323
17 0.6977573819309771 0.7242320871887464 0.012958403986374201 0.0355246022504631
32 0.3020082984790579 0.6996812185518491 0.00465533699375378 0.00534638396355799
17 0.8540574502096767 0.7242115424733718 0.0128546577485896 0.035341459795347696
17 0.2997340365580297 0.72425856998299 0.012706881154921398 0.0353380313346039
14 0.884334750985417 0.5638862755537101 0.0062217243539693734 0.0344040338793994
17 0.633628094776345 0.7241309538864344 0.0126947154253979 0.0355617761915788
17 0.11467914536318725 0.7241649214519807 0.0128025030538485 0.035607328922057604
17 0.882845277239069 0.7242602696859859 0.012805533447511598 0.0357124866414933
32 0.6359252768534027 0.6996959641724853 0.004635020637089459 0.00554965401467655
12 0.8298605631190415 0.2219634461449823 0.0269732143644217 0.030191425313702266
20 0.529088645901546 0.5773784370602824 0.0294636626662301 0.0617449397420027
17 0.7308891969716531 0.7242258353519518 0.012869182969599999 0.0356784645287119
32 0.733148382365442 0.6996550285872039 0.0045209101255541005 0.00565072737068966
32 0.7000047667190336 0.6996940212890064 0.0044892872097269795 0.00557952185451696
14 0.34011036677271206 0.5633464813693358 0.00526583699847623 0.0335666556087917
13 0.49933381322568243 0.3602294219440192 0.0230603107526949 0.0365615445328085
18 0.3332361395419856 0.6523054885094584 0.00711683654354725 0.0136222068475705
14 0.6991130704321352 0.5633180274995996 0.00564221119093794 0.0336594535368873
32 0.3799415508945887 0.6997586318217439 0.00446365215878753 0.00537474106761186
14 0.3011036671958428 0.5633436784206683 0.00548874101948166 0.0336033732455828
14 0.7323184145882656 0.5633055086307087 0.00559886527490933 0.0337755866054253
14 0.3791234210304691 0.5633969263467603 0.00543100895848025 0.033598427314138604
14 0.8554091291179731 0.562542301937874 0.005859178231412452 0.031762354392277
14 0.7667481610401344 0.5633049645220326 0.005578499726098129 0.0337216317638572
14 0.6350025687352031 0.5633254690505668 0.005357812736122311 0.0338726897575876
14 0.11613336975847859 0.5633709989880934 0.00537348679053118 0.0335025143492626
2 0.40172910048027277 0.18068939686620528 0.016377649174201602 0.011082974833686601
2 0.771524837233024 0.17374971081616 0.0157424335394419 0.02214191331665
12 0.862936557242343 0.2219020068234139 0.026957589915373798 0.030069727536557803
14 0.9232787733918498 0.5633557421819337 0.00560020873211767 0.0338928923282096
32 0.8851140453417792 0.699740323988316 0.00454982747330244 0.0054764801225420405
14 0.17964535887835564 0.5633068874790719 0.00546569280645527 0.0334942895723497
14 0.20419668612183262 0.5632783896932444 0.0055699648886132404 0.0335695841830828
32 0.34098627875576193 0.6997978077577305 0.00451335149638576 0.005557297529566831
18 0.3722118870658497 0.6523570939793205 0.007105367138701389 0.0135566072287333
32 0.11696798916474126 0.6997229344965623 0.00433905142192852 0.00526633222160872
2 0.8073272434767279 0.17372953610359115 0.0157724144607596 0.0220642771266743
18 0.6280607748117317 0.6522778769770587 0.0073431958996574695 0.0135670634885295
2 0.4629550556933807 0.35182343585801656 0.0138101134331554 0.011015851482349
32 0.8563250966527307 0.699780051129684 0.00460563765615555 0.00555885791446993
14 0.04996936738357994 0.5632904855427562 0.00541455449525709 0.0336522794621865
18 0.10925101309258858 0.6522495796523222 0.0071451037875591905 0.013583563025434599
18 0.6922986994383438 0.6523473088175052 0.0072374785915776795 0.013584844774152201
2 0.19386857818166944 0.1806602992555968 0.0135972836096489 0.011143083382685598
2 0.44946454194634045 0.1634644525823111 0.0129775601167389 0.0176248127304342
11 0.5308021580791613 0.06513026849763555 0.006976725424390489 0.0191606191500873
0 0.5572607467131774 0.4425353221181252 0.0097467615038787 0.0233759465615204
0 0.15254683552822168 0.44253952924065765 0.00964073208146534 0.0234296626197813
18 0.8773362826321026 0.6523356991619761 0.00727038727206327 0.013513560220148199
2 0.6606904198884243 0.3517580969805323 0.013704031394821702 0.011017178816970601
18 0.17272317099662543 0.6523338256870725 0.007099560773158879 0.0134809887298732
2 0.2558045062367773 0.1634574751003001 0.013002288497380601 0.0176908108780546
2 0.6739611880651195 0.1601856351107201 0.0129555661110971 0.011260224628856199
18 0.916366792467384 0.6523736428313798 0.00717422850972194 0.013751240448667702
2 0.4764230763115809 0.1602174845876229 0.013050748665121901 0.011210649512859801
0 0.35907926995705725 0.44253109776868377 0.00959523442222446 0.0233873376941436
11 0.33714688468101456 0.0651795359713972 0.006867155859611121 0.019062377032162802
32 0.1805125091300623 0.6997077371357576 0.00461694083089865 0.00536067700911941
18 0.043066151400244605 0.6522746815665965 0.00721478594922741 0.013469488836741199
2 0.6468702475270126 0.16334935358742694 0.0130488666916432 0.0176143451437375
19 0.598898292757027 0.6436667791193179 0.00668306105807979 0.0046974726818538
18 0.585030247542754 0.6523468559084675 0.00720915154959198 0.013504743717049
32 0.5928794033268056 0.738949498722036 0.00452022568569917 0.00574784505022799
32 0.4210503220708237 0.738998589174712 0.00460904379911344 0.0058078195132160206
2 0.26940375965740226 0.35180452666914575 0.0137636005660639 0.0109022545263074
18 0.7599230780431441 0.6575697346332645 0.00712500582435019 0.013808014436092898
2 0.1676513154078458 0.18454525913554878 0.0168551917195056 0.0188197232507036
23 0.30456844058139615 0.2991175251919168 0.009740645581994301 0.00927708504025363
2 0.5985501510395682 0.1807122363086437 0.013562095128954298 0.0111230535542534
31 0.3564812165006525 0.48334267595983815 0.009095344799105403 0.006183322296027979
23 0.23260956679034198 0.6212179178763533 0.011495639883576 0.0114271585120405
19 0.9302413382325172 0.6437189982288902 0.006609631586238161 0.00500412187856227
18 0.8484644146370645 0.6523270272090517 0.0073860914517429 0.0136611299738173
23 0.6604979840271136 0.6305091019298592 0.0117349011592031 0.0118479612692363
2 0.17658310595083285 0.3518251794771035 0.0137697406708077 0.010835899706558101
23 0.4981742919872685 0.29909500247132387 0.009721492875403 0.00935944257177971
23 0.6960219491424039 0.29894502932748823 0.010303885471237156 0.009293172188924908
19 0.4270660211454162 0.6436696973476594 0.00655703841237659 0.00484241849084497
32 0.05081037277169417 0.6915807009097139 0.00442511277299674 0.0051773650122898295
11 0.7284573980266468 0.06517653012649395 0.0071018439577876305 0.019220388184289502
18 0.7253833489698769 0.6523804315131629 0.00712297029266573 0.013491863444891701
19 0.6419101015876866 0.6436641301831003 0.0067181460778511 0.005046354240880589
23 0.1415564579647199 0.6274165532492338 0.0115105162578078 0.0118792810674337
2 0.3741301310163962 0.18456041031209972 0.0167874935459903 0.0189462992483614
2 0.28260853952057724 0.15887238966430073 0.013386068626586742 0.010893409970344114
18 0.4132621475874593 0.6523591312629132 0.007192520353742699 0.0136119907069322
2 0.47978332189451983 0.3557426117160783 0.00786980546670361 0.0193984846443966
31 0.5599746774569314 0.48334741142753423 0.0093618075319867 0.00612587470388644
32 0.9241574459196379 0.6915326800656993 0.00453706805359662 0.00554897751763323
2 0.5813079592106589 0.35190364600959145 0.0138845750742998 0.0109020366713273
19 0.38594912274660603 0.6436630122430712 0.00662437226885201 0.00492715172146623
23 0.8016580508261134 0.6211900429030704 0.011551277893915 0.0115390856547449
18 0.29422398685821916 0.6523951766328547 0.00706454698361626 0.0136054604009333
10 0.16715439883064342 0.33400073421692406 0.016454428414800798 0.0099315812909661
2 0.6773293412659934 0.3556288678442938 0.00774795313444489 0.0193777849146837
31 0.279111953239126 0.38020825926363705 0.0124539215585961 0.01934136410489425
4 0.1799646790940463 0.2255238373507183 0.00660310429994459 0.012139698838032599
19 0.7391690622323952 0.6437043551514857 0.00674630263953254 0.00508982916696352
19 0.3080163694739507 0.64368480442033 0.00668585481783951 0.0048887159580721
10 0.16718795720165125 0.365980411725875 0.016379561351658502 0.010254596606494
27 0.9569651378796844 0.6821223018042888 0.0099695035449829 0.0096567787742234
2 0.2861599746325942 0.3556233945023064 0.00797339649342636 0.0192688562557887
19 0.0568227656781431 0.6436404999347348 0.00672200171897038 0.0047208200119336005
31 0.4727573537718239 0.3803080698397784 0.0124733297133037 0.019491893260953172
2 0.5724454239890822 0.18455195798137386 0.0168103526250504 0.0189024100694197
19 0.3469933900512232 0.6436810422752207 0.00683091143996827 0.0049286820497292695
31 0.6703102567593904 0.38025780784165314 0.012657264066592799 0.0196579498357163
10 0.25997940558964505 0.36586539556764697 0.0166207813995441 0.0100610819945141
19 0.12307284061232826 0.6436052393733083 0.0066833243934805095 0.005043133838878599
10 0.4536422024150595 0.36598824134146113 0.0165497911891749 0.0101949156410302
10 0.6511831126114502 0.3426727787308088 0.0168629755503224 0.0104147092187055
10 0.4536176105918171 0.3427269708250218 0.0164999408907163 0.0103469578227415
27 0.08351037208054445 0.6820055590869015 0.010025408934317099 0.0097959994612069
4 0.5847836379835781 0.2254416153384599 0.00661409618678219 0.0119236550766778
16 0.5912835812355182 0.5661483913296611 0.00706932031407415 0.0392084745809882
4 0.8029721244632151 0.21655244121143855 0.00689408348340218 0.0118959133544991
10 0.5718854630122278 0.33405317829487585 0.016615304109787402 0.0099150182454937
5 0.12118950481095833 0.13051165291525915 0.00479546909036466 0.0116412984944323
5 0.12117682361919932 0.14759297130484314 0.00479546909036466 0.0116412984944323
32 0.18200786715511053 0.3848165838997197 0.0037957491079668414 0.0046876758791516565
32 0.15262790376161722 0.4082420553109746 0.0037957491079668414 0.0046876758791516565
11 0.1468375211895516 0.4193869241536049 0.0068089665985392005 0.0054142075916016295
26 0.11509072489050647 0.4490925999942125 0.01993697222941454 0.009015536308651843
35 0.18192728169795752 0.4581237952362707 0.00664736245501904 0.009288053935099256
24 0.19846256210921864 0.4754865221511737 0.010030838302113878 0.00933908719847885
31 0.1552194212865553 0.48334671479077884 0.00921434538911863 0.006175024868939687
10 0.2525420701759468 0.18355418945656093 0.0113753579208336 0.0225443472375539
4 0.2733244763907283 0.22479302688651132 0.00580310429994459 0.0115396988380326
10 0.25999208678140406 0.3427033000709191 0.0166207813995441 0.0101610819945141
24 0.3396903501745486 0.3491163205635065 0.00791280972199488 0.00792048845764495
10 0.37060840747162344 0.19811266722618565 0.0157654329823649 0.0100777445263673
4 0.38656687572886744 0.22540930653221328 0.00660310429994459 0.011839698838032599
10 0.373684402778901 0.365957102565827 0.0166207813995441 0.0100610819945141
2 0.3831127087727746 0.35176439720189395 0.0137636005660639 0.0109022545263074
10 0.373588161257815 0.33389969317961304 0.0166207813995441 0.0101610819945141
32 0.38856945088406336 0.38480147708225615 0.0037957491079668414 0.0046876758791516565
32 0.3591527322355292 0.40814962676577676 0.0037957491079668414 0.0046876758791516565
11 0.3533309916246827 0.4193295856686144 0.0068089665985392005 0.0054142075916016295
26 0.3216365355368832 0.4491327391000832 0.019824686025191277 0.009015536308651867
24 0.4049212804958411 0.47546743737848446 0.010030838302113878 0.00933908719847885
35 0.38841321077584 0.45811588724269087 0.00664736245501904 0.009288053935099256
10 0.1640918533529716 0.19809347722294565 0.0157654329823649 0.0100777445263673
10 0.44610532742762316 0.1835979069647335 0.0115381279196869 0.022652340623115677
4 0.4669289870280653 0.2247330830994293 0.00580310429994459 0.0115396988380326
24 0.5333476114772693 0.349089667570432 0.00785714457864049 0.00785207868849205
10 0.5687822426474963 0.19806556631219777 0.015983449066521067 0.010190017705799798
10 0.5718611310115738 0.36590368363007086 0.0167153041097874 0.010215018245493701
32 0.5868175038530589 0.38483398753191783 0.0037957491079668414 0.0046876758791516565
32 0.5573402081139369 0.40815143984418367 0.0037957491079668414 0.0046876758791516565
11 0.5515824721955217 0.4193601633865837 0.0068089665985392005 0.0054142075916016295
26 0.5198827743176505 0.44918076239820853 0.020033239148873096 0.009015536308651864
35 0.5867001803248225 0.4580795428514166 0.00664736245501904 0.009288053935099256
24 0.60318243576897 0.47553365534565856 0.00993083830211388 0.00933908719847885
4 0.6646015299641644 0.22479374310849454 0.005803104299944598 0.01187651837633822
10 0.6436526933127724 0.18353366390242384 0.0115381279196869 0.022652340623115677
24 0.7310446952823741 0.34910789833749 0.00805714457864049 0.00785207868849205
10 0.6512624186894677 0.36596384787201786 0.0167153041097874 0.010215018245493701
24 0.8712977873021762 0.31870315382325837 0.0104571445786405 0.00915207868849205
36 0.8423377174180764 0.30281379711032264 0.0187549547434029 0.0096093184636872
36 0.8752540228741443 0.3028206596242896 0.0187549547434029 0.0096093184636872
24 0.8355783225815092 0.3187031538232583 0.0104571445786405 0.00915207868849205
10 0.7754665614173655 0.19805545915383838 0.014729842188967 0.0102873905363128
10 0.8113513583497355 0.19804178230188338 0.014729842188967 0.0102873905363128
10 0.7521474016161025 0.1212265207221494 0.014429842188967 0.010487390536312799
10 0.7797780601182575 0.1211991670182384 0.014429842188967 0.010487390536312802
31 0.7415916056922248 0.056964852130245595 0.011093854587072799 0.00679630317650859
31 0.5440487133143354 0.05696485213024559 0.011093854587072799 0.006796303176508589
31 0.3504181454657904 0.05695812502295659 0.011093854587072799 0.006796303176508589
34 0.05396202131166555 0.6567460219363593 0.010669742091988501 0.0076390368060307
34 0.12015053531209423 0.6567533497419185 0.010669742091988501 0.007639036806030699
19 0.18654978849050294 0.6436719689925248 0.00671745421125794 0.00485933694656357
34 0.18362533318144952 0.6567798626915922 0.010835470295413001 0.00773276163708031
31 0.20824588089525506 0.6567478167818883 0.010631580042510101 0.00772990600558661
18 0.1971796510881856 0.6561138922792515 0.00719956077315888 0.0135809887298732
19 0.21097248991583295 0.6473239313947597 0.00671745421125794 0.00485933694656357
34 0.30506219336789386 0.6567258635939788 0.010716399193265537 0.007688898226797711
34 0.34409068442264884 0.6567752991958068 0.010716399193265537 0.007688898226797711
34 0.38309089668754276 0.6567545321820938 0.010716399193265537 0.007688898226797711
34 0.4242494701756568 0.6567476696681278 0.010716399193265537 0.007688898226797711
16 0.4194043618287261 0.5661228479569181 0.0071559363518603 0.0392304763971423
24 0.4593034429648119 0.6359289071901706 0.0098017532089418 0.009260492127985201
14 0.48881052513085455 0.5269037541866273 0.0214055459477192 0.00714085391061443
23 0.4966725650203517 0.6253133472529213 0.0116597976255013 0.0114031549517521
24 0.5063363371740657 0.6420271100512962 0.009984469128365418 0.009414442915185362
34 0.5960623211416258 0.6567365060026182 0.010870797378241499 0.007840853910614431
34 0.6390663066202873 0.6566271116702999 0.010870797378241499 0.007840853910614431
34 0.7032107160642052 0.6566714448939324 0.010870797378241499 0.007840853910614431
19 0.7061522570413069 0.6436299671392581 0.0067181460778511 0.005046354240880589
34 0.7364175748546958 0.6568180136369491 0.010870797378241499 0.007840853910614431
31 0.7709273625878271 0.6563143488125966 0.0105829160412022 0.0087764747486033
19 0.7736867983618876 0.6489644883358432 0.00674630263953254 0.00508982916696352
34 0.8594727920931468 0.6567215030368552 0.010870797378241499 0.007840853910614431
34 0.888237572201057 0.6566393134558497 0.010870797378241499 0.007840853910614431
34 0.9272298296806686 0.6566393134558497 0.010870797378241499 0.007840853910614431
19 0.891116638085367 0.6436833773909011 0.006609631586238161 0.00500412187856227
19 0.862493747310572 0.6436368086478841 0.006609631586238161 0.00500412187856227
