15 0.6775312784308345 0.732726731665135 0.07623332458637903 0.07388023944806166
20 0.30783648735014074 0.5774463102134687 0.029386700725997403 0.0616873349111214
17 0.384762092925146 0.7241052061996832 0.0128690447593441 0.0356498480469863
14 0.48354629000698873 0.5634098169160996 0.005346468003853519 0.0335683014324772
14 0.6353879794463405 0.5632766918548736 0.00529625045650312 0.0335981459505913
14 0.5179408017375455 0.5633049300682177 0.00539421067461717 0.0336704045623753
14 0.3861553561590137 0.5633011478296883 0.00548477766723756 0.033573086282594804
14 0.45039611866090307 0.5633389722744192 0.00534882922690409 0.033641200751638595
14 0.6066165923537299 0.5633245897268627 0.005453873114169861 0.033420121362033296
14 0.6744844466237655 0.5633370613122057 0.00541305126687487 0.0334342384649295
18 0.3792132967750419 0.6523523376830113 0.00701096233219575 0.0134171477584426
32 0.6754081067871002 0.6915921212640714 0.00454309578380012 0.00538086371651468
23 0.5526829842953337 0.6212886682614276 0.011274713959661922 0.011117789663535348
19 0.39305846796837074 0.6436303849114696 0.0066966491096615 0.00495224823667712
23 0.4116571358915347 0.6306021945243481 0.011718197867343301 0.0118991090989242
14 0.2676564782281049 0.526712657480605 0.021561232882011797 0.00766962829329607
23 0.2754511264627277 0.6252618427365322 0.011791896621203399 0.0115779702063204
24 0.2851928389852774 0.6419106823565377 0.010015285251644902 0.0096571007926354
34 0.3901661035039499 0.6567998408859459 0.0108447564088219 0.007716700507871929
18 0.4434098938025401 0.6522429433506929 0.00701096233219575 0.0134171477584426
19 0.457255064995869 0.6435209905791511 0.0066966491096615 0.00495224823667712
34 0.45436270053144817 0.6566904465536276 0.0108447564088219 0.007716700507871929
18 0.476436335887771 0.6523523376830113 0.00701096233219575 0.0134171477584426
19 0.49028150708110013 0.6436303849114695 0.0066966491096615 0.00495224823667712
34 0.4873891426166793 0.6567998408859461 0.0108447564088219 0.007716700507871929
19 0.524854855118801 0.6489719185304366 0.0066966491096615 0.00495224823667712
18 0.5111323386278489 0.6574750826373413 0.00701096233219575 0.0134171477584426
31 0.5220316665232393 0.6563121880623473 0.010523051519306601 0.00846844252614262
18 0.5997292251393923 0.6522075772820736 0.00701096233219575 0.0134171477584426
19 0.6135743963327213 0.6434856245105316 0.0066966491096615 0.00495224823667712
34 0.6106820318683006 0.6566550804850084 0.0108447564088219 0.007716700507871929
18 0.6284300835137294 0.6523883943602858 0.00701096233219575 0.0134171477584426
19 0.6422752547070587 0.6436664415887436 0.0066966491096615 0.00495224823667712
34 0.6393828902426376 0.6568358975632207 0.0108447564088219 0.007716700507871929
18 0.6674223409933409 0.6522979858211797 0.00701096233219575 0.0134171477584426
19 0.6812675121866701 0.6435760330496373 0.0066966491096615 0.00495224823667712
34 0.6783751477222494 0.6567454890241143 0.0108447564088219 0.007716700507871929
27 0.7081817950802961 0.6821443216486053 0.0099855880385862 0.00946274972067051
32 0.6362019618867012 0.6998666545884504 0.00454309578380012 0.005380863716514681
32 0.6075177333793939 0.6998049043397608 0.00454309578380012 0.005380863716514681
32 0.48431832464711405 0.6997821978335472 0.00454309578380012 0.005380863716514681
32 0.45113717751537324 0.6995351968387895 0.00454309578380012 0.005380863716514681
32 0.38699813370755143 0.6998140480832656 0.00454309578380012 0.005380863716514681
17 0.4490407258455151 0.7241300515411362 0.0127690447593441 0.0356498480469863
17 0.48213455416901424 0.7241918017898256 0.0127690447593441 0.0356498480469863
17 0.6340846144268961 0.7242666068588002 0.0127690447593441 0.0353498480469863
17 0.6052408518033965 0.7241570998501511 0.0127690447593441 0.0356498480469863
