15 0.04715624900517636 0.7770574688442565 0.0749628025163502 0.0694904317680029
15 0.8901996808136728 0.7678637723903486 0.07491590928905212 0.06685735475474167
20 0.4583938399448285 0.6123089770711634 0.029255254243368098 0.0639837329236254
20 0.520548594795379 0.6123173480849575 0.03017230752594878 0.06401948490496538
17 0.10981604654828599 0.7637182955979679 0.012995481122537409 0.03635640518755725
13 0.2522852283532756 0.4682492516979904 0.035161973098041296 0.044340541149354575
14 0.11126564054263233 0.5977546402133102 0.005520251468728849 0.034693233907768205
14 0.2092035289119763 0.5894310319333289 0.004979667546631996 0.033297672301188956
0 0.32545779095771055 0.4674222482189301 0.016668057276896915 0.038091260967754725
14 0.7173202794428774 0.5880045375785925 0.006213951994761233 0.03428401604579296
2 0.27041215324330825 0.35146029017690245 0.013820714639509336 0.013677521203306182
2 0.270451488423713 0.3200272763273928 0.013935549256166775 0.01378800024278908
2 0.2719613821373854 0.2624378315363751 0.01964488412253793 0.011204094224679164
18 0.10410689488932653 0.6895944474663683 0.007241730487095073 0.013652425535102763
32 0.11214961549470946 0.7387219713365638 0.004435965288261399 0.005473793546614506
14 0.04297901292087567 0.5978023884437619 0.005781349378370516 0.034555942083267496
2 0.24370970758846006 0.32101889141977596 0.015459244230433697 0.015977484156481807
18 0.20278513624820124 0.7532544492803503 0.006360888861249483 0.01222371476262265
2 0.34705745590374454 0.2625012021637241 0.019920729241440307 0.011458711360519376
2 0.24369218769151044 0.3503627976685885 0.015473629459015896 0.015931564303495207
23 0.23413946481197967 0.6574779772132899 0.01182697910060241 0.011591730381890026
23 0.7442043703877438 0.6574342159781104 0.011610997160235701 0.0116917942032987
29 0.3798429806190181 0.3760150649023022 0.016293861445916075 0.01550202579713381
18 0.035769344040596035 0.6895949860433258 0.007238225292549841 0.013637929660472042
18 0.7117158919362658 0.7532905759074879 0.007401401228465646 0.014775482464733543
19 0.11839336940479597 0.6807626912623451 0.006759716792732093 0.0047020656394869504
32 0.4329382287532373 0.7789641729240638 0.004449156981226338 0.005698414793635265
31 0.3229495523212703 0.5260700859130274 0.009313688501636153 0.008419547801612257
24 0.388529161322251 0.5188515222284882 0.012795688399440713 0.01202836240664322
19 0.050032197350450246 0.6807077707695598 0.006701333332906382 0.004645183089260378
19 0.7246755630336363 0.7455730465410373 0.009228299179553697 0.005837110822171559
4 0.274124699143857 0.3365884337548063 0.0068876470754293566 0.009183191542259045
32 0.043853048254947284 0.7371598819048002 0.0045305173971289785 0.005925370354335261
16 0.4313257439847868 0.6006871957613327 0.0069919708239428325 0.04036613858814228
23 0.9118551183910618 0.6501135894638795 0.011248924368688655 0.00818954279306874
23 0.29951861261367424 0.2954000084102451 0.011221148223871779 0.008506343111244255
23 0.0675541514756899 0.6500163602509827 0.011108688099551097 0.008183228350829566
19 0.21555335033279402 0.7452830725225692 0.006028928085321482 0.004306981207166123
6 0.40703619914374095 0.2797969391629669 0.029349699154806813 0.04319203243260436
23 0.38242552670693847 0.31732436899025496 0.011036706039575244 0.008441132346009548
23 0.4871231888293122 0.6616085356402354 0.011664414063640348 0.011410494508130621
3 0.3482826237634471 0.31993244127308434 0.019505042336373443 0.013822434362339885
23 0.13750900832136098 0.6638411834979715 0.011562723422404391 0.011252371687260348
4 0.248293586370517 0.33651031278858257 0.006850824391505634 0.009547756051303232
22 0.3176648312518816 0.29537136405596315 0.011221148223871779 0.008334476985551885
2 0.3454396459161949 0.3514698859402489 0.013820714639509336 0.013677521203306182
4 0.34925219181674366 0.3365980295181528 0.0068876470754293566 0.009183191542259045
11 0.3902058840413583 0.2922979669505326 0.00482008932577358 0.013176402969740314
24 0.4496283439147993 0.2734751683514278 0.01062352413762163 0.00993875553259933
22 0.40058360556341127 0.31731833180198527 0.011036706039575244 0.00844113234600946
2 0.47753149127629163 0.35144422070053694 0.013820714639509336 0.013677521203306182
2 0.4775708264566966 0.32001120685102713 0.013935549256166775 0.01378800024278908
2 0.4790807201703688 0.2624217620600096 0.01964488412253793 0.011204094224679164
4 0.48124403717684044 0.3365723642784406 0.0068876470754293566 0.009183191542259045
23 0.5066379506466577 0.29538393893387954 0.011221148223871779 0.008506343111244255
22 0.524784169284865 0.29535529457959764 0.011221148223871779 0.008334476985551885
2 0.5541611479692973 0.2624948379345559 0.019920729241440307 0.011458711360519376
3 0.5553863158289996 0.3199260770439163 0.019505042336373443 0.013822434362339885
2 0.5525433379817474 0.35146352171108086 0.013820714639509336 0.013677521203306182
4 0.5563558838822962 0.33659166528898465 0.0068876470754293566 0.009183191542259045
29 0.586959488725995 0.3759635663232255 0.016293861445916075 0.01550202579713381
6 0.614152707250718 0.2797454405838903 0.029349699154806813 0.04319203243260436
23 0.5895420348139153 0.3172728704111782 0.011036706039575244 0.008441132346009548
11 0.5973223921483352 0.2922464683714558 0.00482008932577358 0.013176402969740314
24 0.6567448520217763 0.2734236697723512 0.01062352413762163 0.00993875553259933
22 0.6077001136703882 0.31726683322290855 0.011036706039575244 0.00844113234600946
2 0.6861532301288892 0.2625652494046867 0.019920729241440307 0.011458711360519376
29 0.7189387548441626 0.37607911214326506 0.016293861445916075 0.01550202579713381
12 0.7464358642377646 0.2797995846866208 0.02874191741704577 0.04331483586722161
23 0.7215213009320831 0.31738841623121755 0.011036706039575244 0.008441132346009548
3 0.6873783979885918 0.31999648851404694 0.019505042336373443 0.013822434362339885
2 0.6845354201413394 0.3515339331812116 0.013820714639509336 0.013677521203306182
4 0.6883479660418881 0.3366620767591156 0.0068876470754293566 0.009183191542259045
11 0.729301658266503 0.29236201419149527 0.00482008932577358 0.013176402969740314
24 0.7888387842820047 0.27338856910105 0.010305080958398584 0.009637462549918093
22 0.739679379788556 0.31738237904294786 0.011036706039575244 0.00844113234600946
26 0.277803840137097 0.47488033159823984 0.02365489215337714 0.01151503042138188
11 0.31204810903708763 0.4309113540451527 0.014507253722009499 0.010605858616469937
35 0.365989087267351 0.4960087382996506 0.008542862670584591 0.012030628798458594
24 0.2738341201883349 0.5076827055789769 0.010341319376162162 0.009635387893394352
36 0.2938796160407061 0.5222397664251115 0.025534726990428976 0.011576329339545255
22 0.08565986516157954 0.6500450046052653 0.011108688099551093 0.008240517059393136
32 0.04378777856955546 0.6949899090152288 0.004510441588921026 0.006232411167114407
27 0.07757980625351328 0.7201475232624881 0.010022257816262571 0.009645785793998557
32 0.11215819780135862 0.6948813627979291 0.004473499617326595 0.006284110781635618
22 0.15868205157819762 0.6638932641421205 0.011562723422404391 0.011252371687260348
17 0.17540435959120454 0.7637001857448137 0.012995481122537409 0.03635640518755725
14 0.17685395358555095 0.5977365303601561 0.005520251468728849 0.034693233907768205
18 0.16969520793224516 0.6895763376132139 0.007241730487095073 0.013652425535102763
32 0.1777379285376281 0.7387038614834097 0.004435965288261399 0.005473793546614506
19 0.1839816824477146 0.6807445814091909 0.006759716792732093 0.0047020656394869504
32 0.1777465108442773 0.6948632529447751 0.004473499617326595 0.006284110781635618
31 0.21331168336427578 0.7693571362610109 0.010663764759354998 0.00743450217005508
22 0.2553831665387924 0.6574779772132898 0.011674819249673046 0.01159173038189002
17 0.3076735487721647 0.7636169379553087 0.012995481122537409 0.03635640518755725
14 0.30912314276651104 0.5976532825706513 0.005520251468728849 0.034693233907768205
18 0.3019643971132054 0.6894930898237094 0.007241730487095073 0.013652425535102763
32 0.3100071177185882 0.7386206136939051 0.004435965288261399 0.005473793546614506
19 0.3162508716286746 0.6806613336196861 0.006759716792732093 0.0047020656394869504
32 0.3100157000252374 0.6947800051552704 0.004473499617326595 0.006284110781635618
17 0.3479551977192382 0.7636761762939631 0.012995481122537409 0.03635640518755725
14 0.34940479171358446 0.5977125209093055 0.005520251468728849 0.034693233907768205
18 0.34224604606027903 0.6895523281623634 0.007241730487095073 0.013652425535102763
32 0.3502887666656616 0.7386798520325594 0.004435965288261399 0.005473793546614506
19 0.356532520575748 0.6807205719583403 0.006759716792732093 0.0047020656394869504
32 0.35029734897231085 0.694839243493925 0.004473499617326595 0.006284110781635618
17 0.38819779322092773 0.7636630568090752 0.012995481122537409 0.03635640518755725
14 0.389647387215274 0.597699401424418 0.005520251468728849 0.034693233907768205
18 0.38248864156196855 0.6895392086774759 0.007241730487095073 0.013652425535102763
32 0.3905313621673509 0.7386667325476718 0.004435965288261399 0.005473793546614506
19 0.3967751160774373 0.6807074524734525 0.006759716792732093 0.0047020656394869504
32 0.3905399444740003 0.6948261240090374 0.004473499617326595 0.006284110781635618
18 0.42483152761393145 0.6829698012449121 0.007241730487095073 0.013652425535102763
19 0.4391180021294003 0.6741380450408893 0.006759716792732093 0.0047020656394869504
32 0.43288283052596327 0.6882567165764744 0.004473499617326595 0.006284110781635618
24 0.44861664112466615 0.6725675723941354 0.010052592711507038 0.009322435302702122
14 0.4790607152253344 0.5600313327882882 0.02199318485334594 0.007622712461830194
22 0.5081968775704897 0.6616464601085681 0.011664414063640348 0.011410494508130621
24 0.4971918106936595 0.6788329086753246 0.010096264414641709 0.009566068556031553
32 0.5470169835895892 0.7789641729240638 0.004449156981226338 0.005698414793635265
16 0.5454044988211387 0.6006871957613329 0.0069919708239428325 0.04036613858814228
18 0.5389102824502834 0.6829698012449121 0.007241730487095073 0.013652425535102763
19 0.5531967569657522 0.6741380450408893 0.006759716792732093 0.0047020656394869504
32 0.546961585362315 0.6882567165764744 0.004473499617326595 0.006284110781635618
17 0.5805884769078333 0.7636033757342957 0.012995481122537409 0.03635640518755725
14 0.58203807090218 0.597639720349638 0.005520251468728849 0.034693233907768205
18 0.5748793252488742 0.689479527602696 0.007241730487095073 0.013652425535102763
32 0.5829220458542568 0.7386070514728915 0.004435965288261399 0.005473793546614506
19 0.5891657997643434 0.6806477713986729 0.006759716792732093 0.0047020656394869504
23 0.6084287294166084 0.6670594248598466 0.011562723422404391 0.011252371687260348
32 0.5829306281609061 0.6947664429342568 0.004473499617326595 0.006284110781635618
22 0.6296017726734453 0.6671115055039957 0.011562723422404391 0.011252371687260348
17 0.6449738081028816 0.7636889848316999 0.012995481122537409 0.03635640518755725
14 0.6464234020972284 0.5977253294470423 0.005520251468728849 0.034693233907768205
18 0.6392646564439226 0.6895651367001001 0.007241730487095073 0.013652425535102763
32 0.6473073770493052 0.7386926605702961 0.004435965288261399 0.005473793546614506
19 0.6535511309593914 0.6807333804960769 0.006759716792732093 0.0047020656394869504
32 0.6473159593559543 0.6948520520316618 0.004473499617326595 0.006284110781635618
17 0.6810353029691485 0.7636651903311628 0.012995481122537409 0.03635640518755725
14 0.6824848969634951 0.5977015349465051 0.005520251468728849 0.034693233907768205
18 0.6753261513101897 0.6895413421995629 0.007241730487095073 0.013652425535102763
32 0.683368871915572 0.738668866069759 0.004435965288261399 0.005473793546614506
19 0.6896126258256584 0.6807095859955399 0.006759716792732093 0.0047020656394869504
32 0.6833774542222215 0.6948282575311242 0.004473499617326595 0.006284110781635618
17 0.8082089944524725 0.7636822981893215 0.012995481122537409 0.03635640518755725
14 0.8096585884468191 0.5977186428046638 0.005520251468728849 0.034693233907768205
18 0.8024998427935135 0.6895584500577213 0.007241730487095073 0.013652425535102763
32 0.8105425633988962 0.7386859739279177 0.004435965288261399 0.005473793546614506
19 0.8167863173089824 0.6807266938536984 0.006759716792732093 0.0047020656394869504
32 0.8105511457055452 0.694845365389283 0.004473499617326595 0.006284110781635618
17 0.8440981995579291 0.7637055016638672 0.012995481122537409 0.03635640518755725
14 0.8455477935522757 0.5977418462792096 0.005520251468728849 0.034693233907768205
18 0.8383890478989704 0.6895816535322671 0.007241730487095073 0.013652425535102763
32 0.846431768504353 0.7387091774024632 0.004435965288261399 0.005473793546614506
19 0.8526755224144391 0.6807498973282445 0.006759716792732093 0.0047020656394869504
32 0.8464403508110019 0.694868568863828 0.004473499617326595 0.006284110781635618
14 0.8858702631594761 0.5977314441973186 0.005520251468728849 0.034693233907768205
18 0.8787115175061707 0.6895712514503762 0.007241730487095073 0.013652425535102763
32 0.886606947375854 0.7301575496801079 0.004435965288261399 0.005473793546614506
19 0.8929979920216395 0.6807394952463537 0.006759716792732093 0.0047020656394869504
32 0.8867628204182024 0.6948581667819367 0.004473499617326595 0.006284110781635618
22 0.9299337409911232 0.6500505718844591 0.011248924368688655 0.00818954279306874
27 0.9204948810098719 0.7204127728992443 0.010072982131531348 0.009469208027122278
22 0.7647034617480446 0.6574342159781104 0.011610997160235701 0.0116917942032987
