13 0.29506300905037824 0.6386374829881656 0.04043243199005956 0.0393253678447376
13 0.7652698801971688 0.6386575812865133 0.040464633999171905 0.0392307668673407
13 0.45181414465442543 0.638555615381036 0.04040643181417491 0.0394595215486027
2 0.1732084634860579 0.4208203139165245 0.018848806670948966 0.026458864867759103
2 0.41434432222272993 0.40413347510976266 0.0167028516884319 0.0132183525287653
2 0.29693938366243033 0.40422924255651516 0.01982529605801681 0.013500643647899338
2 0.22716788800183121 0.4206905199395157 0.01895259292150628 0.026486885561560404
13 0.6085148131849332 0.6386499714803535 0.04020070050497679 0.0391880285490224
2 0.7278851551087422 0.40413868804435893 0.016904654836414502 0.0133691724071139
12 0.10729589149961523 0.4793547187789587 0.03259778191359816 0.03649513684006015
12 0.14735698716350462 0.47922249305357617 0.03257839353405905 0.036625407434454284
2 0.4537228309017987 0.404213359508585 0.0199035471866814 0.013523807085352
2 0.5725681702803879 0.40426831440136113 0.0136168832957637 0.0133010552107082
2 0.5790797033989019 0.6255497960044702 0.0164426362897945 0.013249351778462497
2 0.7671526718812971 0.40427085627471304 0.0198900312311102 0.0135864500770341
2 0.265469094868524 0.625613065394728 0.0165786788642202 0.013172162764498401
2 0.2576007519087183 0.40426035027990126 0.016898996777062136 0.0133962274149672
10 0.5676685120280704 0.6428290929907913 0.0200651256013248 0.0121885427427686
10 0.7244983267192856 0.642892874516867 0.020235236295461402 0.012113659852344002
10 0.41085930418298494 0.6428610681907239 0.0199581496432979 0.011981804378027901
10 0.2541084285278206 0.642816512313053 0.0200994082775035 0.012127266938586501
2 0.42228259003343543 0.6255476540235823 0.0165433631529569 0.0130553055535765
2 0.6104284027191851 0.40412693637120584 0.0197937892750101 0.0133144343117697
2 0.7358409179884269 0.6255527274731051 0.016532869090645802 0.013207764186734099
31 0.4323725532613208 0.6780095409237848 0.0116397830665676 0.00945022008139784
31 0.5891489469732272 0.6780564797663153 0.0118677165713782 0.00939248183243089
11 0.3938943999594848 0.24761088180663424 0.008148765431260205 0.0230119725326881
10 0.16356919642075302 0.35553713257122155 0.017549345756508385 0.012745332661530263
31 0.2756144331529881 0.6781439117492516 0.011842123943746199 0.00940692349137931
2 0.277931508357155 0.6449524560993738 0.007176996020552075 0.020488041411618297
4 0.7404997288922397 0.4830969149363692 0.00689004972735745 0.0146690062050264
11 0.5506853872169656 0.2476285397037112 0.007960519169982867 0.022875806515654552
4 0.27024650388800997 0.48307108430592754 0.006894580146056415 0.014544525794215068
31 0.7458887565642004 0.6781254293090089 0.011642386000151099 0.009490106133335709
4 0.5837285436054934 0.4830299060785662 0.006795135172148899 0.0143487252644984
23 0.4573075493708209 0.5386143275554335 0.0138889930013349 0.010645964172485001
24 0.09730346119742145 0.559548525554823 0.012895131627539705 0.011543141297378158
10 0.7245089835879258 0.6146316169693113 0.0201987916834576 0.0121929067442647
23 0.30058281567719186 0.5386019205039161 0.013655913516824804 0.010485814798492582
11 0.8641247658762821 0.24771033634304104 0.00817740213691672 0.023134769685655986
11 0.707397962891097 0.24758494442345405 0.00821246458753718 0.022849762830660144
4 0.42698543770778785 0.4830626435761165 0.006783139922929679 0.014505731300317
31 0.3789895934914648 0.24215795798362977 0.010866694707432742 0.01758857033519554
31 0.5356991721035872 0.24212542130658676 0.010866694707432742 0.01758857033519554
30 0.47408059105259726 0.2762249571420012 0.0327944061923605 0.024285541774692478
28 0.5186661097176435 0.24578687654267792 0.021587428866746906 0.01886873758836727
30 0.6454370308301101 0.276101672132545 0.0327944061923605 0.024285541774692478
30 0.8023273515216472 0.27613957847022663 0.0327944061923605 0.024285541774692478
31 0.6924364645087491 0.24208842221649735 0.010866694707432742 0.01758857033519554
31 0.8492028370051498 0.24221182449674816 0.010866694707432742 0.01758857033519554
10 0.22165285322493958 0.357641973165293 0.017549345756508374 0.01661787931919082
10 0.1683368165767912 0.45035927756396743 0.017820436306214674 0.011978491739218855
24 0.14062157602584485 0.55959509429784 0.012895131627539705 0.011543141297378158
36 0.1323985416934784 0.540573303912521 0.022953713419443494 0.01175311008379893
36 0.09236029220994277 0.5403267351695044 0.022953713419443494 0.01175311008379893
10 0.22237852491323534 0.45025817635000137 0.017820436306214674 0.011978491739218855
4 0.17855880179077552 0.5441284310814817 0.008116283226040294 0.014468083267925636
10 0.25579048277437216 0.4303304967280595 0.011048862727092495 0.022016488665667185
10 0.2541727110788192 0.6146444090842941 0.0200994082775035 0.0122272669385865
24 0.3402195857965229 0.622451392804043 0.0098361443187758 0.00954053444581
10 0.41254093636578915 0.4303224490202526 0.0107488627270925 0.022016488665667203
10 0.41096225077412185 0.6145595239217669 0.0199581496432979 0.011981804378027901
2 0.43475299161017306 0.6449321223338242 0.007176996020552075 0.020488041411618297
24 0.4969698539445379 0.6224711595560203 0.0098361443187758 0.00954053444581
10 0.5692788319854702 0.4304341544978496 0.0107488627270925 0.022016488665667203
10 0.5676740078397274 0.6146194324561542 0.0200651256013248 0.0121885427427686
2 0.591432289667924 0.6449795005182373 0.007176996020552075 0.020488041411618297
24 0.6536758173424358 0.6218264773649821 0.0098361443187758 0.00954053444581
23 0.6140815805469364 0.5385813508419914 0.0138889930013349 0.010645964172485001
10 0.7261788713061893 0.43024626929494053 0.0107488627270925 0.022016488665667203
23 0.7708643205108104 0.5386934656390825 0.0138889930013349 0.010645964172485001
2 0.7481982838162121 0.6448471333761319 0.007176996020552075 0.020488041411618297
24 0.8107307102561009 0.6223234033822177 0.0098361443187758 0.00954053444581
