15 0.04965166795074565 0.6638357230403072 0.0676266247723387 0.062460996166108604
15 0.9426950295467669 0.6638043732644187 0.06755529118602611 0.0625052632982168
17 0.10801046677542715 0.6583317305166182 0.0120091742862023 0.0328365607856583
2 0.8058569258213916 0.25757163671716016 0.019800513408598595 0.0260752110634533
20 0.46590595711580207 0.5274164604830688 0.029120596633840302 0.0636040727930357
2 0.0893004513773014 0.26359880597214275 0.0164447795326038 0.013834327855603502
14 0.04594090254612157 0.5089519789210293 0.00518267864994973 0.0311650390676806
0 0.4646757490586593 0.3783243156548338 0.0133171054868527 0.0325364229703976
14 0.93883891736349 0.508946224051101 0.005021833757304049 0.0309862900532559
3 0.0920524913903707 0.16653588010120499 0.021982869572689693 0.01378142374615383
2 0.08766847400745989 0.10601381481797921 0.0196987816974518 0.025976435552441002
2 0.8058716626866937 0.17256174155686757 0.0197654843498136 0.025816321506973102
31 0.46761465874214686 0.4321312634296079 0.010097563284476618 0.006997091265599598
18 0.039521042472106103 0.5915920903168633 0.006635265564788811 0.0127637846430607
2 0.250597208778555 0.2636159838707162 0.016464212949262 0.013794669788846501
32 0.1101816049115017 0.6354653315024763 0.00419209285430939 0.0049281055188444
18 0.21473966154228774 0.6165211451802507 0.00603950223843945 0.0112085220593474
3 0.2533066006809767 0.16639204741657598 0.021809983723302402 0.013845071351123901
4 0.8115193732054707 0.22267469132109 0.0082621857999194 0.016255481023128
19 0.22612317851318497 0.6091823902042067 0.005567243224863991 0.00412687341924337
23 0.13120588002586325 0.5554335762447904 0.0130890867222131 0.0095567929676368
2 0.24884581016711077 0.10580344466001862 0.0195889023303697 0.025592576014074105
32 0.40401275992413205 0.6804206000952726 0.004196209958953282 0.005160021418881543
23 0.3595778866542097 0.18855365414993144 0.0112954727876914 0.0103139474220309
4 0.2545538849793154 0.222699992931124 0.008132868106802839 0.015997650739616
6 0.6201225384249698 0.10915219872079515 0.0284515045713278 0.0403963875376599
23 0.198256214050379 0.18865302180553606 0.011129352599863999 0.0105230045730621
24 0.5226717300519674 0.4263089341649021 0.011489288154216199 0.0105860842765923
24 0.2247597180660323 0.09812399578121665 0.0113653671937966 0.0105648477714671
4 0.0933506051421141 0.22285933994783505 0.0080640945142492 0.0159158476139481
7 0.6251906064250456 0.3497639916442536 0.0288407323569414 0.0398365378535551
11 0.14665971143196635 0.15656773042234415 0.00668005469435272 0.0187076890223463
12 0.1790349113710266 0.10934192575396501 0.023840849962107197 0.0400126169804466
29 0.19769132083276963 0.2254215764544726 0.0132031176320413 0.016953039233113202
11 0.30781316688900534 0.15654853808143115 0.00668005469435272 0.0187076890223463
12 0.3404343608136226 0.1092578947999392 0.023840849962107197 0.0400126169804466
29 0.3588470991927497 0.22508979200127763 0.0132031176320413 0.016953039233113202
2 0.41185014069017106 0.26376544755506287 0.016464212949262 0.013794669788846501
2 0.4145595325925931 0.1665415111009226 0.021809983723302402 0.013845071351123901
2 0.41009874207872704 0.10595290834436527 0.0195889023303697 0.025592576014074105
4 0.41580681689093163 0.22284945661547068 0.008132868106802839 0.015997650739616
2 0.5327121980718503 0.26332992138295747 0.016464212949262 0.013794669788846501
3 0.5354215899742724 0.1661059849288173 0.021809983723302402 0.013845071351123901
2 0.5309607994604061 0.10551738217225992 0.0195889023303697 0.025592576014074105
4 0.5366688742726106 0.2224139304433653 0.008132868106802839 0.015997650739616
2 0.6938697900410911 0.26370372558331373 0.016464212949262 0.013794669788846501
2 0.6938799108252703 0.1664797891291734 0.016411441486818692 0.013845071351123893
2 0.6921183914296469 0.1058911863726161 0.0195889023303697 0.025592576014074105
4 0.6978264662418511 0.22278773464372148 0.008132868106802839 0.015997650739616
23 0.6415684312653418 0.18830126045643536 0.0112954727876914 0.0103139474220309
29 0.6408376438038818 0.22483739830778154 0.0132031176320413 0.016953039233113202
23 0.7641374558758289 0.20361794004292047 0.0101954727876914 0.0099139474220309
11 0.5898433332578087 0.15621417145404218 0.00668005469435272 0.0187076890223463
26 0.42172576292878783 0.3871605005607984 0.01705016260487363 0.010244543271954893
11 0.4527099404852101 0.34656554342620993 0.013177201970978415 0.0095220886360678
35 0.5022767097284798 0.4085307150195085 0.007647788535623559 0.010856292699197101
36 0.6612167759843693 0.39313584679136343 0.0201036187447108 0.0100640579888268
24 0.6534265592877282 0.40937719424946395 0.013123564050358002 0.0103777830167598
0 0.7467745556906705 0.3913100655746335 0.0133171054868527 0.0325364229703976
31 0.749713465374158 0.4451170133494075 0.010097563284476618 0.006997091265599598
24 0.8047705366839787 0.43929468408470174 0.011489288154216199 0.0105860842765923
26 0.7039019148584243 0.400146250480598 0.017204853200124173 0.010244543271954908
11 0.734808747117221 0.3595512933460095 0.013177201970978415 0.0095220886360678
35 0.7843755163604906 0.421516464939308 0.0076477885356235585 0.010856292699197103
27 0.06337447962033578 0.6231424845623154 0.00850971339581957 0.00792048845764488
34 0.049660780178844705 0.5955521002099488 0.0101143453891186 0.00722462151116361
19 0.052374161145709607 0.5835103165791068 0.0062195267593508 0.0045502265478277295
14 0.10934499686941683 0.5089853933011937 0.00518267864994973 0.0311650390676806
18 0.1029251367954014 0.5916255046970279 0.006635265564788811 0.012763784643060702
34 0.11306487450213998 0.5955855145901134 0.0101143453891186 0.00722462151116361
19 0.11577825546900486 0.5835437309592714 0.0062195267593508 0.0045502265478277295
17 0.16950144636779035 0.6583531349489011 0.0120091742862023 0.0328365607856583
32 0.171672584503865 0.6354867359347596 0.00419209285430939 0.0049281055188444
14 0.17083597646178014 0.5090067977334768 0.00518267864994973 0.0311650390676806
18 0.16441611638776468 0.5916469091293111 0.006635265564788811 0.012763784643060702
34 0.17455585409450322 0.5956069190223967 0.0101143453891186 0.00722462151116361
19 0.17726923506136802 0.5835651353915543 0.0062195267593508 0.0045502265478277295
23 0.24297433850131914 0.5734197562474834 0.013151938216480199 0.009672995918326899
14 0.22052521980972586 0.5013526054596023 0.00458267864994973 0.030065039067680602
17 0.3054201073729832 0.6583287541009303 0.0120091742862023 0.0328365607856583
32 0.30759124550905775 0.6354623550867886 0.00419209285430939 0.0049281055188444
14 0.30675463746697296 0.508982416885506 0.00518267864994973 0.0311650390676806
18 0.3003347773929574 0.5916225282813404 0.006635265564788811 0.012763784643060702
34 0.310474515099696 0.595582538174426 0.0101143453891186 0.00722462151116361
19 0.3131878960665608 0.5835407545435836 0.0062195267593508 0.0045502265478277295
17 0.33761059804367405 0.6583506443380125 0.0120091742862023 0.0328365607856583
32 0.33978173617974866 0.6354842453238707 0.00419209285430939 0.0049281055188444
14 0.33894512813766364 0.5090043071225883 0.00518267864994973 0.0311650390676806
18 0.3325252680636482 0.5916444185184225 0.006635265564788811 0.012763784643060702
34 0.3426650057703868 0.5956044284115081 0.0101143453891186 0.00722462151116361
19 0.3453783867372515 0.5835626447806654 0.0062195267593508 0.0045502265478277295
17 0.3696339683996843 0.6583547721397636 0.0120091742862023 0.0328365607856583
32 0.371805106535759 0.6354883731256219 0.00419209285430939 0.0049281055188444
14 0.37096849849367386 0.5090084349243397 0.00518267864994973 0.0311650390676806
18 0.3645486384196585 0.591648546320174 0.006635265564788811 0.012763784643060702
34 0.37468837612639727 0.5956085562132594 0.0101143453891186 0.00722462151116361
19 0.3774017570932619 0.5835667725824167 0.0062195267593508 0.0045502265478277295
18 0.3967796238504965 0.5915506257740738 0.006635265564788811 0.012763784643060702
34 0.4069193615572352 0.595510635667159 0.0101143453891186 0.00722462151116361
19 0.4096327425240998 0.5834688520363164 0.0062195267593508 0.0045502265478277295
16 0.4032578088230553 0.5152020792996731 0.00493291520592269 0.043550575036592196
20 0.527995926882416 0.5273529296040488 0.030226634389856066 0.06360407279303561
23 0.49460219373579684 0.5205595659149823 0.0117556287043676 0.011556755805900501
14 0.4875220390620141 0.474800288056895 0.0198467199441223 0.00713534784078212
32 0.5881240277499985 0.6804627632942792 0.004196209958953282 0.005160021418881543
18 0.5808908916763632 0.5915927889730801 0.006635265564788811 0.012763784643060702
34 0.5910306293831019 0.5955527988661656 0.0101143453891186 0.00722462151116361
19 0.5937440103499668 0.5835110152353228 0.0062195267593508 0.0045502265478277295
16 0.5873690766489221 0.5152442424986797 0.00493291520592269 0.043550575036592196
17 0.6180884095592493 0.6583275941614154 0.0120091742862023 0.0328365607856583
32 0.6202595476953238 0.6354611951472735 0.00419209285430939 0.0049281055188444
23 0.6412838228096855 0.5554294398895878 0.0130890867222131 0.0095567929676368
14 0.6194229396532388 0.5089812569459911 0.00518267864994973 0.0311650390676806
18 0.6130030795792232 0.591621368341825 0.006635265564788811 0.012763784643060702
34 0.6231428172859619 0.5955813782349108 0.0101143453891186 0.00722462151116361
19 0.625856198252827 0.5835395946040683 0.0062195267593508 0.0045502265478277295
17 0.679495997119013 0.6583227046515758 0.0120091742862023 0.0328365607856583
32 0.6816671352550876 0.6354563056374343 0.00419209285430939 0.0049281055188444
14 0.6808305272130023 0.5089763674361518 0.00518267864994973 0.0311650390676806
18 0.6744106671389869 0.5916164788319865 0.006635265564788811 0.012763784643060702
34 0.6845504048457256 0.5955764887250714 0.0101143453891186 0.00722462151116361
19 0.6872637858125905 0.583534705094229 0.0062195267593508 0.0045502265478277295
17 0.7117474172400035 0.6583227046515758 0.0120091742862023 0.0328365607856583
32 0.7139185553760778 0.6354563056374343 0.00419209285430939 0.0049281055188444
14 0.7130819473339927 0.5089763674361518 0.00518267864994973 0.0311650390676806
18 0.7066620872599774 0.5916164788319865 0.006635265564788811 0.012763784643060702
34 0.7168018249667157 0.5955764887250714 0.0101143453891186 0.00722462151116361
19 0.7195152059335809 0.583534705094229 0.0062195267593508 0.0045502265478277295
17 0.8665074456978165 0.6583315169814425 0.0120091742862023 0.0328365607856583
32 0.8686785838338911 0.6354651179673012 0.00419209285430939 0.0049281055188444
14 0.867841975791806 0.5089851797660186 0.00518267864994973 0.0311650390676806
18 0.8614221157177903 0.5916252911618534 0.006635265564788811 0.012763784643060702
34 0.8715618534245293 0.595585301054938 0.0101143453891186 0.00722462151116361
19 0.8742752343913942 0.5835435174240959 0.0062195267593508 0.0045502265478277295
17 0.8986710617272603 0.6582853552294364 0.0120091742862023 0.0328365607856583
32 0.9008421998633347 0.6354189562152949 0.00419209285430939 0.0049281055188444
14 0.9000055918212497 0.5089390180140125 0.00518267864994973 0.0311650390676806
18 0.8935857317472338 0.5915791294098475 0.006635265564788811 0.012763784643060702
34 0.903725469453973 0.5955391393029317 0.0101143453891186 0.00722462151116361
19 0.9064388504208375 0.5834973556720898 0.0062195267593508 0.0045502265478277295
18 0.9324669424380089 0.591672261729401 0.006635265564788811 0.012763784643060702
31 0.942606680144748 0.5956322716224854 0.0101143453891186 0.00722462151116361
19 0.9453200611116125 0.5835904879916435 0.0062195267593508 0.0045502265478277295
31 0.22415260234044093 0.663305746699435 0.0097148510301779 0.006934576201597979
18 0.7706374130863719 0.6164667253123057 0.00603950223843945 0.0112085220593474
19 0.7820209300572691 0.6091279703362616 0.005567243224863991 0.00412687341924337
23 0.7989720900454031 0.5733653363795385 0.013151938216480199 0.009672995918326899
14 0.7764229713538099 0.5011981855916572 0.00458267864994973 0.030065039067680602
31 0.7800503538845251 0.6631513268314896 0.0097148510301779 0.006934576201597979
27 0.9562643200114597 0.6231505787135956 0.00817688616738497 0.00790248806703906
32 0.9396426921422268 0.6280054560085911 0.00419209285430939 0.0049281055188444
32 0.04662496651196934 0.6281143896079344 0.00419209285430939 0.0049281055188444
