12 0.43009199819605926 0.36218929161578794 0.03170981813965433 0.04225785441303837
11 0.3853457025548753 0.426863343445836 0.014216435190904599 0.0101333765550279
11 0.35919881283859945 0.10806269820507086 0.014118381197405001 0.010295592930078267
0 0.3723136072139039 0.4608973488981316 0.014366442928707802 0.0349113729469272
20 0.44281003737003877 0.6016023360541799 0.0283808208293856 0.061647380542361796
20 0.503048608155612 0.6016517292502673 0.0292249105973824 0.06172173013034912
13 0.39184716268458103 0.14070563038165101 0.0280394538141981 0.048864069650283094
23 0.482058105297333 0.19119872973998014 0.0121469851687739 0.0113529751138463
24 0.44781503246853255 0.1256712262995896 0.010208987450500999 0.0094310042104772
29 0.414767584967785 0.25813366626221973 0.014211427077965999 0.0180400375175854
4 0.37079797980920914 0.2621039857943366 0.00572717017543032 0.0098343618155032
4 0.37366209970271863 0.3593408027900856 0.00570729379419714 0.0101599725977653
24 0.46080085692666517 0.404691106490878 0.01202946166793748 0.011268433515162957
36 0.4671963602223092 0.4186974063140137 0.02476537969071964 0.011282480991796642
26 0.4161539639504652 0.47049558083338444 0.023069425362967473 0.0113284210921787
35 0.41302604686320415 0.49648178316649516 0.00833137582378626 0.011827319878212299
24 0.43476967099001945 0.5156730382873047 0.0122276845426509 0.0114278704851955
31 0.3693875314694498 0.5295404463586941 0.010859206968344928 0.00565446019445773
8 0.4698563124225869 0.314955699227666 0.00423894056878779 0.00593954677576797
14 0.04038273726889278 0.5875182563551345 0.00548217868171436 0.0335449255158011
34 0.044335376735952295 0.6810266752156976 0.01091007149780026 0.00752201971444429
19 0.047297790637778225 0.66785185174339 0.00657080535785546 0.0047708178298881895
18 0.033433445021909584 0.6765550501498153 0.0071411073711677596 0.0134212632013967
27 0.07387956724054776 0.7062084609990963 0.0097164327822837 0.009491168452424599
15 0.04443967246789529 0.7612147138660884 0.0729075841442034 0.0674901313115489
23 0.13196444657690226 0.6516516191811875 0.011557277162401135 0.011633288103708334
32 0.04116518853016255 0.7227747297235014 0.0046418082083139 0.00564157352601695
32 0.1708986795683764 0.7242640279870978 0.00444802254990921 0.005841573526016944
17 0.16865296390958331 0.7482584345889931 0.012821941380395985 0.03552462982417706
15 0.8610883409398714 0.7543663686626368 0.07279121914447995 0.06725794493640301
27 0.8905219212961337 0.70635501572785 0.009874377580863581 0.009314511111511856
18 0.16321574006863887 0.6765331890166253 0.007041107371167759 0.0134212632013967
34 0.17405043780338847 0.6809383606473335 0.01062690031087949 0.007630019778414482
19 0.1769429890902597 0.6679256710772481 0.006670805357855461 0.00487081782988819
23 0.236056739644248 0.645485541488325 0.011400239411978935 0.011233960590717436
23 0.47058726179480914 0.6495090042785671 0.011334118253904645 0.011187200928774859
16 0.41655361763447296 0.5904632149425333 0.00697290233693194 0.0390719783421187
14 0.4628252853549288 0.5508589338010936 0.0212214459692016 0.0072367685195533805
16 0.526962802600873 0.5904795155729944 0.00697290233693194 0.0389719783421187
24 0.4333121585876001 0.6601891129304148 0.009879802768003458 0.00938909233146986
24 0.498198627526673 0.6719056505768316 0.009688472180600252 0.009147217352877155
3 0.3688127838623689 0.09350565035059805 0.0217572751324838 0.0156670609425893
3 0.3741178520287037 0.27506195686622176 0.0175094563470574 0.0119912876498515
3 0.3705453231814127 0.3437796467902748 0.0175094563470574 0.012091287649851502
11 0.5482463521628307 0.10883525325231215 0.014118381197405001 0.010295592930078267
13 0.5808947020088123 0.1383079252640874 0.028039453814198062 0.04692354932067326
23 0.6711056446215639 0.19117128478722115 0.0121469851687739 0.011352975113846302
24 0.6368625717927638 0.12424378134683081 0.010208987450500999 0.0094310042104772
29 0.6039322619569324 0.26333322878712545 0.014211427077965999 0.0180400375175854
4 0.5598455191334404 0.2606765408415778 0.00572717017543032 0.0098343618155032
3 0.5578603231866 0.09337820539783925 0.0217572751324838 0.0156670609425893
3 0.563165391352935 0.27380018710040477 0.017509456347057396 0.011659937275968417
11 0.5743916826279634 0.42619166132459896 0.014216435190904599 0.0101333765550279
0 0.5612595872869919 0.4610256667768946 0.014366442928707802 0.0349113729469272
4 0.5627080797758066 0.3593691206688488 0.00570729379419714 0.0101599725977653
26 0.6049999440235534 0.47052389871214795 0.023069425362967473 0.0113284210921787
35 0.6018720269362923 0.49651010104525833 0.00833137582378626 0.011827319878212299
24 0.6180028827109922 0.4988320601188922 0.0122276845426509 0.0114278704851955
31 0.5645260307322407 0.5295003034164071 0.010859206968344928 0.00565446019445773
3 0.5595913032545007 0.34005796466903776 0.0175094563470574 0.0117912876498515
34 0.11054220250862506 0.6809569799447851 0.01091007149780026 0.00752201971444429
19 0.11337260551835925 0.6678443935825232 0.00657080535785546 0.0047708178298881895
18 0.0996402707945823 0.6765853548789024 0.0071411073711677596 0.0134212632013967
14 0.10659180081648957 0.5875656519595458 0.00548217868171436 0.0335449255158011
17 0.1049868868771346 0.7483013769520466 0.012671888999718333 0.03540140034628545
32 0.10737446528324476 0.7241722184470532 0.004481953158960811 0.005709600475293059
14 0.1699880973087475 0.5875656519595457 0.00548217868171436 0.0335449255158011
18 0.19525317070436363 0.7383420760251107 0.006319785646740933 0.012060982126701486
31 0.20533649164283518 0.7539695665220585 0.010446569879772837 0.007545002211246003
19 0.20748371779327524 0.7304759866438908 0.006174027310729751 0.004455630612312137
14 0.20135827110686347 0.5793087439767817 0.0048964903571345015 0.032385199207209274
32 0.29910925712679853 0.7242558240101441 0.00444802254990921 0.0058415735260169445
17 0.2968635414680053 0.7482502306120398 0.012821941380395985 0.03552462982417706
18 0.29142631762706095 0.676524985039672 0.007041107371167759 0.0134212632013967
34 0.3022610153618106 0.6809301566703801 0.01062690031087949 0.007630019778414482
19 0.30515356664868176 0.667917467100295 0.006670805357855461 0.00487081782988819
14 0.2981986748671695 0.5875574479825922 0.00548217868171436 0.0335449255158011
32 0.33810661166249206 0.7242335463803086 0.00444802254990921 0.0058415735260169445
17 0.33586089600369873 0.7482279529822045 0.012821941380395985 0.03552462982417706
18 0.3304236721627543 0.6765027074098363 0.007041107371167759 0.0134212632013967
34 0.34125836989750413 0.6809078790405448 0.01062690031087949 0.007630019778414482
19 0.3441509211843751 0.6678951894704593 0.006670805357855461 0.00487081782988819
14 0.3371960294028629 0.5875351703527566 0.00548217868171436 0.0335449255158011
32 0.3770975067373936 0.7242698113337406 0.00444802254990921 0.0058415735260169445
17 0.3748517910786005 0.7482642179356366 0.012821941380395985 0.03552462982417706
18 0.36941456723765603 0.6765389723632685 0.007041107371167759 0.0134212632013967
34 0.38024926497240585 0.6809441439939771 0.01062690031087949 0.007630019778414482
19 0.38314181625927674 0.6679314544238915 0.006670805357855461 0.00487081782988819
14 0.3761869244777645 0.5875714353061888 0.00548217868171436 0.0335449255158011
32 0.41818883889324043 0.7633570317161061 0.00444802254990921 0.0058415735260169445
18 0.41043825452354166 0.6702548772173647 0.007041107371167759 0.0134212632013967
34 0.42127295225829153 0.6746600488480732 0.01062690031087949 0.007630019778414482
19 0.4241655035451623 0.6616473592779876 0.006670805357855461 0.00487081782988819
32 0.5287536603985677 0.7633229946973158 0.00444802254990921 0.0058415735260169445
18 0.5210030760288689 0.6765355499488541 0.007041107371167759 0.0134212632013967
34 0.5318377737636188 0.6809407215795624 0.01062690031087949 0.007630019778414482
19 0.5347303250504897 0.667928032009477 0.006670805357855461 0.00487081782988819
23 0.5881496821391509 0.6547531325578931 0.011557277162401135 0.011633288103708334
34 0.5668074446721413 0.6810032170101572 0.01091007149780026 0.00752201971444429
19 0.5696378476818755 0.6678906306478953 0.00657080535785546 0.0047708178298881895
18 0.5559055129580984 0.6766315919442745 0.0071411073711677596 0.0134212632013967
14 0.5627570429800062 0.5876118890249177 0.00548217868171436 0.0335449255158011
17 0.5612521290406509 0.7483476140174183 0.012671888999718333 0.03540140034628545
32 0.5636397074467613 0.7242184555124257 0.004481953158960811 0.005709600475293059
32 0.6258185257434203 0.7242620822395324 0.00444802254990921 0.0058415735260169445
17 0.6235728100846274 0.7482564888414284 0.012821941380395985 0.03552462982417706
18 0.6181355862436829 0.6765312432690602 0.007041107371167759 0.0134212632013967
34 0.6289702839784322 0.6809364148997689 0.01062690031087949 0.007630019778414482
19 0.6318628352653033 0.667923725329683 0.006670805357855461 0.00487081782988819
14 0.6249079434837912 0.5875637062119807 0.00548217868171436 0.0335449255158011
32 0.6608352100645476 0.7242870273081098 0.00444802254990921 0.0058415735260169445
17 0.6585894944057545 0.7482814339100063 0.012821941380395985 0.03552462982417706
18 0.6531522705648102 0.6765561883376382 0.007041107371167759 0.0134212632013967
34 0.6639869682995596 0.6809613599683463 0.01062690031087949 0.007630019778414482
19 0.6668795195864305 0.667948670398261 0.006670805357855461 0.00487081782988819
14 0.6599246278049182 0.5875886512805585 0.00548217868171436 0.0335449255158011
14 0.6945636505165446 0.5780259184579629 0.004722115969671019 0.029754119722108105
23 0.724075251773066 0.6454829954565211 0.011381262639611613 0.011322102553479908
18 0.6883121134266089 0.738278085288786 0.006319785646740933 0.012060982126701486
31 0.6983954343650803 0.7539055757857337 0.010446569879772837 0.007545002211246003
19 0.7006426605155208 0.730411995907566 0.005974027310729751 0.004455630612312137
32 0.7839580175036676 0.7243309623397646 0.00444802254990921 0.0058415735260169445
17 0.781712301844875 0.7483253689416616 0.012821941380395985 0.03552462982417706
18 0.7762750780039308 0.6766001233692933 0.007041107371167759 0.0134212632013967
34 0.7870097757386805 0.6810052950000016 0.01062690031087949 0.007630019778414482
19 0.7900023270255516 0.667892605429916 0.006670805357855461 0.00487081782988819
14 0.7830474352440392 0.5876325863122135 0.00548217868171436 0.0335449255158011
32 0.8187220955845043 0.7243557949605496 0.00444802254990921 0.0058415735260169445
17 0.8164763799257111 0.7483502015624464 0.012821941380395985 0.03552462982417706
18 0.8110391560847673 0.6766249559900781 0.007041107371167759 0.0134212632013967
34 0.8217738538195168 0.681030127620787 0.01062690031087949 0.007630019778414482
19 0.8247664051063885 0.6679174380507007 0.006670805357855461 0.00487081782988819
14 0.817811513324876 0.5876574189329984 0.00548217868171436 0.0335449255158011
32 0.857735537916091 0.7159500067843904 0.00444802254990921 0.0058415735260169445
18 0.8499746433003526 0.6765986874190522 0.007041107371167759 0.0134212632013967
34 0.8608732777906538 0.6810038590497609 0.01062690031087949 0.007630019778414482
19 0.8639634654824841 0.6678911694796745 0.006592850241853861 0.004870817829888188
14 0.8568470005404611 0.5876311503619721 0.00548217868171436 0.0335449255158011
