15 0.05029939747033572 0.748828549069924 0.07034067204106287 0.06926543668023083
15 0.9387649990249618 0.7485574249384566 0.07077673951865535 0.06953205206650415
13 0.45369341562420756 0.09669106016471918 0.027563932581753575 0.04290489657097833
14 0.045060915065921414 0.5766814985517152 0.006335779421035978 0.033024211458481764
20 0.5269331476530746 0.5908562868687831 0.026676965643988006 0.060591789189884226
20 0.4589225477665112 0.5909570433014304 0.027583689228263753 0.06073611986675261
17 0.12125834778353185 0.7321657417319074 0.012667335559669144 0.0305027781312746
32 0.43786029065558835 0.7446612549231054 0.004475966368461552 0.0055828389337227915
14 0.19995374501087607 0.5775595092200405 0.0052477115372656195 0.032758819201095885
23 0.23261760301415357 0.6560233262230836 0.011418280504129807 0.011224887056285247
19 0.20602973303430772 0.7167172538215013 0.005690719698629163 0.004338835300385914
12 0.3966514907805523 0.28775227985700846 0.024617128899817847 0.042563281169984604
29 0.47052923219863724 0.22529946671039058 0.013854183972119292 0.017701190013766042
31 0.42955042030578755 0.50065328885387 0.014047669758830244 0.010113762733802718
18 0.19407280196312202 0.7244731502166265 0.006305993866736104 0.011911443014990086
18 0.03881148112480377 0.6641130411869056 0.007004788397870368 0.013207289148792236
18 0.4302965068086291 0.6641209571523476 0.006936975512619563 0.013221762826742362
24 0.47071122756325257 0.644647521029423 0.012035508795345247 0.011794036666199801
16 0.436282671165101 0.5798529492779865 0.006811578131209936 0.038118444622977775
32 0.04629933060790331 0.709055009451944 0.004455149785514298 0.005872550352006301
1 0.4388235097938086 0.4408194170791011 0.023248304417658582 0.03452550164937043
23 0.6278387066243326 0.6287515139640923 0.011028338218441467 0.010736760606654317
19 0.44386742567330645 0.6556197334656015 0.006463686486438672 0.004636015299516365
23 0.3505041988516248 0.6291391366374687 0.011429068839746426 0.011100303311644381
24 0.5085714970816924 0.6443262706882067 0.011993922718515126 0.011803956396081646
24 0.49545213891917156 0.49161243176575964 0.012025050006570342 0.011517258790047885
4 0.4328800452313224 0.23893765668923592 0.0058004421732109415 0.009772235210043658
23 0.5531082246730031 0.17234846867766848 0.012071774132736296 0.011079798203411085
3 0.4323748519214974 0.1316321069170441 0.02442189790892611 0.010979889293701734
11 0.44731890293541826 0.11683680226948163 0.013998859652516545 0.010216164918994188
24 0.49740307789350546 0.08466084222755153 0.010175166910776716 0.0094411537252384
2 0.42707158886214985 0.2520292991632021 0.016699177861893587 0.011134530191927183
24 0.32096973385105776 0.2751248484981406 0.011952628782495025 0.010944911345683504
36 0.3187678080310155 0.2898459527591955 0.02929201331138955 0.011160544671320256
4 0.43275866443082295 0.3327058137549669 0.0057020363036677565 0.009772235210043653
2 0.42776222564628213 0.31339256809915694 0.015082339605336732 0.010768018573109545
2 0.5295051082946859 0.2819600620244179 0.0077929740218513725 0.017423484501668175
26 0.38458652369055046 0.45000532498214985 0.02206677074607369 0.011345411445562191
11 0.42139450972371867 0.4066589648222797 0.013825094740632376 0.010107540375307771
35 0.47395831878668526 0.46986029232963744 0.008170669168141147 0.011724997702104351
27 0.07958917580960036 0.7421067570338711 0.009721307112460054 0.008983541404855659
34 0.049545466512280666 0.6671829438364446 0.01100045123187423 0.009633042990989644
19 0.0522852744011861 0.6556104665867157 0.006517578956118791 0.004609111478942745
14 0.12267458856693017 0.5771026923499755 0.005549910146863018 0.03290071096110288
18 0.11585758237224338 0.6641637334930295 0.007004788397870368 0.013207289148792236
32 0.12350808618516641 0.7103901603029352 0.004455149785514297 0.005527471936967792
34 0.12672599282569025 0.6672019485011511 0.01100045123187423 0.009633042990989644
19 0.12944339653693407 0.6555977836100041 0.006517578956118791 0.004609111478942745
17 0.1620428945799612 0.7321974293733247 0.012667335559669144 0.0305027781312746
14 0.1634591353633595 0.5771343799913927 0.005549910146863018 0.03290071096110288
18 0.15664212916867276 0.6641954211344467 0.007004788397870368 0.013207289148792236
32 0.16429263298159572 0.7104218479443525 0.004455149785514297 0.005527471936967792
34 0.16751053962211956 0.6672336361425687 0.01100045123187423 0.009633042990989644
19 0.17022794333336344 0.6556294712514215 0.006517578956118791 0.004609111478942745
17 0.2927481787732061 0.7321299052053145 0.012667335559669144 0.0305027781312746
14 0.29423645757340355 0.5770668558233825 0.005405834113264713 0.03290071096110288
18 0.28734741336191766 0.6641278969664367 0.007004788397870368 0.013207289148792236
32 0.2949979171748407 0.7103543237763423 0.004455149785514297 0.005527471936967792
34 0.2982158238153643 0.6671661119745588 0.01100045123187423 0.009633042990989644
19 0.30093322752660834 0.6555619470834112 0.006517578956118791 0.004609111478942745
17 0.33065724690351744 0.7321614511939448 0.012667335559669144 0.0305027781312746
14 0.33212151303144866 0.5770984018120123 0.005453859457797497 0.03290071096110288
18 0.3252564814922291 0.6641594429550669 0.007004788397870368 0.013207289148792236
32 0.3329069853051523 0.7103858697649721 0.004455149785514297 0.005527471936967792
34 0.3361248919456758 0.6671976579631889 0.01100045123187423 0.009633042990989644
19 0.3388422956569197 0.6555934930720414 0.006517578956118791 0.004609111478942745
17 0.3974907830199118 0.7321335050843882 0.012667335559669144 0.0305027781312746
14 0.398955049147843 0.5770704557024557 0.005453859457797497 0.03290071096110288
18 0.39209001760862344 0.6641314968455103 0.007004788397870368 0.013207289148792236
32 0.39974052142154676 0.7103579236554155 0.004455149785514297 0.005527471936967792
34 0.4029584280620701 0.6671697118536322 0.01100045123187423 0.009633042990989644
19 0.40567583177331423 0.6555655469624849 0.006517578956118791 0.004609111478942745
34 0.4410655947851896 0.6671633656613545 0.011016134156237384 0.009724937151101044
23 0.49598690198256223 0.5985627531827311 0.011548457417478324 0.011157535419596467
14 0.47002271201500934 0.5424929005566823 0.017882607260850215 0.0053004782007838825
32 0.5695412342548033 0.7445205621633257 0.004475966368461552 0.0055828389337227915
18 0.561977450407844 0.6639802643925683 0.006936975512619563 0.013221762826742362
16 0.5679636147643159 0.5797122565182071 0.006811578131209936 0.038118444622977775
19 0.5755483692725214 0.6554790407058221 0.006463686486438672 0.004636015299516365
34 0.5728956381867426 0.6671952121090952 0.010826370771443147 0.009533226920523781
17 0.6081048363899377 0.7320513925053629 0.012667335559669144 0.0305027781312746
14 0.6095691025178689 0.5769883431234301 0.005453859457797497 0.03290071096110288
18 0.6027040709786493 0.6640493842664845 0.007004788397870368 0.013207289148792236
32 0.6103545747915725 0.7102758110763898 0.004455149785514297 0.005527471936967792
34 0.6135724814320962 0.6670875992746069 0.01100045123187423 0.009633042990989644
19 0.6162898851433399 0.6554834343834594 0.006517578956118791 0.004609111478942745
17 0.6821784793610537 0.7320163869522017 0.012667335559669144 0.0305027781312746
14 0.6836427454889846 0.5769533375702689 0.005453859457797497 0.03290071096110288
18 0.6767777139497656 0.6640143787133236 0.007004788397870368 0.013207289148792236
32 0.6844282177626885 0.7102408055232285 0.004455149785514297 0.005527471936967792
34 0.6876461244032118 0.6670525937214457 0.01100045123187423 0.009633042990989644
19 0.6903635281144557 0.655448428830298 0.006517578956118791 0.004609111478942745
17 0.7192631061725726 0.7320330949696348 0.012667335559669144 0.0305027781312746
14 0.7207273723005035 0.5769700455877019 0.005453859457797497 0.03290071096110288
18 0.7138623407612844 0.6640310867307566 0.007004788397870368 0.013207289148792236
32 0.7215128445742072 0.7102575135406615 0.004455149785514297 0.005527471936967792
34 0.7247307512147306 0.6670693017388787 0.01100045123187423 0.009633042990989644
19 0.7274481549259744 0.6554651368477312 0.006517578956118791 0.004609111478942745
14 0.7567835942989386 0.5772738817924096 0.0052477115372656195 0.032758819201095885
23 0.7904702000393864 0.6559185158736652 0.011418280504129807 0.011224887056285247
19 0.7628792950256282 0.7165932724490254 0.00552806536880523 0.0040704409775773375
18 0.750949473009413 0.7242916557749771 0.006305993866736102 0.01175807483052814
31 0.7607690829595132 0.7381732052665073 0.010545422383565893 0.00924043311382377
17 0.8492820173972455 0.7320215929631902 0.012667335559669144 0.0305027781312746
14 0.8507462835251768 0.5769585435812574 0.005453859457797497 0.03290071096110288
18 0.8438812519859579 0.6640195847243118 0.007004788397870368 0.013207289148792236
32 0.8515317557988809 0.7102460115342164 0.004455149785514297 0.005527471936967792
34 0.8547496624394042 0.6670577997324341 0.01100045123187423 0.009633042990989644
19 0.8574670661506479 0.6554536348412866 0.006517578956118791 0.004609111478942745
17 0.8863022346731139 0.7321045656695501 0.012667335559669144 0.0305027781312746
14 0.8877665008010456 0.5770415162876175 0.005453859457797497 0.03290071096110288
18 0.8809014692618264 0.6641025574306721 0.007004788397870368 0.013207289148792236
32 0.8885519730747495 0.7103289842405768 0.004455149785514297 0.005527471936967792
34 0.8917698797152728 0.6671407724387941 0.01100045123187423 0.009633042990989644
19 0.8944872834265171 0.6555366075476463 0.006517578956118791 0.004609111478942745
14 0.9340514223291636 0.5769492991858624 0.005453859457797497 0.03290071096110288
18 0.9271863907899447 0.6640103403289173 0.007004788397870368 0.013207289148792236
32 0.9348122500074401 0.7088773673220012 0.004455149785514297 0.005527471936967792
34 0.9380548012433912 0.6670485553370393 0.01100045123187423 0.009633042990989644
19 0.9407722049546353 0.6554443904458913 0.006517578956118791 0.004609111478942745
27 0.9681325223031316 0.7419909756687595 0.009676577171756705 0.00937156291153955
