15 0.8393312280745175 0.7239686490333399 0.06575219795413867 0.060893335160131984
15 0.10246459947655624 0.7225961368868442 0.0654409569190919 0.0605772096083286
17 0.3588069659818596 0.7008525738518577 0.010727279954943467 0.026501532011345044
13 0.5630219838513919 0.37517156185998024 0.032330275274520176 0.031492380840809304
2 0.30196956773089617 0.20095138466488005 0.015236617847068298 0.0215612647834141
14 0.3928490507489799 0.5674801660963326 0.005403757335532944 0.026763037624234112
17 0.5535074940497178 0.7008653352317255 0.0109916442612835 0.0264736394360929
17 0.32530453515863206 0.700929650858052 0.01102473356907807 0.02651858276127138
17 0.16798254147049063 0.7008657932684741 0.0110577004009357 0.0263885589956184
17 0.3918973277448434 0.7009055554689724 0.0108410077149028 0.0266173936662867
17 0.21611550991005288 0.7008388470384189 0.0109282788336817 0.0264967395224779
13 0.370054175023227 0.37494480715882084 0.03237438807501982 0.031286951744620844
14 0.36023289874367187 0.5653923776082485 0.0048977423165801936 0.0275831246994336
32 0.3607277815010768 0.6821748757658881 0.00383544215475771 0.00492314606191223
14 0.24351381951047163 0.5674500400476904 0.00456761806902327 0.0287729953890888
14 0.5547511202822762 0.5670408194219325 0.00454855611210457 0.028531096377173003
14 0.3266257340452159 0.5667828103014124 0.00459614526401622 0.02764059410845326
2 0.2400382094491427 0.2009692595852851 0.015372223634583399 0.0215741634513483
14 0.2173192497922121 0.5672518679088592 0.00462702860543018 0.0284844709586064
32 0.32713960920184354 0.681992200413223 0.0038000441548710464 0.0047681317237817
2 0.4427911433671667 0.21165751040293682 0.0163690100493653 0.018381289017971602
32 0.39382160706021474 0.682056383863369 0.00402360975122154 0.0045994305936520406
0 0.6442519272302536 0.4623694169512772 0.009529400060447309 0.0229012372760224
2 0.6391426307015666 0.3741014784894049 0.013406401118275187 0.010881272782813778
0 0.45652484695339235 0.46232034642504055 0.00923285114535059 0.0226771543375071
12 0.18093377967180493 0.24788775436862714 0.026036929282725524 0.029330730185125532
32 0.16985452713360139 0.6821542570777822 0.00394903614875076 0.00489872504185666
2 0.6543679975175675 0.21160158905003226 0.0163171148530375 0.0181812555660445
2 0.45163537698500117 0.3741915344081738 0.013238738146660288 0.010564973160533599
2 0.6320062067896185 0.2079108381043609 0.0132463866990731 0.0109214159961438
12 0.21299640514654936 0.2477947018286631 0.026040870685468502 0.029450094579374878
2 0.3696732529704186 0.18601076132077782 0.015637445613162403 0.014606744348238459
10 0.530290402007039 0.35604343261152005 0.016274983550146102 0.009742863329118
14 0.10262619111896822 0.567097135936164 0.004829469559112429 0.0283739167364278
32 0.2180536283340473 0.6821748860630694 0.00400732120819061 0.00490845515549302
18 0.3541799980205082 0.6420752381153819 0.00594413137687639 0.011805053077799901
18 0.09682501806335633 0.6420391635237074 0.0061152076735026695 0.011814068845290699
18 0.21148345522491432 0.6420543355590091 0.0061831314225267 0.011649263612318298
2 0.5394509914798511 0.36487744726254556 0.013240072019195612 0.010817408204590826
32 0.4264053410078331 0.7152456136786653 0.00391028800624622 0.00489775098407666
2 0.34001166739339866 0.18572965868180483 0.014582864368199677 0.01645425365466479
18 0.4198378416689754 0.6368624336527503 0.00602296179226275 0.0116020819232687
2 0.46845442009148996 0.20775951853437177 0.0132020077479599 0.0106794024906936
23 0.2631825441666772 0.6235094090641919 0.0100472067911923 0.00959135815937589
10 0.3373495240954936 0.35601791812682576 0.0161751667023474 0.0097512772402216
23 0.5738045305494075 0.6109350682889101 0.010028853013838202 0.009913803835329265
11 0.6182712076396581 0.07397139384676571 0.00670214587950836 0.0184664676086826
2 0.5332442513270071 0.18788496138278404 0.013349245746650201 0.010701783360644099
18 0.3872580083044211 0.6420740306733574 0.00617114888455823 0.0116957904005771
20 0.49783762900148637 0.5788694804041843 0.0249976433419807 0.0523203355990845
18 0.16337346856975998 0.642069304433688 0.006115721219839309 0.011886894525684
10 0.5303310935121167 0.37864138103906136 0.016302389994971193 0.009985613006099122
18 0.3206257534662753 0.6420977900577088 0.00629150172211868 0.011815191516457699
20 0.44454535059439826 0.5789987201993982 0.023910383242242598 0.0522935236846324
14 0.1692137824589462 0.5671602485628473 0.0046637429084601 0.028426988358061397
4 0.5432221535849665 0.2507493473952021 0.00545391892189704 0.011719974501950302
4 0.3501601641994512 0.2507811195319179 0.00553880166356035 0.0116707671901717
32 0.5195605439234727 0.7152435315671495 0.0037777109201843763 0.00492328436498701
10 0.6301468254930233 0.363433307877957 0.0161472365819565 0.00976229516956398
10 0.4425009313450785 0.3632628850867854 0.016138226784455 0.0100990357941187
4 0.6425434877861801 0.251410978340851 0.00638301863477232 0.011565550888118099
31 0.3544697732753612 0.4068486633507263 0.0095176821762291 0.007627070718574241
32 0.1033814127079448 0.6808358990942929 0.00399270606393562 0.00444825270732402
10 0.442532339665084 0.3878613143768706 0.016166232385276 0.00997703539113708
10 0.3373848305192804 0.37858663475838916 0.0162303755603969 0.0096091286468723
4 0.4549375732766218 0.25141145430722767 0.00637473145023171 0.0113287536847214
10 0.29803312307953894 0.22466786844987868 0.0142292152553899 0.0099239492421274
10 0.23240211884350484 0.14890857104749605 0.014240318277125701 0.0098877207354081
18 0.23854128008976105 0.694070958277656 0.00542459445994106 0.010415369518559401
10 0.2361163931058585 0.22465667185050925 0.014460336096489 0.0099222098532345
19 0.24882319917388673 0.6875575041967972 0.00512227648662603 0.00408385546541037
2 0.5634738201852334 0.18775994526917747 0.018131495429130985 0.010577234431221914
31 0.5475218563856916 0.4067989361062624 0.009493877427337299 0.0076122321619407195
10 0.2958541190191428 0.15042334923399606 0.014140318277125702 0.012987720735408098
36 0.16885468301051304 0.29668774449051294 0.0181021880712861 0.0089558872067039
36 0.20096011112757906 0.29663022784246795 0.0181021880712861 0.0089558872067039
24 0.20759221715733742 0.3120839117670488 0.0100383547107028 0.0091243517597765
4 0.24434843635839473 0.29981418602617627 0.00639373861984752 0.0117623229173145
10 0.33870202003962774 0.2085898783171756 0.0086753579208335 0.0177753203790992
24 0.38422383814530975 0.22372384610446933 0.007680025236689551 0.00746554290223464
29 0.37847450135384525 0.23638326101406393 0.0123221535722285 0.015650064832541898
23 0.3719094971922486 0.32288582125192195 0.0092711916260572 0.0090357920285079
2 0.34640625779111106 0.364859126617727 0.013263943955714098 0.010873550235258
2 0.35631621775947714 0.3804158136657302 0.005879888830469039 0.01646932236861454
10 0.43945950058945166 0.224719517245306 0.015727017499034154 0.00974938822789936
32 0.4568621799726107 0.4087639938878822 0.00391515454453799 0.004734621335058651
32 0.45686217997261075 0.4291977125451006 0.00391515454453799 0.004734621335058651
11 0.45113360889558957 0.4398288126710408 0.0067462503936431195 0.00535773260614155
26 0.42024714860907414 0.4687819348542648 0.019166278763357334 0.008917089939517052
35 0.4852476442228433 0.47739532059426426 0.00666035925963858 0.0093963426751004
24 0.5012742867085219 0.49442004117231486 0.0093616264862778 0.00885294048663373
31 0.45489365182265684 0.49885310922716486 0.0070077509908518295 0.00465476914908349
2 0.5493109514482185 0.3803567497360062 0.005716523784605704 0.0163174082045908
23 0.5648421730006861 0.3228941274039947 0.0092057025198761 0.00878501521307535
29 0.5714946916520829 0.2363912819293118 0.0121352485363758 0.0153982898333256
24 0.5773195809288201 0.2236656667693325 0.007536663394032131 0.00708688337411698
10 0.5316049906211137 0.20846478633129262 0.0086753579208335 0.0177753203790992
10 0.6301468254930231 0.387966593175062 0.0161472365819565 0.009862295169563981
10 0.6277568118993909 0.22471951724530606 0.0141270174990342 0.00974938822789936
5 0.6937449988810386 0.15937596227202613 0.0023139484183978707 0.00898603780078825
5 0.693701339476918 0.17604852941816312 0.0023139484183978707 0.00898603780078825
30 0.6670177805225163 0.07280361373619565 0.032813168573348504 0.0126273198782123
31 0.6062513732240731 0.0694878474990169 0.00893959603466209 0.014129745418994399
30 0.47396999744673324 0.07334995102456375 0.032813168573348504 0.012627319878212298
11 0.42519136512686195 0.07393133324458008 0.00670214587950836 0.0184664676086826
31 0.4132034654575334 0.06960866764600554 0.00893959603466209 0.014129745418994399
32 0.6444162783340122 0.4087334161274778 0.00391515454453799 0.004734621335058651
32 0.6443765879666298 0.4290548616052611 0.00391515454453799 0.004734621335058651
11 0.638815263300349 0.4395943162044054 0.0067462503936431195 0.00535773260614155
35 0.6727950951420942 0.4774678029274402 0.00666035925963858 0.0093963426751004
31 0.6473585794770083 0.4988723885812048 0.00980775099085183 0.00475476914908349
24 0.6888927550553139 0.49440957297259785 0.0093616264862778 0.00885294048663373
26 0.7262601553203034 0.4687588138811889 0.01945879677096201 0.008917089939517111
34 0.10592941798507453 0.6441710384107577 0.00899270234580107 0.009798386568896438
19 0.10845176628664432 0.6347893256351117 0.005578294476862649 0.00420745939148538
27 0.1420393800128371 0.7182013461414825 0.0084655757972122 0.007843111503301
34 0.17234168334603056 0.6440616440784391 0.00869270234580107 0.009798386568896438
19 0.17492341283809434 0.6348611426381566 0.005578294476862649 0.00420745939148538
23 0.188322761286276 0.6108803872361466 0.00978137304095 0.009824641580866999
34 0.22048037292147168 0.6442147508910504 0.00876285903650446 0.0098445432719549
19 0.223097294529117 0.6347242909200187 0.005578294476862649 0.00420745939148538
31 0.24609953162955683 0.7058197075999303 0.00725766271566365 0.00828392088158053
34 0.3295893087190763 0.6442257705946607 0.00876285903650446 0.0098445432719549
34 0.363171415947662 0.6442257705946607 0.00876285903650446 0.0098445432719549
34 0.3961747081029211 0.6440559898694934 0.00876285903650446 0.0098445432719549
34 0.4286499525934013 0.639992985065171 0.00876285903650446 0.0098445432719549
19 0.3322101940589942 0.6347920894536273 0.005757214239668918 0.004207459391485381
19 0.36577990988740927 0.6347241641800689 0.005757214239668918 0.004207459391485381
19 0.3988173976150295 0.6348562389065107 0.005757214239668918 0.004207459391485381
19 0.4314746318973217 0.6295580675689605 0.005757214239668918 0.004207459391485381
16 0.4251424826158113 0.5694881101820879 0.006058238809480721 0.032950550203148625
14 0.4630260469857774 0.5366718909867207 0.02016440140897945 0.005671081089383424
23 0.4748285699803897 0.6051150788521014 0.0098314807365934 0.0099355789829608
24 0.4546891065052118 0.6253511032065702 0.010750225108871601 0.010634477768994299
24 0.4715941302615888 0.6242571598833857 0.010750225108871601 0.010634477768994299
16 0.5182478882955691 0.5694989964790043 0.006058238809480721 0.032950550203148625
34 0.5220063286500989 0.6440484835940634 0.00876285903650446 0.0098445432719549
18 0.5128915834191976 0.6419673426529445 0.00602296179226275 0.0116020819232687
19 0.5245978527659222 0.6348797496900965 0.005757214239668918 0.004207459391485381
18 0.5487665157851862 0.6420352679265029 0.00602296179226275 0.0116020819232687
19 0.5604247597873782 0.634811824416538 0.005757214239668918 0.004207459391485381
34 0.5579292863606206 0.6439805583205052 0.00876285903650446 0.0098445432719549
18 0.6143508869772806 0.6419160712233559 0.00602296179226275 0.0116020819232687
19 0.6260506809206036 0.634824910085251 0.005757214239668918 0.004207459391485381
34 0.6232941358481034 0.6441727954651215 0.00876285903650446 0.0098445432719549
18 0.6519008873577724 0.6420168189589144 0.00602296179226275 0.0116020819232687
19 0.6634006813010954 0.6348256578208097 0.005757214239668918 0.004207459391485381
34 0.6608037761495312 0.644126600705042 0.00876285903650446 0.0098445432719549
18 0.7629862089564763 0.6420548487494574 0.00602296179226275 0.0116020819232687
19 0.7745860028997984 0.6348636876113537 0.005757214239668918 0.004207459391485381
34 0.7718890977482353 0.6441646304955865 0.00876285903650446 0.0098445432719549
18 0.7952337452137864 0.6420548487494574 0.00602296179226275 0.0116020819232687
19 0.8068335391571084 0.6347636876113537 0.005757214239668918 0.004207459391485381
34 0.8042366340055453 0.6442646304955859 0.00876285903650446 0.0098445432719549
18 0.8298267769454364 0.6419315804366083 0.00602296179226275 0.0116020819232687
19 0.8414265708887594 0.6348404192985037 0.005757214239668918 0.004207459391485381
34 0.8389296657371953 0.6442413621827374 0.00876285903650446 0.0098445432719549
32 0.5554288712572811 0.6822019635587695 0.0037777109201843763 0.00492328436498701
17 0.6191530718048768 0.7008065259421464 0.0109916442612835 0.0264736394360929
32 0.6209704997015055 0.6822469300898653 0.0037777109201843763 0.00492328436498701
17 0.6565460727149437 0.7007490508836223 0.0109916442612835 0.0264736394360929
32 0.6583635006115732 0.682189455031341 0.0037777109201843763 0.00492328436498701
18 0.680967991060903 0.6940087726216676 0.00542459445994106 0.010415369518559401
19 0.691249910145029 0.6874953185408086 0.00512227648662603 0.00408385546541037
31 0.6885262426006988 0.7057575219439417 0.00725766271566365 0.00828392088158053
17 0.7677420538890858 0.7006275690556995 0.0109916442612835 0.0264736394360929
32 0.7695594817857146 0.6820679732034182 0.0037777109201843763 0.00492328436498701
17 0.7999318256862996 0.7008695433901915 0.0109916442612835 0.0264736394360929
32 0.8017492535829291 0.6821099475379107 0.0037777109201843763 0.00492328436498701
27 0.8798546964358798 0.7081674360326601 0.00869945307771149 0.00790078705472008
32 0.8363030679788481 0.6796237127124918 0.0037777109201843763 0.00492328436498701
14 0.6203411052590573 0.5670637061636052 0.00454855611210457 0.028531096377173003
14 0.6577008739946273 0.5671354072578385 0.00454855611210457 0.028531096377173003
14 0.6860358272689693 0.5671033325313964 0.00454855611210457 0.028531096377173003
14 0.7688584515549682 0.5673644396912143 0.00454855611210457 0.028531096377173003
14 0.8011227512001742 0.5672690074886941 0.00454855611210457 0.028531096377173003
14 0.835577959124892 0.5671455069913154 0.00454855611210457 0.028531096377173003
23 0.7055957471361012 0.6234989185004138 0.010028853013838202 0.009913803835329265
29 0.27142930736276555 0.3006274932539543 0.012303672606979099 0.0154588532389926
