15 0.9038118675857594 0.7226713488974775 0.0723895789781886 0.058498151182673104
15 0.14825241964364388 0.7248163480848353 0.0723992062355178 0.058547957818288705
13 0.6987467055428924 0.17194234137329853 0.023838470305258902 0.0357614209109611
17 0.38344647609104254 0.7086891958067651 0.010727571489963198 0.026392672079830398
17 0.8247288840151492 0.7061053683942186 0.0108963480537225 0.026099063902643202
17 0.3512585616570431 0.7086911439223248 0.0109068768653662 0.0263295582564477
17 0.6197556498164543 0.7059512934930708 0.010929166850317348 0.0263932188880379
17 0.44072267210954785 0.7059854650541468 0.0109110751593038 0.0263497250374038
17 0.20592758050196477 0.7060060391582356 0.0109633969499295 0.026481361320889102
17 0.7142128038894068 0.7061631012441226 0.0108313084009168 0.0259395474137931
17 0.682725217271874 0.7060190896400327 0.0108526348888021 0.026232361205115403
17 0.240552894997198 0.7059694376847926 0.0109387610111702 0.0263990939592833
14 0.7459836181099508 0.5745798299072473 0.00478262336603365 0.028382566425174602
17 0.856159438280778 0.7060409763843869 0.010839338605682002 0.0263372983978698
14 0.4418768865385099 0.5741598397647126 0.00483394604447915 0.0284614123949131
14 0.6839598209956808 0.574179521882347 0.00471295201679932 0.028295559131429903
14 0.8967198481270274 0.57406617185373 0.004584882820370739 0.0283471234125641
13 0.5412587949262035 0.17277649487255997 0.0237211156306669 0.0372093449433599
14 0.7154059844411141 0.574086206033815 0.00485914344272617 0.028412694310612
14 0.8259283361326943 0.5740824271627422 0.00495268825244308 0.0285204617813123
18 0.34662861078228924 0.6506911870035087 0.00610762911167641 0.0117445226782915
14 0.20717169803617078 0.5742299940498987 0.00472149576790122 0.0281819520451874
14 0.6208765912675674 0.5740789031330152 0.00486367675486097 0.0284354309899544
13 0.36134352129587116 0.1719839766799439 0.023672285656042198 0.0358791175648778
18 0.7096231443541583 0.6479655195234578 0.00622075916469373 0.0113880077345754
14 0.27274580030900586 0.5745734487155791 0.004757166430019649 0.0282317863997043
14 0.3526347721773937 0.5755755829318361 0.00524500833511737 0.0311142685549658
0 0.6823141638751763 0.46502656230518846 0.0128389535689099 0.0298316985675228
14 0.24179190183136423 0.5741806896384746 0.00482693022113641 0.028342800599797
14 0.857389345846766 0.574067391245057 0.0048575014482168 0.028520516829492002
18 0.23603766615139535 0.648088419844507 0.00600773088038989 0.0113516889605301
18 0.4360771472568885 0.6480488811694037 0.0059626556045990296 0.011494835935273602
32 0.38529985002298245 0.6903301199816538 0.003960849898624819 0.00501722200947563
18 0.8909534614742851 0.6480566736316434 0.00604301691895023 0.011455436578263001
18 0.13573374425829232 0.648142907634832 0.00605896450137266 0.011602241334782
14 0.141550385066287 0.5740713810413847 0.004757432323412 0.028541538109593197
18 0.6781713903983225 0.6480752898239346 0.00607052296368124 0.0114147450083713
18 0.37886001489144705 0.6507147280319358 0.0060977033170461405 0.0116310648733614
18 0.6151718042813692 0.6480619514106583 0.0061781893039744105 0.0114226175103306
18 0.8201765384155247 0.6480950739393344 0.00612382096262341 0.011356490007836999
32 0.8973918985590159 0.6863667070397154 0.00399342698468668 0.00507799119229125
18 0.2677993115460662 0.6991980853920274 0.00552094491424038 0.0106924896248931
20 0.49286272498520317 0.5857786841648259 0.023803613379634297 0.0518901151503277
32 0.8580512622311355 0.687478750233774 0.00383211405022164 0.00485084659536193
32 0.4749407333014304 0.7165622167439971 0.00388386418874673 0.004912133197670279
32 0.5869954415801932 0.7165944945697668 0.0038430347068305498 0.00486509032576945
18 0.8516198012165019 0.6480513904535656 0.00603070786318759 0.0113903635072314
18 0.20120974701069128 0.6480594115689122 0.006240589542300524 0.0114696201953904
0 0.5247885322086568 0.46484507886528414 0.011991334704941601 0.029095063642152297
29 0.7132447690251615 0.28169043842619 0.012148678344751201 0.015673836641048
23 0.7719549754905048 0.6410799506625818 0.0098358010213077 0.0095004722232117
18 0.580574649319023 0.6480452878980836 0.0061501192417640505 0.0114562816151325
32 0.142192249708389 0.6863970138171487 0.00390701800747406 0.00489983791678541
18 0.7410710672649476 0.6992394336995054 0.00542549688003728 0.010622218647584801
32 0.6214981645819693 0.6874463830729912 0.00394332222509067 0.00498394463344258
32 0.6846101132919733 0.6874734278596342 0.00387480519909833 0.0048388694695782304
23 0.29864841378938467 0.6411980649646449 0.009882906752153399 0.009927676265495901
32 0.8265945661567478 0.6874262752364457 0.00387546760087145 0.0047016465472713
32 0.20768212338689096 0.687503782405511 0.00394985248258992 0.00484755661780422
20 0.5514526599793498 0.5857130647865282 0.024525793247779825 0.05159145734628785
32 0.7160347716067653 0.6875795802423231 0.00390982237306065 0.0048151938541963505
32 0.2424536456300058 0.687533729283183 0.00384572669787679 0.00488365686894414
32 0.35306075200625253 0.6902859697273973 0.00397946149160034 0.0047766692567326905
18 0.4685440244134718 0.6480819092979659 0.0060718469014457 0.0114268910079439
19 0.591944820430399 0.6407966417102999 0.00583828431958997 0.00434563922680963
32 0.44252777624735584 0.6875121657590307 0.0039907052815837205 0.00495453443377743
12 0.7106780970982143 0.3333851773174787 0.0209309311561807 0.032542110298963395
3 0.5211627248905583 0.30427324014496526 0.0191184117154443 0.0096348861298625
24 0.578577747558495 0.16224132174353006 0.008823176427438 0.008477803254800161
14 0.3848314788615442 0.5756140205598549 0.0052213240086011505 0.0309771206072777
24 0.5244860913760426 0.6318099297809658 0.0104177084645124 0.010169670178469701
16 0.5856752888956404 0.5764036672997112 0.00589590949589462 0.0329107793130165
23 0.6259096141131874 0.23368183756556773 0.010418166463076799 0.0098992767760135
29 0.5557108514334201 0.28165420695555154 0.0121091838196403 0.0155204826539791
19 0.6264887630182099 0.6408040136746578 0.005912117481865809 0.00427966167355372
24 0.39848174144133575 0.16215155914347718 0.00902285279818342 0.00832670124402235
11 0.35554578021933764 0.193125456541494 0.0115451293788954 0.009033991396648
3 0.3433841921783891 0.2054314539613798 0.020979338036954197 0.0111394332318436
23 0.4458113984344923 0.23369784826382475 0.010235370950114599 0.0096857743270695
22 0.4653548857803485 0.2337225660647393 0.010301436402281894 0.009788031919756222
29 0.3756614496606957 0.2816974598105053 0.0117707973782415 0.015480399553072599
4 0.34372784496415215 0.29334012169837415 0.00501850922925031 0.008530947072562361
2 0.33873100159366976 0.30435488427472135 0.0144329812582715 0.0096969819972067
8 0.4285269379080747 0.33474494367873464 0.0077543866950067 0.005327988471305261
4 0.5237430745712327 0.2932427119002891 0.00495036015217533 0.00866853531389426
11 0.535651726089161 0.19320139388937185 0.0113992707702821 0.00909528058879571
22 0.6454589762620213 0.23281800466350178 0.010391399105274599 0.009764122223463652
8 0.6067079105914297 0.3347523434967507 0.005178481851883767 0.005327988471305228
24 0.7361006156195077 0.16224246588403507 0.009204090417195374 0.00856094091779329
23 0.7794453038620114 0.23671905247414377 0.010418166463076799 0.0098992767760135
22 0.7992004588435134 0.23611568375398184 0.010391399105274599 0.009764122223463652
4 0.6812622662005114 0.2944497890141132 0.00495036015217533 0.00866853531389426
3 0.6797824495201585 0.3056287724749445 0.0189184117154443 0.0099348861298625
36 0.7936563476398375 0.31803718999771297 0.0251942621226829 0.01004053444581
24 0.7921594416873675 0.3055082182985508 0.010528341667288901 0.0100438380877095
3 0.5224225865005306 0.3553223629056199 0.0191312740081633 0.0121537193499237
4 0.523672525293661 0.3729959448126794 0.00488844365657816 0.008592547105129427
11 0.5141507454372112 0.4358207018887727 0.011831652620768398 0.0088764747486033
26 0.47677269130946265 0.4728574402865652 0.030537492061897705 0.010003540287682211
24 0.5772168855977374 0.5051619180098491 0.0106896907093948 0.009984645530726201
35 0.558898571264148 0.486699424184425 0.007031390693044699 0.010273697625698332
31 0.5279078706621004 0.5156646460505097 0.009749144940154792 0.00886991193037532
3 0.6805308551625437 0.35715870729689486 0.0204312740081633 0.013353719349923701
4 0.6827793162222667 0.37330805960977087 0.00488844365657816 0.008592547105129427
11 0.6714955108834512 0.43645704628004667 0.011831652620768398 0.0088764747486033
26 0.7329402844235129 0.4728210958952883 0.031310945038134586 0.010003540287682213
35 0.7159785492066143 0.4895205721553402 0.007031390693044699 0.010273697625698332
24 0.7343919532799223 0.5079293994591061 0.0106896907093948 0.009984645530726201
31 0.679278100671563 0.5159413138542247 0.010049144940154799 0.00886991193037532
19 0.14719033056264824 0.6407855246754782 0.00587572253569248 0.00422774671571647
34 0.1449145736630547 0.6506969625208717 0.00946847486534943 0.008777286557341179
34 0.2104132163704017 0.6506969625208717 0.00946847486534943 0.008777286557341179
19 0.2127017976497459 0.6407768289544262 0.00587572253569248 0.00422774671571647
34 0.2451731674134017 0.6505117117748036 0.00946847486534943 0.008777286557341179
19 0.24745468332983225 0.6408385792031157 0.00587572253569248 0.00422774671571647
22 0.3147002921401333 0.6590037735442302 0.0097472787766086 0.0100887910337504
19 0.2778707216202702 0.6928588660505013 0.00547572253569248 0.00422774671571647
31 0.2761038685853953 0.7110833516644864 0.009237030954464587 0.00832924098272351
19 0.3581275422644163 0.6436137741341413 0.00587572253569248 0.00422774671571647
34 0.3558407743461203 0.6535165493034636 0.00946847486534943 0.008777286557341179
19 0.39030452310138064 0.6435779235870253 0.00587572253569248 0.00422774671571647
34 0.38806183121668275 0.653584474577022 0.00946847486534943 0.008777286557341179
23 0.39478914622778766 0.6179783955241424 0.0099175504526794 0.0099642679486588
23 0.41291476447797915 0.6180302834344795 0.009989271662818737 0.01005294048663373
34 0.4453200061604437 0.6506496162690607 0.00946847486534943 0.008777286557341179
32 0.47501687398216447 0.6525695712731135 0.003986103596220971 0.005094395516875068
16 0.47362746380575493 0.5767389632813692 0.006136486423020813 0.0329991167737429
19 0.4476189166724835 0.6407696079483852 0.00587572253569248 0.00422774671571647
19 0.47983547039334296 0.6408600164874915 0.00587572253569248 0.00422774671571647
24 0.5029342218873641 0.6315292468323777 0.0104177084645124 0.010169670178469701
23 0.5288233422019951 0.581027686344453 0.009936924037278203 0.009862749720670366
14 0.49948686156807176 0.5450971556870206 0.015058005727077599 0.0050958817018231396
27 0.17466065674723275 0.7145096358404744 0.00858826003597011 0.00810248806703906
34 0.5897627692364761 0.6507254315189548 0.00948135956312813 0.00883702067171959
23 0.6345838446389387 0.6159704035185514 0.0099175504526794 0.0099642679486588
22 0.6509561211842056 0.6159704035185516 0.0099175504526794 0.0099642679486588
34 0.6242449666110139 0.6505216556982795 0.00948135956312813 0.00883702067171959
19 0.6896179949385041 0.6406836799091075 0.005912117481865809 0.00427966167355372
34 0.6873583591505443 0.6506915493568755 0.00948135956312813 0.00883702067171959
34 0.7187439303349531 0.6506723664350877 0.00948135956312813 0.00883702067171959
19 0.7210674878564857 0.6407740884482136 0.005912117481865809 0.00427966167355372
22 0.7905591100656004 0.6574503949557928 0.0098358010213077 0.0095004722232117
31 0.7494958700874966 0.7112225756021877 0.009220866150294427 0.008286883374116911
19 0.7511747824906767 0.6927789759207618 0.00518278789860622 0.00394721750773349
34 0.8294067243944052 0.6505122021931407 0.00948135956312813 0.00883702067171959
19 0.8315537473529657 0.6408321861634018 0.005912117481865809 0.00427966167355372
19 0.8630497288044553 0.6407856174203849 0.005912117481865809 0.00427966167355372
34 0.8607864845121255 0.6505587709361578 0.00948135956312813 0.00883702067171959
34 0.9000712163399417 0.6505587709361578 0.00948135956312813 0.00883702067171959
19 0.9025265620104028 0.6407176921468265 0.005912117481865809 0.00427966167355372
27 0.9301807117892992 0.7144456443394948 0.008403507869683467 0.007521806643854833
