15 0.11211647787720562 0.7401271099984099 0.07983549968402126 0.06422725578837778
15 0.9446378046372692 0.7378401422430975 0.0805823485417978 0.06319015806354068
17 0.8909404900167486 0.7194262443448984 0.011941155330697199 0.028705381474422902
17 0.7347603466826391 0.7194013264997148 0.012012869846237156 0.028435528284411503
17 0.4337503362381623 0.7193174930201802 0.0118034283384546 0.028415639805678298
17 0.3708395211675779 0.7222568265308854 0.0118104399115958 0.0283668092316187
17 0.8562574629602813 0.7193164196641672 0.0118295985605984 0.028432180531312298
13 0.7175413374990555 0.1504752089980122 0.025986727801354997 0.0392430623291224
13 0.5455231879187239 0.15119719415698896 0.024269113628349798 0.040689191687891896
17 0.6307536780377921 0.7193672945906949 0.011799459043799101 0.028485644280778
20 0.4912992853364896 0.5871249260829298 0.025820417653133202 0.0564525893238815
17 0.33546491104485665 0.7224025873201056 0.0118409806001914 0.0285462351275292
17 0.7001435738134066 0.7193707281165398 0.0117087902824652 0.0282569886140995
17 0.2136557758330335 0.7192866490849732 0.011858828962702133 0.02855758592681729
17 0.17546462265302967 0.7194299755069443 0.011777541550112578 0.02859685627623453
20 0.5556207483817754 0.587146015240943 0.026684805057424897 0.056313844144076
14 0.8921395693758817 0.5743942099222531 0.00520419668043522 0.0310445943689441
14 0.8576493547564482 0.5743386065574678 0.00511042117922628 0.0309909462164256
14 0.93545066617973 0.5742812585717083 0.00515244654191014 0.0312219306604446
14 0.214953715227055 0.5742687478014122 0.00508084906432601 0.0308354647758443
14 0.43510516175164937 0.5743839157735021 0.004930774843214789 0.0308309129760081
14 0.7359426417599617 0.5743125761713187 0.00503240581868326 0.0310081199126354
0 0.6996500378976306 0.45230306427445494 0.016257622893789 0.038356865715837796
14 0.6319415377701243 0.5743232999352115 0.00506287102684868 0.0310690478390389
0 0.5270889286510866 0.4517734075185816 0.016471031622171155 0.03792946775908649
32 0.8929640373923285 0.699092569998575 0.00429806206553496 0.00534998196601596
32 0.736734741776647 0.6988769803429572 0.00424005688973403 0.0050427261817825595
14 0.1767925122567155 0.5743355129777898 0.00507881988826693 0.0308636280145697
14 0.701426107649733 0.5743878962745355 0.00505519705193431 0.0309604731249109
14 0.24911577666922685 0.5747958375171439 0.0052107349857697 0.0307529762196317
14 0.37251958988703954 0.5758896486879723 0.00560271666582712 0.0336850015696245
18 0.36581115927787466 0.6585681884417742 0.0065089479728113 0.0124927682610787
14 0.3369837338492342 0.5758316586311535 0.00542946955911243 0.0338844730180429
14 0.10473177652120114 0.5743618147364368 0.004876173384747118 0.03083965501396513
32 0.4358710987479217 0.699106514832395 0.00438495405059944 0.00553443689441436
32 0.8583315832472794 0.6990975645772476 0.00424664863741689 0.00541181504256911
14 0.7696401406344451 0.5747024348661474 0.005032299799768289 0.0307285109495227
32 0.17770211384817777 0.6991483524462265 0.004331626792168282 0.005626190582032395
18 0.46434212240895173 0.6556972225438159 0.006540292697209349 0.012241819695782299
32 0.21574008657088825 0.6990712229921836 0.0043297175742076565 0.00527027022060019
32 0.37296584917845194 0.7019895819789298 0.00430815578247784 0.00551631752725135
18 0.6257313320131469 0.6556881978149931 0.006614080917539794 0.0124526137031562
32 0.7022414653592836 0.6990848173892138 0.00416781227961918 0.00551451869300371
29 0.560325749098013 0.25252588583597535 0.013301487806644202 0.0166411661865026
32 0.6327842713423086 0.6990180843010827 0.0043424706893512 0.00509559414184953
18 0.20864211087831186 0.6557897982197567 0.006631090381321781 0.012392877021587301
29 0.7336149529172125 0.2525752327998094 0.0131665384784908 0.0167130424666928
19 0.6003385124530904 0.6476843596377173 0.00619784837484888 0.00463356280279282
18 0.17047538355116942 0.6557174443729518 0.006694251818928821 0.012562631915253633
32 0.3375233022017791 0.7019524934765957 0.00431438622368023 0.00551875267170134
32 0.4714453021893262 0.7309890665632124 0.00425742935220633 0.00533304571726275
18 0.6951374497453027 0.6548694122479695 0.006597798316920211 0.012513859450698207
23 0.7983690524333196 0.6481171994669959 0.0107726569583669 0.010681448039861801
18 0.8512873343995564 0.6556088913107366 0.006711973289844852 0.0124054411424195
18 0.729715313751448 0.6557043842618977 0.0065898139198821305 0.0124589640032773
23 0.27756031079204907 0.6481732125204825 0.010873376186908099 0.010673685300299201
19 0.638396138180347 0.6476595363596285 0.006164972751486 0.00467790202425905
32 0.9361906734050731 0.6977178113979227 0.00406808964462019 0.005424656129773439
18 0.8859067199620945 0.6557204663454691 0.0066813757744811604 0.0125116624216301
3 0.5239439899789694 0.11425208209720795 0.0212968935749547 0.013544282461727898
31 0.696364468118766 0.5104184835256216 0.0112197499779619 0.0100114820261292
18 0.09838156495363087 0.6556635986722054 0.006841542717033283 0.012632217262055233
32 0.5947976320081105 0.7310941893278888 0.004065947228238971 0.005166730082466519
3 0.6981463192074474 0.11438287797755535 0.021457274377266803 0.0134447495641787
18 0.5876925485703581 0.6557907570822347 0.00657439812424441 0.012352335400933301
18 0.3304080626715819 0.6585935482308884 0.0065575099486197864 0.012503770995119692
24 0.5021999767025993 0.6374571955596328 0.0114960953241487 0.011450884110501568
18 0.4288254322218794 0.6556984602094615 0.006432807856261335 0.0125147642668852
23 0.6375476080023426 0.19995129320085372 0.011456223396887 0.0109224788879934
18 0.9290417831011988 0.6557366175036512 0.006608772415877489 0.012552314472606201
18 0.7642826408784379 0.7120030346074383 0.00606636115063973 0.0110926189797663
19 0.25480371764129606 0.704915534504725 0.005755232345942907 0.004063406425530764
24 0.5839711423124853 0.49840621995651774 0.011591243955268171 0.011137048672278336
19 0.7423509163119587 0.6475799963041462 0.0061164311215494704 0.00467286286157025
19 0.11105279482322043 0.6476100835327001 0.006457634944428936 0.004875943064220494
19 0.7754860730342028 0.7048487644494519 0.00549526322914568 0.00408702621829581
19 0.8638567183879456 0.6476400104530313 0.00616753837774532 0.0045926918949487
24 0.5260996314130818 0.6377954812068078 0.011279464128299398 0.0112946974520875
19 0.47699978469581195 0.6476489757364987 0.006310981812285919 0.0047332145910515796
12 0.7308484378935369 0.30961532011991455 0.0229928793383538 0.036758876338077104
18 0.24358905791091243 0.7120973019795058 0.0060216478077199185 0.01089466446689302
32 0.10546965007830847 0.6975888841454773 0.004389091036842694 0.005532989500897787
23 0.806373447613905 0.2030370287091005 0.011266008383915999 0.010884034330248999
19 0.9417410046846666 0.6476577819424165 0.00597315730153133 0.00467824956807495
19 0.898451398473705 0.6476966498535012 0.006081596312714091 0.00473652449504845
11 0.5149673777148053 0.15343835402977454 0.012497852209120499 0.0098300388995251
24 0.5855134747902815 0.13976947034316714 0.009724499458915 0.0089690376028743
4 0.525104576742185 0.2654080884604336 0.005695907226552161 0.0098300388995252
3 0.5224671020932241 0.2777109643671357 0.0206699568464603 0.010650372665075401
11 0.6893034041147004 0.1534595222092005 0.0097095792863008 0.006340359698567
24 0.7586390222258621 0.13932963722594233 0.009500696869702584 0.008008036306223343
4 0.6984576986710028 0.2663757910779221 0.005600897321761909 0.0097642785732961
3 0.6969561021232856 0.27866856196526835 0.020715266251213296 0.010720644567206712
36 0.8193823924035438 0.29254335742510895 0.0276973009659577 0.0107333765550279
24 0.8204981108500163 0.2788049743868274 0.0113216547983329 0.010652041492826801
8 0.6164416049513819 0.31090442355430115 0.0056152686074650215 0.005776020746413161
3 0.5237045931008129 0.3332865039466531 0.021269956846459163 0.014440051866033381
4 0.5251084102526816 0.35314157526244844 0.00553018878007948 0.009626701244022168
11 0.5145585116568349 0.42018698202562954 0.013017213590033659 0.00942503241627159
26 0.4736180987187729 0.46282580256152933 0.03381072340313469 0.011191040196175905
35 0.5639473514543185 0.4780480239036403 0.007657184464724129 0.01107070643062647
31 0.5296601810178233 0.5099364717744588 0.010549898595840934 0.009626701244022352
3 0.6977401689068577 0.33553915500313297 0.0222953559833895 0.0145603856315838
4 0.6982185869217951 0.35325955360122463 0.00548702480995405 0.0096877025406732
11 0.6877231295342492 0.4200541259505286 0.0132829320365063 0.0099503726650753
26 0.7552509261247519 0.4628336140175338 0.03450171617524163 0.010953710320578194
35 0.7403024628586992 0.48129468014672155 0.007637823083812449 0.011172375258377101
24 0.760556701258687 0.5015412534074938 0.011761974107876001 0.010911373961726301
34 0.10842918308845474 0.6586430168992773 0.010291399105274488 0.009221670988826322
34 0.18067235542759166 0.6586561358631134 0.010259959968367215 0.009200787054719812
19 0.1830081335480501 0.6476954667207457 0.006286954193382464 0.004816519397772936
16 0.4701253553626721 0.5769139271729196 0.00652519502669624 0.0359624223930731
23 0.5308509425372345 0.58183392783303 0.0106383547107029 0.0104955934357541
14 0.4986002377529561 0.5423596445788398 0.0168561960673622 0.00563268312849157
34 0.2186604029530228 0.6586240611366719 0.010259959968367215 0.009200787054719812
19 0.22133235848521074 0.6476954667207457 0.006286954193382464 0.004816519397772936
31 0.2529430266433548 0.725184884128513 0.009941246318286044 0.008966136109700713
34 0.34041227301396604 0.6616367615162351 0.010259959968367215 0.009200787054719812
34 0.3760317377346336 0.6615351096952848 0.010259959968367215 0.009200787054719812
34 0.4386226477569931 0.6585847151138431 0.010259959968367215 0.009200787054719812
32 0.471434275073801 0.6607962136530332 0.00422430426164798 0.0051543994667344
23 0.38334133901891293 0.6225948644245086 0.0106391006508498 0.010507670137125301
16 0.5932302904926231 0.5768321136028606 0.00652519502669624 0.0359624223930731
34 0.5977997968430803 0.6586098663672648 0.0102472787766087 0.00938003979030353
34 0.6358583219772811 0.6586369420015035 0.0103190173249542 0.009144543271955
23 0.6471176816753591 0.62031292343403 0.010789905276138202 0.010507670137125398
31 0.7735378913651525 0.7250996030589907 0.0098283416672889 0.0088438380877093
34 0.7050962615188258 0.6587306715393778 0.0103190173249542 0.009144543271955
19 0.7077006302315576 0.647737547945499 0.006107898886359977 0.005029460673102825
34 0.7396264842378966 0.6585948209922612 0.0103190173249542 0.009144543271955
34 0.8612559644322245 0.6585381644197489 0.0103190173249542 0.009144543271955
34 0.8958342124958282 0.6586098655139826 0.0103190173249542 0.009144543271955
34 0.939181382657693 0.6586482313575576 0.0103190173249542 0.009144543271955
27 0.9722976648834125 0.7287055123373847 0.0095580938127072 0.008449024692737301
19 0.441499024868683 0.6476489757364987 0.006310981812285919 0.0047332145910515796
19 0.3786438148365921 0.6507597562309129 0.006310981812285919 0.0047332145910515796
19 0.343143055009463 0.650759756230913 0.006310981812285919 0.0047332145910515796
27 0.14125379070287022 0.7286931847987614 0.0089980476038334 0.007996391165132417
