15 0.9197381281192227 0.6837303956977432 0.08973113207721874 0.0744093079848243
15 0.06247557937204128 0.6682479742083949 0.0585405959706587 0.06076165688626199
17 0.12428461981947671 0.6565436883838882 0.0121068633276874 0.0291875025603805
17 0.29895573621754096 0.6566418299373038 0.0120905612076239 0.0290099656686378
14 0.3002722346929785 0.5080876389006395 0.005178722782968969 0.0313542674306248
2 0.464275492424981 0.27019450701866754 0.014396610404678297 0.01090574186538926
14 0.06275608032644694 0.5080468505650653 0.0051384174532163 0.0312966254185665
2 0.25845046787634784 0.11634230518009542 0.0133384523599637 0.0173478045850848
2 0.2579230645346188 0.27030580293215034 0.014368302868497202 0.010974229276826666
2 0.25788339284456524 0.2129728171123552 0.014583608192814299 0.010677702620716401
2 0.15366320635987557 0.11619816168858205 0.014636360827939253 0.01935665014293602
14 0.12552139583897431 0.5080749960759384 0.00518594173052463 0.0311002477446388
32 0.12635943489495052 0.6358343469286076 0.004193448236620864 0.005038640010680346
2 0.4648293557875155 0.11637043363104285 0.013281062912427 0.0171477343416037
2 0.08431439935124319 0.21612903579993323 0.01320464420037135 0.017219395104057216
14 0.2083525469324331 0.5041090862398432 0.004749602391525647 0.023276025088419437
2 0.08303098259458781 0.26466316390941863 0.015910155351061363 0.022172054265753173
2 0.4641902215695904 0.21293412466176798 0.014439136799818699 0.0106633649911389
32 0.3010866501171167 0.635933898379613 0.00432503463127141 0.00516487080097606
6 0.33581131663371155 0.13194698731782625 0.026522874741839363 0.038872217013423686
18 0.29382310732230965 0.5913496833477312 0.006630787593819259 0.012874380053968399
23 0.22992357558773133 0.5938929184674382 0.010708457503899916 0.010543238232118108
18 0.11905895309863351 0.5913562484415078 0.006785437097805011 0.0128772718367056
18 0.05624979274629662 0.5913934477585012 0.00649601701384519 0.012828562925808466
4 0.46881316876114376 0.24088606726635015 0.005280971968404697 0.009241561723627062
23 0.6123466661829287 0.5663914637992775 0.0101706129262795 0.010160495667391
18 0.20258200309241484 0.6490349550931529 0.00608394903536168 0.011453924506625801
19 0.1320122493438356 0.5832568286480609 0.0062919119084770625 0.004664340165483004
24 0.3989553134995847 0.38873212776521066 0.0146381682261233 0.011577421785943301
19 0.21406235565056395 0.6417297503963026 0.005573248051203909 0.0043084358969792
32 0.5508404603834001 0.6724955798371157 0.00421548372015414 0.005239545966621541
20 0.503984413568747 0.5363401136390668 0.025103365477712195 0.02808345912748782
23 0.5045549527834098 0.17696165528317823 0.0099643578890036 0.0094899539855105
19 0.06911172117086797 0.5832236791055333 0.00621827137024922 0.00471551740836064
24 0.281888698537144 0.41104187741566345 0.011724424924126 0.0111022204064548
23 0.467777542270544 0.5745730151040229 0.010317180319534 0.010184540641163675
32 0.06346961982752158 0.6344570382805267 0.004171322623311889 0.005221266262757481
22 0.9550851102848584 0.5390451586267014 0.0107221476425549 0.010434141727076802
24 0.3941724547786428 0.20721918530642164 0.0121683382420537 0.0115117051410213
1 0.2259722832359174 0.35393799376739854 0.035401937658734235 0.049471966846921206
19 0.3067057396504969 0.5832111236688592 0.006349180772912303 0.004419703763540005
4 0.08820697949329619 0.24091354937280038 0.005164428823412506 0.009242537827430751
2 0.1525371007658954 0.21292927128483982 0.014435045589227929 0.01059527751737644
2 0.15268253723500672 0.26797524380157367 0.014282850288380378 0.01554793667907363
4 0.15712426233713975 0.2410258436510473 0.005164428823412506 0.009242537827430751
22 0.2025996873549674 0.17529825183453032 0.0115599610841148 0.010755195459520599
9 0.27082985170902324 0.2032859641446404 0.009237030954464666 0.008165322140746924
4 0.262288119071655 0.25743800384089327 0.005234762554074412 0.009237837203933848
22 0.3290576620062452 0.20062796506927746 0.0115599610841148 0.0107551954595206
22 0.5223718107578699 0.1769880162065663 0.0112643578890036 0.010689953985510502
26 0.1684153488489182 0.36683316979888936 0.040804079433568265 0.010881868407821238
31 0.22176901026689255 0.42145099723206914 0.0096607278019291 0.00561572549852142
11 0.2280077296917294 0.3180347108838844 0.0106410267080868 0.00809367590147285
7 0.38014552516954664 0.3367836996225362 0.028699440281963938 0.04651499407666546
24 0.4720367983141216 0.4111828698908774 0.011724424924126 0.0111022204064548
1 0.5376872394274962 0.35391744486950794 0.03530680517985811 0.04953117730958977
26 0.480084508461472 0.3667830156696633 0.040800540112752005 0.010881868407821283
31 0.5338430360435941 0.4179849153580066 0.010671156214469986 0.005476299876282904
11 0.521489786705649 0.31078249476847414 0.010451263323292664 0.00789367590147285
35 0.492573560061195 0.4318329879300171 0.007752500089378194 0.010883454533244236
34 0.06606532431713245 0.5937197034729876 0.00949937132854305 0.010868861006281968
27 0.09410068067961376 0.6254275440695151 0.00914238734965351 0.00868706492936204
23 0.08766552557735835 0.5560081478050176 0.010714851030177901 0.010415044764091299
22 0.0912971941928539 0.5151749153751578 0.0107133028670902 0.0104589081743737
34 0.12898905103919542 0.5935969489204442 0.009387350440234745 0.010551984592102886
23 0.14188918113461094 0.5657104869773236 0.010714851030177901 0.010415044764091299
22 0.1534159767580941 0.5568264404407658 0.0107133028670902 0.0104589081743737
17 0.17778821077703047 0.6565552524962618 0.0121068633276874 0.029187502560380496
14 0.1790249867965281 0.5080865601883123 0.00518594173052463 0.0311002477446388
32 0.17986302585250427 0.6358459110409813 0.004193448236620864 0.005038640010680346
18 0.17256254405618723 0.5913678125538816 0.006785437097805011 0.012877271836705602
19 0.18551584030138937 0.5832683927604347 0.0062919119084770625 0.004664340165483004
34 0.1824926419967491 0.593608513032818 0.009387350440234745 0.010551984592102888
22 0.25866497730409493 0.5699192034775711 0.010708457503899916 0.010543238232118108
31 0.2117703185124432 0.6620703924673415 0.00929840585491814 0.009777221759442544
34 0.30364624934457796 0.5935904231113495 0.009545369345700223 0.010624197558130351
17 0.33628255663316464 0.6566341205290546 0.0120905612076239 0.0290099656686378
14 0.3375990551086022 0.5080799294923903 0.005178722782968969 0.0313542674306248
32 0.3384134705327405 0.6359261889713637 0.00432503463127141 0.00516487080097606
18 0.33114992773793356 0.5913419739394818 0.006630787593819259 0.012874380053968399
19 0.3440325600661207 0.5832034142606098 0.006349180772912303 0.004419703763540005
34 0.3409730697602015 0.5935827137031005 0.009545369345700223 0.010624197558130351
17 0.3730818202358335 0.6566926207094517 0.0120905612076239 0.0290099656686378
14 0.374398318711271 0.5081384296727874 0.005178722782968969 0.0313542674306248
32 0.3752127341354092 0.6359846891517607 0.00432503463127141 0.00516487080097606
18 0.3679491913406024 0.5914004741198787 0.006630787593819259 0.012874380053968399
19 0.3808318236687894 0.5832619144410066 0.006349180772912303 0.004419703763540005
34 0.37777233336287025 0.5936412138834976 0.009545369345700223 0.010624197558130351
24 0.41126933931927423 0.5726117191278058 0.011670158721466269 0.011683147052033788
20 0.4001764523354231 0.5361528828218016 0.026657211155249813 0.02802681031757439
32 0.4327548450555945 0.6722894652294924 0.00432503463127141 0.00516487080097606
18 0.4256105542410187 0.5854165518669537 0.006630787593819259 0.012874380053968399
19 0.43849318656920583 0.5772779921880815 0.006349180772912303 0.004419703763540005
34 0.43543369626328654 0.5876572916305723 0.009545369345700223 0.010624197558130351
24 0.4757764165025351 0.5568261439603492 0.011670158721466269 0.011683147052033788
22 0.48301812833237895 0.5740626824702261 0.010217180319534001 0.010184540641163675
16 0.4312422038707022 0.5105166272255177 0.00647374709808053 0.036677092494413505
18 0.5437229022977184 0.591401634302629 0.006630787593819259 0.012874380053968399
19 0.5566055346259056 0.5832630746237569 0.006349180772912303 0.004419703763540005
34 0.5535460443199866 0.5936423740662478 0.009545369345700223 0.010624197558130351
16 0.549354551927402 0.5107017096611937 0.00647374709808053 0.036677092494413505
17 0.5886190764801307 0.6566377690340421 0.0120905612076239 0.0290099656686378
14 0.589935574955568 0.5080835779973779 0.005178722782968969 0.0313542674306248
32 0.5907499903797063 0.6359298374763511 0.00432503463127141 0.00516487080097606
18 0.5834864475848994 0.5913456224444692 0.006630787593819259 0.012874380053968399
19 0.5963690799130867 0.583207062765597 0.006349180772912303 0.004419703763540005
34 0.5933095896071676 0.593586362208088 0.009545369345700223 0.010624197558130351
22 0.6276323779186547 0.5657883434138814 0.0101706129262795 0.010160495667391
17 0.6615104301449298 0.6566821330204304 0.0120905612076239 0.0290099656686378
14 0.6628269286203667 0.5081279419837662 0.005178722782968969 0.0313542674306248
32 0.6636413440445049 0.6359742014627393 0.00432503463127141 0.00516487080097606
18 0.6563778012496981 0.5913899864308574 0.006630787593819259 0.012874380053968399
19 0.6692604335778851 0.5832514267519852 0.006349180772912303 0.004419703763540005
34 0.6662009432719662 0.5936307261944763 0.009545369345700223 0.010624197558130351
17 0.6994334783513826 0.6566895075042133 0.0120905612076239 0.0290099656686378
14 0.7007499768268194 0.5081353164675491 0.005178722782968969 0.0313542674306248
32 0.7015643922509578 0.6359815759465224 0.00432503463127141 0.00516487080097606
18 0.6943008494561507 0.5913973609146402 0.006630787593819259 0.012874380053968399
19 0.7071834817843379 0.5832588012357681 0.006349180772912303 0.004419703763540005
34 0.7041239914784191 0.5936381006782594 0.009545369345700223 0.010624197558130351
14 0.7323270177007798 0.4991941323345207 0.004749602391525647 0.028076025088419398
23 0.753977082491533 0.5708102472158469 0.010708457503899916 0.010543238232118108
18 0.7265149574977201 0.6490159346819903 0.00608394903536168 0.011453924506625801
19 0.7379953100558688 0.6417107299851397 0.005573248051203909 0.0043084358969792
22 0.7733369388364421 0.5708039588870831 0.010708457503899916 0.010543238232118108
31 0.7357032729177538 0.6616864842230159 0.00929840585491818 0.010506997425774262
17 0.8264264156822472 0.6567982218969709 0.0120905612076239 0.0290099656686378
14 0.827742914157684 0.5082440308603067 0.005178722782968969 0.0313542674306248
32 0.8285573295818227 0.63609029033928 0.00432503463127141 0.00516487080097606
18 0.8212937867870148 0.5915060753073977 0.006630787593819259 0.012874380053968399
19 0.8341764191152027 0.5833675156285258 0.006349180772912303 0.004419703763540005
34 0.8311169288092836 0.5937468150710168 0.009545369345700223 0.010624197558130351
17 0.8622790142864476 0.656750433406456 0.0120905612076239 0.0290099656686378
14 0.8635955127618845 0.5081962423697916 0.005178722782968969 0.0313542674306248
32 0.8644099281860229 0.6360425018487645 0.00432503463127141 0.00516487080097606
18 0.8571463853912153 0.5914582868168826 0.006630787593819259 0.012874380053968399
19 0.8700290177194033 0.5833197271380108 0.006349180772912303 0.004419703763540005
34 0.8669695274134841 0.5936990265805016 0.009545369345700223 0.010624197558130351
14 0.9020516026546365 0.5081561774756388 0.005178722782968969 0.0313542674306248
32 0.9026913804622921 0.6329766747688312 0.00432503463127141 0.00516487080097606
18 0.8956024752839669 0.5914182219227299 0.006630787593819259 0.012874380053968399
19 0.9084851076121551 0.5832796622438581 0.006349180772912303 0.004419703763540005
34 0.9054256173062353 0.5936589616863488 0.009545369345700223 0.010624197558130351
27 0.9463025930653812 0.675366468072952 0.008757277499524605 0.008407994136872788
14 0.45194991261114337 0.4737287534208827 0.021961467502164784 0.007071347114408
