12 0.09964276178533764 0.22040556343294132 0.027760290261933485 0.03134782999305357
12 0.13371845006407138 0.22041564036158204 0.027760290261933454 0.03134782999305382
11 0.3091496742549556 0.05829038755762639 0.006960567736287437 0.01936007661025255
11 0.40522609578092555 0.4240777527687885 0.007042467807081962 0.0054343999324081346
0 0.3992825972339319 0.4479225589122716 0.009872390540974683 0.024008892811163595
20 0.47924767408727786 0.5899957129090645 0.029324715488877686 0.06406676406819499
20 0.5412839778722627 0.5900226320170023 0.030305924191886918 0.06417198261943997
13 0.2767734526922857 0.36318389703511067 0.023957918764230958 0.037542738964857235
36 0.08693998455110943 0.3038306278624927 0.018859036280587348 0.00927242527831494
24 0.09109925658301514 0.32006495775604343 0.010543763758617652 0.00929627736937524
29 0.19371099912080517 0.27626231414913166 0.012928801410276526 0.016568346456577888
10 0.1589862648538225 0.11640849107158034 0.014849565329321 0.0109652818091747
4 0.16497326781947202 0.21453776046040265 0.00671202985967206 0.0121663598495853
10 0.1563455993464405 0.19559311747529778 0.015022568810230886 0.00991963433511541
2 0.16044802432750316 0.17042182112094878 0.015805809785673742 0.022496393378295967
10 0.22175659887792332 0.18072949668349358 0.011559732146915311 0.023065842084257934
2 0.22506676979623852 0.15645318569200925 0.013192718143421845 0.011010961624347039
2 0.25298159574542695 0.160879084928568 0.013208380891067607 0.019833980887467077
29 0.2672891491517615 0.20800604703670003 0.012842757947276904 0.016138035991584476
24 0.27897263266176403 0.19468902773697344 0.007984472985988575 0.007659453882969763
4 0.24332528232519032 0.22329531508014944 0.005583397498626221 0.011934529045779931
2 0.23922516218683829 0.35425064767054 0.014069266098126601 0.0110868481972159
2 0.256533488010799 0.35837153572534947 0.00788850911953601 0.0200018872252689
22 0.2927529847896907 0.2999381228859822 0.009863973655798965 0.00903955360035015
23 0.27542626670485737 0.2999409209515315 0.009832580690303287 0.009120180785074266
31 0.24703912198309858 0.3895934187561374 0.008471137389687118 0.008815780073519542
2 0.41148462834424676 0.17767727656887647 0.013921495775235028 0.011324748289423824
2 0.3844554452642436 0.18172991721248086 0.01724391937485444 0.019375159817689808
10 0.3807886860084341 0.19569325582378017 0.016324586058723122 0.010342318154911177
4 0.39723853350416755 0.22395152383244019 0.0068535260217318286 0.01215969967462448
10 0.38400379515072025 0.368916191277754 0.017065925384676398 0.010338039320436001
10 0.3840253036288302 0.335978363064868 0.017065925384676398 0.010138039320436
2 0.39358448534743123 0.35423248204537194 0.014069266098126601 0.011186848197215899
22 0.4170856413130274 0.2911457663699779 0.009807888091703023 0.009057718999243234
26 0.32672160417675544 0.4548178343357834 0.020543186133988284 0.009260812906187162
24 0.3519922357105811 0.48204961790308526 0.010234715853647334 0.009593905723864036
35 0.3689655280250966 0.4641629589125786 0.006880713467414865 0.009876433048812222
14 0.06372531773827617 0.5753427888750179 0.00555295395478794 0.0347221459229039
14 0.13205752209524188 0.5753959355656008 0.00555295395478794 0.0346221459229039
14 0.23001542088482516 0.5670456334183069 0.00495295395478794 0.0336221459229039
14 0.7390353848790707 0.5656632935720491 0.00504913337418841 0.03087412818625684
22 0.09086302409787635 0.627687962163913 0.011878775495905904 0.011296953928208436
22 0.2910921477458265 0.6351010223696897 0.011693636253301823 0.011446584846423828
22 0.5291186974326526 0.6433861706338484 0.011905141307688214 0.01147008625251681
22 0.8111813148916701 0.637662869732736 0.01185673731392048 0.01140162543146618
27 0.09831625934380632 0.6979559809388484 0.009811906695796733 0.009380609879017128
34 0.0678139907808852 0.6718024307767824 0.010820838196695238 0.0077974276481664676
19 0.0708178402653832 0.6583198704667181 0.00677143052246438 0.00490802329771845
18 0.05658535370490062 0.6673645957692885 0.007189353366776142 0.013539232452373645
32 0.06456767984052664 0.7148646496699749 0.004445756964256916 0.0056694377055956395
15 0.0690381518540237 0.7545428607566336 0.0726168739751079 0.0689948694587363
23 0.25923011726920775 0.6351248224050814 0.011741356071302169 0.011476130964434457
23 0.5078726261079265 0.6434019528794431 0.011734406737589203 0.011494717930057775
23 0.7748402919522477 0.6350924946324014 0.011719205483345967 0.011395704345894275
32 0.13290462678491277 0.7162319430658103 0.004467615198330408 0.005623064487137828
32 0.45371268631595285 0.7568186390703816 0.004470099088567027 0.005946271767279677
24 0.4693401922473457 0.6503536682028951 0.0100866812177112 0.009412019819747
24 0.5180375013710566 0.6632108824794882 0.009776581373538429 0.009316646682942962
14 0.4997968523028509 0.5374557742673055 0.02204513309777695 0.007813427982676407
32 0.3992535421574794 0.39138017713383455 0.003923643236727705 0.005103122340817327
32 0.3992531554787845 0.41249141989802346 0.003994930886492613 0.005116823518997814
31 0.23402721942068877 0.7272089872603071 0.01055590664654618 0.007659042455333987
31 0.7431419222696575 0.7288522148723651 0.010658063835764979 0.0074649898582789444
18 0.7326177441465078 0.6877460869463805 0.006468031642349084 0.012306477728429138
19 0.7453956086784272 0.6797163293211582 0.0059970798462264 0.0043926895215164775
16 0.4521947051813844 0.5782909544889456 0.00729960545407675 0.0406862314572552
16 0.5662021284223133 0.5783591582284696 0.00727064748845265 0.040586231457255206
31 0.3217608828764471 0.04981753865379166 0.010736975450496867 0.006515260275586334
31 0.3967221995858447 0.4900275645016739 0.00931398166877205 0.00620017527690824
36 0.12102763072999131 0.3038306278624927 0.018859036280587348 0.00927242527831494
24 0.12795561120536617 0.32006495775604343 0.010543763758617652 0.00929627736937524
10 0.19366112584323325 0.11640849107158037 0.014849565329321 0.0109652818091747
10 0.19341841011423827 0.1956059528468692 0.015022568810230888 0.00991963433511541
2 0.197520835095301 0.1704346564925202 0.015805809785673742 0.022496393378295967
10 0.22956960715265734 0.34486351611786764 0.01692204709513698 0.010003052728533848
10 0.22956960715265734 0.36892480348545686 0.01692204709513698 0.010003052728533848
11 0.6277941832440224 0.05829038755762646 0.006960567736287437 0.01936007661025255
13 0.595405076538212 0.36328413052321035 0.023957918764230958 0.037542738964857235
10 0.5403542528010239 0.1808123342769644 0.011559732146915311 0.023065842084257934
2 0.5436644237193391 0.1565360232854802 0.013192718143421845 0.011010961624347039
2 0.5715792496685278 0.16096192252203884 0.013208380891067607 0.019833980887467077
29 0.5858868030748617 0.20808888463017086 0.012842757947276904 0.016138035991584476
24 0.5977459930822385 0.19468902773697344 0.007984472985988575 0.007659453882969763
4 0.5619229362482911 0.22337815267362024 0.005583397498626221 0.011934529045779931
2 0.5578567860327646 0.3543508811586396 0.014069266098126601 0.0110868481972159
2 0.5751651118567251 0.35847176921344925 0.00788850911953601 0.0200018872252689
22 0.6115263452101651 0.29993812288598226 0.009863973655798965 0.00903955360035015
23 0.5941996271253317 0.29994092095153163 0.009832580690303287 0.009120180785074266
31 0.5656707458290248 0.3896936522442372 0.008471137389687118 0.008815780073519542
31 0.6404053918655137 0.04981753865379167 0.010736975450496867 0.006515260275586334
10 0.5482012309985834 0.3449637496059674 0.01692204709513698 0.010003052728533848
10 0.5482012309985835 0.36902503697355676 0.01692204709513698 0.010003052728533848
11 0.7398389536800677 0.05835209007378465 0.006960567736287437 0.01936007661025255
13 0.7074498469742572 0.3633458330393684 0.023957918764230958 0.037542738964857235
10 0.6523990232370693 0.18087403679312253 0.011559732146915311 0.023065842084257934
2 0.6557091941553845 0.15659772580163833 0.013192718143421845 0.011010961624347039
2 0.683624020104573 0.161023625038197 0.013208380891067607 0.019833980887467077
29 0.6979315735109072 0.20815058714632897 0.012842757947276904 0.016138035991584476
24 0.7097907635182835 0.19475073025313158 0.007984472985988575 0.007659453882969763
4 0.6739677066843361 0.2234398551897784 0.005583397498626221 0.011934529045779931
2 0.6699015564688102 0.3544125836747978 0.014069266098126601 0.0110868481972159
2 0.6872098822927706 0.35853347172960726 0.00788850911953601 0.0200018872252689
22 0.7235711156462105 0.2999998254021404 0.009863973655798965 0.00903955360035015
23 0.706244397561377 0.3000026234676897 0.009832580690303287 0.009120180785074266
31 0.6777155162650702 0.3897553547603953 0.008471137389687118 0.008815780073519542
31 0.7524501623015591 0.049879241169949934 0.010736975450496867 0.006515260275586334
10 0.6602460014346287 0.3450254521221254 0.01692204709513698 0.010003052728533848
10 0.6602460014346287 0.3690867394897148 0.01692204709513698 0.010003052728533848
11 0.4784575596339512 0.4240777527687883 0.007042467807081962 0.0054343999324081346
0 0.47251406108695776 0.4479225589122716 0.009872390540974683 0.024008892811163595
2 0.45923865007804165 0.17776011416234727 0.013921495775235028 0.011324748289423824
2 0.4830472135715844 0.1817299172124809 0.01724391937485444 0.019375159817689808
10 0.4540201498614598 0.19569325582378017 0.016324586058723122 0.010342318154911177
4 0.47046999735719325 0.22395152383244013 0.0068535260217318286 0.012159699674624483
10 0.4572352590037461 0.3689161912777539 0.017065925384676398 0.010338039320436001
10 0.4572567674818559 0.335978363064868 0.017065925384676398 0.010138039320436
2 0.46681594920045705 0.35423248204537194 0.014069266098126601 0.011186848197215899
22 0.4903171051660531 0.2911457663699779 0.009807888091703023 0.009057718999243234
26 0.5113388194130029 0.4547873236776915 0.020543186133988284 0.009260812906187162
24 0.4252236995636069 0.48204961790308515 0.010234715853647334 0.009593905723864036
35 0.4421969918781222 0.4641629589125786 0.006880713467414865 0.009876433048812222
32 0.4724850060105051 0.39138017713383455 0.003923643236727705 0.005103122340817327
32 0.4724846193318104 0.41249141989802346 0.003994930886492613 0.005116823518997814
31 0.46995366343887035 0.4900275645016739 0.00931398166877205 0.00620017527690824
34 0.1361450529989322 0.6717771802480699 0.010820838196695238 0.0077974276481664676
19 0.13914890248343018 0.6582946199380058 0.00677143052246438 0.00490802329771845
18 0.12491641592294762 0.6673393452405763 0.007189353366776142 0.013539232452373645
22 0.17952539880885354 0.6414870602737129 0.011878775495905904 0.011296953928208436
23 0.15827285353269904 0.6414870602737129 0.0116787754959059 0.011296953928208436
14 0.19765423392425258 0.5753701920394524 0.00555295395478794 0.0346221459229039
32 0.19850133861392344 0.7162061995396616 0.004467615198330408 0.005623064487137828
34 0.20174176482794287 0.6717514367219215 0.010820838196695238 0.0077974276481664676
19 0.20474561431244087 0.6582688764118574 0.00677143052246438 0.00490802329771845
18 0.19051312775195828 0.6673136017144279 0.007189353366776142 0.013539232452373645
19 0.2362782664421522 0.6781153401910014 0.005971430522464381 0.00460802329771845
18 0.22353104131281373 0.6861111010017003 0.0064620206279789585 0.012510519889635039
14 0.3300455645683911 0.5754756028813416 0.00555295395478794 0.0346221459229039
32 0.330892669258062 0.7163116103815507 0.004467615198330408 0.005623064487137828
34 0.33413309547208137 0.6718568475638107 0.010820838196695238 0.0077974276481664676
19 0.33713694495657953 0.6583742872537465 0.00677143052246438 0.00490802329771845
18 0.3229044583960967 0.6674190125563169 0.007189353366776142 0.013539232452373645
14 0.3702823524670385 0.5753927652878708 0.00555295395478794 0.0346221459229039
32 0.3711294571567095 0.71622877278808 0.004467615198330408 0.005623064487137828
34 0.37436988337072885 0.67177400997034 0.010820838196695238 0.0077974276481664676
19 0.377373732855227 0.6582914496602759 0.00677143052246438 0.00490802329771845
18 0.3631412462947442 0.6673361749628461 0.007189353366776142 0.013539232452373645
14 0.4105191403656861 0.5754756028813416 0.00555295395478794 0.0346221459229039
32 0.411366245055357 0.7163116103815509 0.004467615198330408 0.005623064487137828
34 0.41460667126937645 0.6718568475638109 0.010820838196695238 0.0077974276481664676
19 0.4176105207538746 0.6583742872537468 0.00677143052246438 0.00490802329771845
18 0.40337803419339174 0.6674190125563171 0.007189353366776142 0.013539232452373645
34 0.4570058027312696 0.6652897467224739 0.010820838196695238 0.0077974276481664676
19 0.4599096522157678 0.6518071864124094 0.00677143052246438 0.00490802329771845
18 0.44577716565528513 0.6608519117149797 0.007189353366776142 0.013539232452373645
32 0.5677035617916463 0.7567949085585323 0.004470099088567027 0.005946271767279677
34 0.5709966782069629 0.6652660162106245 0.010820838196695238 0.0077974276481664676
19 0.5740459942392206 0.6517320202724234 0.00677143052246438 0.00490802329771845
18 0.5597680411309787 0.6608281812031307 0.007189353366776142 0.013539232452373645
14 0.6028811801110158 0.575432934807469 0.00555295395478794 0.0346221459229039
32 0.6037282848006865 0.7162689423076783 0.004467615198330408 0.005623064487137828
34 0.6069687110147058 0.6718141794899379 0.010820838196695238 0.0077974276481664676
19 0.6099725604992043 0.6583316191798742 0.00677143052246438 0.00490802329771845
18 0.5957400739387211 0.6673763444824447 0.007189353366776142 0.013539232452373645
22 0.650403873163322 0.6447291165671877 0.011878775495905904 0.011296953928208436
23 0.6291513278871673 0.6447291165671878 0.0116787754959059 0.011296953928208436
14 0.6691674888116503 0.5754288328189925 0.00555295395478794 0.0346221459229039
32 0.6700145935013208 0.7162648403192017 0.004467615198330408 0.005623064487137828
34 0.6732550197153402 0.6718100775014614 0.010820838196695238 0.0077974276481664676
19 0.6762588691998387 0.6583275171913975 0.00677143052246438 0.00490802329771845
18 0.6620263826393553 0.6673722424939678 0.007189353366776142 0.013539232452373645
14 0.7034219925253867 0.575374719847646 0.00555295395478794 0.0346221459229039
32 0.7042690972150574 0.7162107273478555 0.004467615198330408 0.005623064487137828
34 0.7075095234290768 0.6717559645301148 0.010820838196695238 0.0077974276481664676
19 0.710513372913575 0.6582734042200512 0.00677143052246438 0.00490802329771845
18 0.6962808863530917 0.6673181295226215 0.007189353366776142 0.013539232452373645
14 0.830472212534856 0.5754662238379209 0.00555295395478794 0.0346221459229039
32 0.8313193172245268 0.7163022313381309 0.004467615198330408 0.005623064487137828
34 0.8345597434385461 0.6718474685203898 0.010820838196695238 0.0077974276481664676
19 0.8375635929230443 0.658364908210326 0.00677143052246438 0.00490802329771845
18 0.8233311063625611 0.6674096335128965 0.007189353366776142 0.013539232452373645
14 0.8662464391044296 0.5754762795888193 0.00555295395478794 0.0346221459229039
32 0.8670935437941004 0.7163122870890294 0.004467615198330408 0.005623064487137828
34 0.8703339700081201 0.6718575242712882 0.010820838196695238 0.0077974276481664676
19 0.8733378194926175 0.6583749639612243 0.00677143052246438 0.00490802329771845
18 0.8591053329321348 0.6674196892637948 0.007189353366776142 0.013539232452373645
14 0.906699028500551 0.5753955241239109 0.00555295395478794 0.0346221459229039
32 0.9075945371839887 0.7080162330980906 0.004467615198330408 0.005623064487137828
34 0.910786559404241 0.67177676880638 0.010820838196695238 0.0077974276481664676
19 0.913790408888739 0.658294208496316 0.00677143052246438 0.00490802329771845
18 0.8995579223282558 0.6673389337988864 0.007189353366776142 0.013539232452373645
27 0.9413475649223946 0.6980171704255328 0.009811906695796733 0.009380609879017128
15 0.9119552384075401 0.7456415902094621 0.0729168739751079 0.0669611350074367
22 0.9292907446467153 0.6277363662160644 0.01185673731392048 0.01140162543146618
