15 0.8903009993483022 0.7158441775835358 0.057944235624874094 0.0592143221003135
15 0.05851161366081655 0.7158613429863387 0.058297804387231096 0.059293221114455695
17 0.5780366076544553 0.7028469662831288 0.0120476453096665 0.0293173687304075
14 0.33436907413689404 0.5544207368552292 0.00511180788617016 0.031176041184276203
17 0.1209148419790823 0.702867168018844 0.0119627693368426 0.029346184142562
20 0.44078746410940944 0.5675869313172378 0.0266138191366109 0.0578361796229339
17 0.6443938108567822 0.7028672464331421 0.012012068368426401 0.029297321508086397
14 0.20991602168547252 0.5544301548807533 0.00506854339298308 0.0312741136630807
17 0.8431561184798766 0.7028927865177045 0.0122150461855229 0.0292302608025791
20 0.5088907541195473 0.567190135661202 0.0270470696434868 0.056752841298714
17 0.3330151934471342 0.7029198762334354 0.0120958680170764 0.0292377057210031
17 0.8023974940339765 0.7030598522883118 0.0119928223541709 0.0289218323640995
17 0.3695182374965367 0.7028765357273266 0.012132455955319399 0.029443976983293
14 0.6456393620604974 0.5544351938764608 0.00504782248010276 0.031163000498717598
17 0.20860980457534162 0.7028411216024861 0.012130783835539201 0.0292497426261043
17 0.17447715685919574 0.7029912556884974 0.0120844842852735 0.0291848181684597
14 0.3707909621629749 0.554424745047334 0.00494267426613188 0.0311133390812019
17 0.7618016616713678 0.7028979695626422 0.012011095544529499 0.0294554775443502
14 0.17580342676430616 0.5543905744881463 0.00497974987564225 0.0314197299021267
14 0.12224330708374756 0.5544392816073406 0.00493629327728315 0.031333844277661
0 0.5937154704973054 0.4146154991795653 0.020911824217962904 0.0491677898016707
14 0.8037564292168294 0.5544727329222621 0.00520630005792867 0.031242442925780097
32 0.7639793314275645 0.6819807699286661 0.00417741663308483 0.00497954178095611
14 0.05949256187683393 0.5544709087625125 0.0051113759692820605 0.031224940276342997
32 0.1230692425904819 0.6820316742439089 0.0041141402629458 0.00504431662332573
0 0.2901626162115278 0.4145566901071352 0.021037135269746102 0.0493133671897264
32 0.21070123690701836 0.6819236283040044 0.0040290437912427 0.00477655982829866
14 0.7631527146587872 0.5544928009059293 0.00519475517265263 0.031151914663632797
32 0.33521329661762683 0.6819158410738458 0.0040845664558356795 0.0049745823240239405
32 0.17658255069983475 0.682014077853368 0.00407829148590192 0.00502304642971644
14 0.8910902877386406 0.5544344234802476 0.005009815604221241 0.0313617184160373
14 0.6787776424840695 0.550272424368588 0.00466937202485896 0.023532220050228002
32 0.5801703810541757 0.6819932040266992 0.00417612236802337 0.005088914554538329
14 0.8445686446894521 0.5544227104632731 0.00503210728138223 0.0313737164701482
14 0.24292925523876682 0.5503413590499426 0.00461162044441366 0.0237619885918353
14 0.5793389129165203 0.5543687416231033 0.00526604647831453 0.0312977544906847
32 0.8045035896493428 0.6819685393252173 0.00428549177979549 0.00517350863404816
32 0.6465374533264914 0.6819684256665894 0.004284303533649 0.0051404403186449095
32 0.8453556164051483 0.6819687933038255 0.00439221583467661 0.00533628571174124
32 0.37164121703732633 0.6819844280444037 0.00427441591212472 0.00526700838468937
18 0.36427102694706465 0.6376137059391924 0.006677987458757299 0.0127300702212169
6 0.6113198112334951 0.2012090796815792 0.0262400343007002 0.0388332797972624
18 0.4074632229474679 0.6318211722868873 0.00674234605612785 0.012919315398796
18 0.7973060975043447 0.6376918443533588 0.00672845690925348 0.012934294069713602
24 0.39973404680967284 0.4240723677897463 0.014597892569073645 0.01169137201882659
18 0.6393250517107848 0.637699024995992 0.00652785896886964 0.012765971541927901
19 0.5387564968658697 0.6295380657884186 0.00626782589600544 0.00458045639338131
18 0.5728817926877641 0.6376867602726921 0.0068212146446201905 0.0128884235180963
18 0.20346531275776727 0.6376746093749998 0.006656674961118531 0.0127170795187375
18 0.8380713756013245 0.6376564246624755 0.00657762615227685 0.012778873076375
16 0.41315635098163883 0.5571773191759136 0.00657623350292162 0.0367264855216052
18 0.7567436661765815 0.6376530402848031 0.0067401985631170705 0.012792558866486201
19 0.585701888702964 0.6296016877360004 0.0062385336647441106 0.004733542542391
19 0.7696455538957038 0.6295459279931965 0.0060732709550675 0.00458033716870903
8 0.4764224580253245 0.3168901853103182 0.005309969162426959 0.0084447050775684
18 0.8847538396635102 0.6376979967249395 0.00675811977382632 0.012941251625285
18 0.16926715529882114 0.6377040246397654 0.0066424584306682 0.012597399432708701
18 0.6730768565903307 0.6954913338357622 0.00607658209815132 0.0113788126291322
18 0.23723892946475755 0.6954159191654499 0.00605230152346111 0.0114731675468438
19 0.8509838943336939 0.6295516132623251 0.006266512977281889 0.00461959737460815
18 0.1157993306916495 0.6377293800317038 0.00659399950256901 0.0127814169813337
6 0.34924379004437706 0.20123993311096508 0.026522352281886 0.0388493144303042
32 0.8919821960633685 0.680685844380076 0.004300158674189 0.00541127803059989
19 0.18212417829437885 0.6295310536856115 0.0063132531514457 0.00448783140228698
8 0.47635790222647556 0.2570320512320994 0.00529751929906307 0.0085204738596288
19 0.42032656183098716 0.6237120036201556 0.00621873213341225 0.0045222615061271
16 0.5315790331263857 0.5570762801067347 0.006455686454765261 0.0367158009426653
19 0.6521589558829084 0.6295512851440047 0.0061981774506347 0.00465629374910943
19 0.12868820178500623 0.6295579647313156 0.00625632892388047 0.00459311914452123
19 0.8976592310441011 0.6295596394427718 0.0063751512756901095 0.00458283175851382
18 0.32781383635386235 0.6377959488102022 0.00661503339556468 0.0128869431729125
4 0.4764005429238868 0.2861617089815921 0.00520551896534354 0.009367079351756201
18 0.5259145930274659 0.6376832212146447 0.0065814860435976195 0.0127655743489954
4 0.7403841748469925 0.28612600945782274 0.005398404757707031 0.0096620043994015
19 0.06581958733198318 0.6295327317028039 0.006202063819311282 0.00461572333023652
31 0.5973265472701113 0.4786608187206111 0.0114155702983327 0.00543210138216016
19 0.8102595873526593 0.6295505544336883 0.00613958621927262 0.0047244679974707895
19 0.3773144421649899 0.6295172974850389 0.006292125124357751 0.0045714412938159
24 0.31009339678070896 0.19181631962843343 0.012101989920725899 0.011446572624634901
19 0.21635390565969423 0.6294919768808773 0.006235605039794479 0.00445046932886862
8 0.2275970198243752 0.16595185101950402 0.0069204521471740695 0.00896613610970044
8 0.22841036333375603 0.2571490588945982 0.00542045214717407 0.008466136109700439
4 0.22838534596756613 0.2861665263512091 0.00531376611096826 0.00950354028768218
8 0.22837274974555438 0.3168426139416342 0.00542045214717407 0.008466136109700439
22 0.2824083367303401 0.22775546772042157 0.0115701587214662 0.010868043769333724
23 0.3061548949463344 0.22768754244686323 0.011526082687867856 0.011003894316450413
8 0.3628896725710773 0.1659664604580463 0.0069204521471740695 0.00896613610970044
29 0.3368207543113961 0.2374682521174282 0.013397896051012098 0.0170132432681564
3 0.36764815051224153 0.2571661626286677 0.013354189465099 0.008507912579385461
4 0.36349405195106516 0.302616952612031 0.005113766110968259 0.00940354028768218
8 0.3635315878213619 0.3168581947413223 0.00542045214717407 0.008466136109700439
11 0.36500566009441804 0.34606349888327786 0.00533561577759215 0.0146688423819197
22 0.42906066588088393 0.21084921378357543 0.011245178570505124 0.010343450483927827
23 0.4496180396344386 0.21084433952699905 0.011482423283747139 0.010682793023265554
7 0.43943887993708136 0.38395775136550336 0.0296775651511848 0.050899514000016605
8 0.4756509658774283 0.16589733608963989 0.0069204521471740695 0.00896613610970044
22 0.5304167158963485 0.22758690813799917 0.011245178570505124 0.010343450483927827
23 0.554224745286943 0.22776086162465276 0.011482423283747139 0.010682793023265554
24 0.5724310022213289 0.19179138864400402 0.011937314345557799 0.0111385452614701
8 0.6248700366921305 0.16597645618897175 0.0069204521471740695 0.00896613610970044
29 0.5991044478871175 0.2372415658645592 0.013397896051012098 0.0170132432681564
22 0.6913740196428578 0.21094252242807296 0.011245178570505124 0.010343450483927827
23 0.7120531589169563 0.21080686013721817 0.011482423283747139 0.010682793023265554
8 0.7396642902909241 0.25715986135012187 0.006790004998488563 0.008722048650343173
8 0.7397727474095028 0.31647543030541786 0.006790004998488563 0.008722048650343173
3 0.6299549042166825 0.25702989519215774 0.013354189465099 0.008507912579385461
4 0.6258057034923481 0.30248273516037544 0.005113766110968259 0.00940354028768218
8 0.625905932092891 0.31689144359719223 0.00542045214717407 0.008466136109700439
11 0.2811519537936748 0.3658474814341703 0.010531436273301545 0.007848047855423701
26 0.23956356463027823 0.427489516145273 0.04084457727510423 0.010636129589944077
24 0.23166929544704368 0.4720462779708101 0.0114331313104393 0.0108742915398043
35 0.25226225660885815 0.4926466521204468 0.007502493869478713 0.010611250234888275
31 0.2937966814326731 0.47868948041752757 0.0112338305363942 0.005344871274469239
11 0.5847955695471407 0.36596141598301385 0.010531436273301545 0.007848047855423701
26 0.5432863986824275 0.427318614322008 0.04070176973012735 0.010636129589944079
24 0.5351741916452076 0.47204627797081 0.0114331313104393 0.010874291539804298
35 0.5557360152558826 0.4925761995937921 0.007502493869478713 0.010611250234888275
22 0.07860266193452282 0.5832227373096879 0.011041026708086755 0.010438076787709463
23 0.09461215066124862 0.5832227373096879 0.012610014713972752 0.010438076787709463
18 0.05299168915956483 0.6376191881554008 0.00654736245501906 0.012711415635055501
27 0.09290287116345088 0.7122964576183619 0.009327236334879299 0.008869581175386259
32 0.06022387681552292 0.6805830086598164 0.004234434386408753 0.0049767975857863385
23 0.1546321016170783 0.5749087680534869 0.012610014713972752 0.010438076787709463
22 0.1389319940808465 0.5747993737211684 0.011041026708086755 0.010438076787709463
19 0.24868502845894422 0.6880203309761599 0.00563560503979448 0.00415046932886862
31 0.24609243022833446 0.7107959038187438 0.008722641940183934 0.005016608460846399
20 0.2577154414530326 0.724592132618984 0.031507550070155196 0.057639619826914006
24 0.2810677384687179 0.6611795076673289 0.0108306164410059 0.010720250310055699
23 0.2870403031581661 0.6349562355960996 0.0126761119153461 0.0107490246927373
22 0.2540747277676425 0.6349110313265468 0.010794538174579 0.0106394332318436
19 0.3407047220276497 0.629517297485039 0.006292125124357751 0.0045714412938159
32 0.41463196473304925 0.7188474753160263 0.00427441591212472 0.00526700838468937
23 0.4469457388222338 0.5414544501781211 0.012423084990711644 0.010553678866914922
22 0.45938789491509224 0.5414263818832623 0.010914851030177815 0.010722088636067894
14 0.4703674092456191 0.5202044689343652 0.022231785207744 0.00706800427074189
32 0.5331081431569406 0.7187337016132064 0.00427441591212472 0.00526700838468937
22 0.5960561252947877 0.5751154103194476 0.010724805374317501 0.010731214273743
23 0.6118784480211868 0.5751386946909556 0.012668125380857376 0.010684645530726228
22 0.6899268944838607 0.6349390560487532 0.0106962556614037 0.0104740440861285
23 0.7228654872506461 0.6349178878693271 0.0125038899651364 0.0105537103205782
24 0.7169719534275402 0.6611411182697892 0.010890249562792036 0.0106169853097301
19 0.6844892623491284 0.6880724727840627 0.005598177450634701 0.00405629374910943
31 0.6818983456408183 0.7107553191450894 0.0085486579595255 0.00499800902589769
20 0.6935284231896627 0.724628944187931 0.0313075500701552 0.057639619826914006
27 0.9248177623257163 0.7123762853498432 0.00925015173707024 0.008861230277742039
23 0.9263920175577929 0.583230698226374 0.012900568048396224 0.01084902469273743
22 0.910556860831721 0.5832717930168768 0.011099137374971377 0.010931214273742995
34 0.0633610352631758 0.6427425438703724 0.010406858659892935 0.004929179115618325
34 0.12614151852296732 0.6427538268132003 0.010406858659892935 0.004929179115618325
34 0.17963524913166712 0.6427834014434037 0.010406858659892935 0.004929179115618325
34 0.2137649051367393 0.642758708346559 0.010406858659892935 0.004929179115618325
34 0.33833851829674644 0.6427901859358286 0.010406858659892935 0.004929179115618325
34 0.37473904766939475 0.6427813072886462 0.010406858659892935 0.004929179115618325
34 0.4178344793580404 0.636804625040245 0.010406858659892935 0.004929179115618325
34 0.536198356624489 0.6428050383944932 0.0103068586598929 0.004929179115618325
34 0.5832031001618975 0.64278478579214 0.0103068586598929 0.004929179115618325
34 0.6496015643928135 0.6427784044838333 0.0103068586598929 0.004929179115618325
34 0.7670191704583664 0.6427341612918641 0.0103068586598929 0.004929179115618325
34 0.8076063712910339 0.6427593679519339 0.0103068586598929 0.004929179115618325
34 0.8484230045799299 0.6427480574661609 0.0103068586598929 0.004929179115618325
34 0.895044340273299 0.6427753493964156 0.0103068586598929 0.004929179115618325
