13 0.6436505726866266 0.5687055826782464 0.029115709934181434 0.03722797677543918
13 0.44855735316933915 0.14667172450990582 0.029060730111898515 0.043936072955603415
29 0.472375221148197 0.28701049109230403 0.014372715516698548 0.018630094169110097
12 0.5468033344938559 0.3712401093226727 0.033932944659128515 0.04046553415793909
29 0.6672269566859333 0.43954256125052216 0.014463895641663747 0.018710912492594305
23 0.5417926845798339 0.2127141673391785 0.012229149056448858 0.011146797459538553
3 0.6197733745944867 0.6092999746661101 0.02243893350426638 0.016259900751781256
3 0.42466508884039966 0.11173981989100625 0.022606990243845927 0.01602898280524728
3 0.43013124627316546 0.29771614207008545 0.018059846670118777 0.01230836709904383
4 0.6219566293039991 0.435600824537968 0.005879936450116721 0.010295984805810626
4 0.42683082570890035 0.2845137619970628 0.005717577225933332 0.010319570641989234
30 0.7939712448304534 0.5646899638770637 0.04791759267983486 0.011655556267647128
23 0.7368295404467541 0.5085786329860492 0.012335270002613773 0.011391150689019967
11 0.414805466854413 0.1500942122324096 0.014451262763955692 0.010312291531129083
24 0.5063354387583058 0.13474300384847226 0.01032419543728117 0.009851380383234814
8 0.529966213933655 0.340428061052034 0.0061429118563394525 0.0064529663612305655
13 0.6436104447496352 0.14852391776319968 0.029060730111898424 0.04746200598074334
29 0.667247901967666 0.28163915865140376 0.014372715516698548 0.01842596111559171
23 0.7368457761601319 0.21280339407990262 0.012229149056448858 0.011146797459538553
3 0.6197181804206982 0.11182904663173049 0.022606990243845927 0.01602898280524728
3 0.6251843378534638 0.29919718508480125 0.018059846670118777 0.012308367099043793
4 0.6219673846790127 0.28564579194617395 0.005717577225933332 0.010319570641989234
11 0.6098585584347115 0.15018343897313374 0.014451262763955692 0.010312291531129083
24 0.7013885303386047 0.13470873009181775 0.010324195437281162 0.009604379388477175
36 0.5781395635006238 0.43617586756323495 0.025462482006138158 0.011599447396764669
24 0.5716171355421068 0.42171224091210713 0.012174446160330976 0.01128256883197911
3 0.6251757754392553 0.42202220313649413 0.018037939763174426 0.012183916642740704
11 0.610078083646926 0.5712492542813474 0.014436538383153149 0.01032324651702295
24 0.7012988727224768 0.5866598835517886 0.010608152736767905 0.009849419832275637
28 0.7597048759746243 0.5623996930080224 0.02052606357619831 0.01586799573718225
