15 0.09448918869210565 0.7337038903457709 0.06808974434250953 0.06306209936285401
20 0.5187143287757396 0.5845764518596562 0.0276331473044532 0.0579592796840825
20 0.4596430677826459 0.5846517925136552 0.026527278617623228 0.058036729363713215
15 0.8745320227131479 0.7323120783645511 0.067821724265879 0.0628726612708129
17 0.15229058389504255 0.7199174975843369 0.0120681524925071 0.0290974306025577
14 0.15353040918814834 0.5714261469391204 0.00525752096766069 0.0316655639961527
0 0.43355801271603 0.4291434676736865 0.0211057328921519 0.049350909324682994
0 0.678813302540361 0.42907044756006907 0.021041963734762203 0.049624273352896105
32 0.15433850300819818 0.6990066837061838 0.00408144275450836 0.00498836808029353
14 0.09068920295386451 0.5713648882954161 0.00516612534316442 0.0314839248183243
12 0.29057899509101687 0.20346392202695315 0.022790781903271704 0.0387013942663063
6 0.5390312765637594 0.20341651051592805 0.025058445701314703 0.0387570840995921
2 0.3671331126809805 0.28443711291370427 0.014466161981475401 0.0107109122858186
2 0.3672418100658672 0.3395137951152288 0.014263066708272763 0.015497471584653599
2 0.7486718233843963 0.33629562721808304 0.015884453121521 0.021971059126412
2 0.6125481245985921 0.34183024464017064 0.014153936867192192 0.010946635729649873
2 0.36775650558271805 0.18792693873677532 0.0132418932522542 0.0173086146226667
2 0.612416119359649 0.2844387006731324 0.014543652134190899 0.010613388776420365
2 0.6130808132281852 0.18789340495924822 0.013089199934803898 0.017197339238350498
2 0.21134230238726245 0.1878863823762558 0.013255895373753901 0.0172569490318315
14 0.23747270901114337 0.5673836037086926 0.004653859537137317 0.023507127565629612
2 0.7500262762410584 0.2876616688921564 0.013162320704463 0.0170211549486588
23 0.5188206541689756 0.2556090576798056 0.011087221218265162 0.010599905488565119
23 0.1131663695821738 0.6187204337284485 0.0110079790252556 0.0107397324291109
23 0.2689207008228075 0.25562299524993753 0.011428563833303899 0.010793499472338985
23 0.893170662966237 0.6186724765184405 0.010853361751964538 0.011076011016315189
24 0.32941842607955124 0.19408597625358412 0.0120297699066845 0.0113305506543442
18 0.08421369016408418 0.6545588216796833 0.0068047348603744425 0.012779643767835145
23 0.4032697569632472 0.2467579544758786 0.0113531140990203 0.010698372293789185
23 0.6485974728616768 0.24684402593665397 0.0111238354447915 0.0106768111352059
16 0.5419387440497178 0.5740117356986051 0.00500979356613943 0.0368026805513501
4 0.616955659017014 0.31242119247642897 0.00515548630175801 0.0091735897313159
24 0.5791120518792188 0.1939883492531483 0.0120010527119434 0.011277727946218652
4 0.7539202054020623 0.3124238698849478 0.0053450539524365105 0.0095260859338476
31 0.6822106576557126 0.49098063286346133 0.011135343022743301 0.010261724597066599
29 0.24200076576431187 0.3386771771582891 0.0132534635600317 0.0174129928175762
4 0.3717021319883713 0.3124860645060388 0.00512088006076519 0.00909494344906221
19 0.243254598954136 0.7050505230968583 0.00567830720771207 0.00453523194820462
32 0.09153686440473342 0.697588969517487 0.00422463791628362 0.00501809643505985
3 0.21465716777788424 0.28437284333866947 0.0221887585909165 0.010671972767570901
18 0.23174819810545327 0.7123053376310056 0.0060498631277705 0.0114109764623112
23 0.4867086813499242 0.6335281387749334 0.0109971173401924 0.010794646801082901
24 0.571270624771749 0.4793281106117756 0.01457843707497985 0.011501838074861099
19 0.09715659475701229 0.6464683646371561 0.006446627465116869 0.00472768806551012
16 0.43843314873816297 0.5737778549355226 0.0053162343529619205 0.037223410337703
2 0.2107773461245236 0.3417746945213077 0.014322029972719199 0.010995727712679499
4 0.21528383086631767 0.3289539199378735 0.0052929015438273495 0.00918551152886294
22 0.2964030458283629 0.2556192194292625 0.011428563833303899 0.010793499472338985
11 0.28200330899488063 0.23224075062256463 0.0105885634975973 0.00787565477454328
22 0.42593857280623915 0.24683267227679276 0.0113531140990203 0.010698372293789187
2 0.460949628550254 0.18795851512502953 0.0130558953737539 0.0169569490318315
29 0.49150809192730366 0.3387493099070627 0.0132534635600317 0.0171129928175762
3 0.46416449394087594 0.28449497608744345 0.0221887585909165 0.010671972767570901
2 0.46008467228751554 0.3422468272700818 0.0149220299727192 0.010095727712679501
4 0.4648474976251887 0.3267060427390712 0.00509290154382735 0.00918551152886294
22 0.5464431258971946 0.25560528185913056 0.011087221218265162 0.010599905488565119
22 0.6712292580694208 0.246736474295304 0.0111238354447915 0.0106768111352059
26 0.3829214177677133 0.44217323971880246 0.040975321151830356 0.010580130345352998
11 0.4426206571967131 0.39010442054407385 0.010607785667264301 0.00783028556258367
24 0.4920348258362028 0.48655662938127664 0.011739319405499599 0.0111461085428492
35 0.47145522371233234 0.5072403357367233 0.00784904270023879 0.010862701544692701
31 0.43698337018319966 0.4945427317227565 0.011192581513907401 0.010343518622904899
36 0.5836349540274144 0.503007243806155 0.0259747464896108 0.0114803482166201
24 0.6204192798033267 0.4866074882907081 0.0117885211316413 0.0112427708873463
35 0.6407711827041004 0.5072545066411124 0.00784904270023879 0.010862701544692701
7 0.5485169622312968 0.41556280033635956 0.0296221725666474 0.0501541998426491
26 0.6282732640022151 0.44226949656296116 0.04093781530659537 0.010655976942610404
11 0.6696803826722001 0.38739440293614336 0.0104077856672643 0.00783028556258367
22 0.1327903417891258 0.6187067568764935 0.0110079790252556 0.0107397324291109
34 0.09453356239391304 0.6567222001514084 0.0103885634975973 0.011176284680146864
27 0.12213786141498574 0.7293310275041763 0.0092204818096315 0.00889231296973861
23 0.1684682573829705 0.6186610393961299 0.0110079790252556 0.010839732429110899
22 0.1880922295899225 0.6185973625441747 0.0110079790252556 0.0107397324291109
18 0.14701527284047292 0.6545548730622578 0.0068047348603744425 0.012779643767835145
19 0.15995817743340104 0.6464644160197305 0.006446627465116869 0.00472768806551012
34 0.1573351450703018 0.6567182515339829 0.0103885634975973 0.011176284680146864
17 0.20588544154807673 0.7198516562496716 0.0120681524925071 0.0290974306025577
14 0.2071252668411825 0.571360305604455 0.00525752096766069 0.0316655639961527
32 0.20793336066123236 0.6989408423715183 0.00408144275450836 0.00498836808029353
18 0.20061013049350707 0.6544890317275924 0.0068047348603744425 0.012779643767835145
19 0.21355303508643517 0.6463985746850652 0.006446627465116869 0.00472768806551012
34 0.210930002723336 0.6566524101993173 0.0103885634975973 0.011176284680146864
23 0.25909846909840345 0.6340417217914915 0.0110079790252556 0.010839732429110899
22 0.2787224413053555 0.633978044939536 0.0110079790252556 0.0107397324291109
31 0.2413296832795416 0.7249207493334068 0.010192683601855199 0.0112132301995734
17 0.3246637734206309 0.720049290979257 0.0120681524925071 0.0290974306025577
14 0.32590359871373664 0.5715579403340404 0.00525752096766069 0.0316655639961527
32 0.32671169253378657 0.6991384771011038 0.00408144275450836 0.00498836808029353
18 0.3193884623660612 0.6546866664571778 0.0068047348603744425 0.012779643767835145
19 0.3323313669589892 0.6465962094146507 0.006446627465116869 0.00472768806551012
34 0.32970833459589016 0.6568500449289029 0.0103885634975973 0.011176284680146864
17 0.36604814832620036 0.7186945550182574 0.0120681524925071 0.0290974306025577
14 0.36728797361930615 0.5702032043730407 0.00525752096766069 0.0316655639961527
32 0.368096067439356 0.6977837411401039 0.00408144275450836 0.00498836808029353
18 0.36077283727163073 0.6533319304961782 0.0068047348603744425 0.012779643767835145
19 0.3737157418645587 0.6452414734536511 0.006446627465116869 0.00472768806551012
34 0.37109270950145967 0.6554953089679032 0.0103885634975973 0.011176284680146864
17 0.40148855148551227 0.7192980682533252 0.0120681524925071 0.0290974306025577
14 0.4027283767786182 0.5708067176081086 0.00525752096766069 0.0316655639961527
32 0.40353647059866815 0.6983872543751716 0.00408144275450836 0.00498836808029353
18 0.3962132404309427 0.6539354437312461 0.0068047348603744425 0.012779643767835145
19 0.4091561450238707 0.6458449866887193 0.006446627465116869 0.00472768806551012
34 0.40653311266077147 0.6560988222029711 0.0103885634975973 0.011176284680146864
18 0.43196716197528984 0.6487300631796629 0.0068047348603744425 0.012779643767835145
19 0.44491006656821774 0.6406396061371359 0.006446627465116869 0.00472768806551012
34 0.44228703420511833 0.6508934416513877 0.0103885634975973 0.011176284680146864
32 0.43921806559807086 0.7356757289965503 0.004081442754508358 0.005232362919216634
22 0.5063510472638323 0.6335281387749333 0.0109971173401924 0.010794646801082903
14 0.48000010779295027 0.5370395515805477 0.0220600639976045 0.0072925668544254
18 0.5354238177679173 0.6545242114614702 0.0068047348603744425 0.012779643767835145
19 0.5483667223608453 0.6464337544189429 0.006446627465116869 0.00472768806551012
34 0.5457436899977456 0.656687589933195 0.0103885634975973 0.011176284680146864
32 0.542692981385964 0.7357050079452153 0.004081442754508358 0.005232362919216634
17 0.5745115144243198 0.7199605156452128 0.0120681524925071 0.0290974306025577
14 0.5757513397174256 0.5714691649999963 0.00525752096766069 0.0316655639961527
32 0.5765594335374753 0.6990497017670596 0.00408144275450836 0.00498836808029353
23 0.5906891879122479 0.6187040574570062 0.0110079790252556 0.010839732429110899
22 0.6103131601191998 0.6186403806050508 0.0110079790252556 0.0107397324291109
18 0.5692362033697502 0.6545978911231336 0.0068047348603744425 0.012779643767835145
19 0.5821791079626784 0.6465074340806066 0.006446627465116869 0.00472768806551012
34 0.5795560755995788 0.6567612695948593 0.0103885634975973 0.011176284680146864
17 0.6434768330280692 0.719838414335838 0.0120681524925071 0.0290974306025577
14 0.6447352362782273 0.5714611514345743 0.00525752096766069 0.0316655639961527
32 0.645537872923831 0.698905626959634 0.00408144275450836 0.00498836808029353
18 0.6383786525386776 0.6545929979431077 0.0068047348603744425 0.012779643767835145
19 0.650390349305548 0.6464705715215822 0.00484662746511687 0.00472768806551012
34 0.6485673169424493 0.656709982539033 0.0103885634975973 0.011176284680146864
17 0.6765358141444336 0.7199560153148584 0.0120681524925071 0.0290974306025577
14 0.6777756394375396 0.5714646646696419 0.00525752096766069 0.0316655639961527
32 0.6785837332575896 0.6990452014367043 0.00408144275450836 0.00498836808029353
18 0.6712605030898642 0.6545933907927796 0.0068047348603744425 0.012779643767835145
19 0.6834034076827917 0.6465029337502525 0.00484662746511687 0.00472768806551012
34 0.6815803753196923 0.6567567692645047 0.0103885634975973 0.011176284680146864
14 0.7057634781235574 0.5672668095887426 0.004653859537137317 0.023507127565629612
19 0.7115453680665503 0.7049337289769083 0.00567830720771207 0.00453523194820462
18 0.7000389672178676 0.7121885435110558 0.0060498631277705 0.0114109764623112
23 0.7273892382108176 0.6339249276715418 0.0110079790252556 0.010839732429110899
22 0.7470132104177695 0.6338612508195862 0.0110079790252556 0.0107397324291109
34 0.7096204523919556 0.724803955213457 0.010192683601855199 0.0112132301995734
17 0.7958415395885232 0.720061781755799 0.0120681524925071 0.0290974306025577
14 0.7970813648816292 0.5715704311105823 0.00525752096766069 0.0316655639961527
32 0.7978894587016793 0.6991509678776446 0.00408144275450836 0.00498836808029353
18 0.7905662285339539 0.6546991572337199 0.0068047348603744425 0.012779643767835145
19 0.8036838693723866 0.6465087001911951 0.006196099956115046 0.004727688065510143
34 0.8008861007637814 0.6568625357054452 0.0103885634975973 0.011176284680146864
17 0.8291002698787853 0.7200079686960185 0.0120681524925071 0.0290974306025577
14 0.8303400951718913 0.571516618050802 0.00525752096766069 0.0316655639961527
32 0.8311481889919418 0.6990971548178646 0.00408144275450836 0.00498836808029353
18 0.8238249588242158 0.6546453441739396 0.0068047348603744425 0.012779643767835145
19 0.8367425996626485 0.6464548871314147 0.006196099956115046 0.004727688065510143
34 0.8341448310540442 0.6568087226456647 0.0103885634975973 0.011176284680146864
18 0.8641825200683438 0.6545757477633574 0.0068047348603744425 0.012779643767835145
19 0.8771001609067766 0.6463852907208323 0.006196099956115046 0.004727688065510143
34 0.8745023922981722 0.656739126235082 0.0103885634975973 0.011176284680146864
14 0.8706949389592704 0.5714166180508023 0.00525752096766069 0.0316655639961527
22 0.9128715180488061 0.6186214432550606 0.010853361751964538 0.011076011016315189
32 0.8713502049003342 0.6961831605822121 0.00408144275450836 0.00498836808029353
27 0.902095329985234 0.727908767840185 0.009151990431831299 0.0090417424403278
11 0.5316883783811369 0.23217835795443592 0.0105885634975973 0.00787565477454328
