15 0.04716553800095082 0.7769473119710998 0.0751691178689189 0.0693054225144755
15 0.89017692274393 0.7678749642103342 0.07504307044000601 0.0669610444793745
20 0.4584301800904824 0.6123798159613737 0.02922338956717212 0.063817465239754
20 0.5205121000375117 0.612314595518541 0.030400143304920954 0.06377042318120589
12 0.2527512771106504 0.4674537484323146 0.034803341035607734 0.045619810590399296
17 0.1098296480380594 0.7637709804809948 0.0132613033518348 0.0365664455462739
0 0.3255078039208899 0.4674584986819605 0.016652574756321783 0.0379637533618909
14 0.8858763628979446 0.5978540014571903 0.00558481922476325 0.0347705281842227
14 0.042954081376231176 0.5979042646047477 0.00587475956300103 0.0345788276830633
2 0.27040219410283356 0.3199444339005663 0.0141221437897707 0.0139509743142286
2 0.2719391428751292 0.2624756028103856 0.0199671821364744 0.0115722555438953
32 0.11209957151672383 0.7385577163073562 0.00469901198556821 0.005631901783805931
18 0.03582886048864674 0.6896230088295207 0.007488725082886558 0.013980173919757399
2 0.24374903882264642 0.32100929022884467 0.015619087123892901 0.0161556645628493
2 0.24372954073947248 0.3504173917861813 0.015578318458675 0.016138832013258598
29 0.37983462741436724 0.37599139190138303 0.016578666844302502 0.016209210746028
32 0.4329068406205925 0.7790843171131376 0.00470606598201693 0.0059729321031633
19 0.050016588262600976 0.6806522761048508 0.00666764000960756 0.004879120554517974
2 0.3471014079936753 0.26253358427622175 0.020237803196620326 0.011791295029883218
23 0.6083930657962676 0.667000680949879 0.011848061750705201 0.011744621642562
24 0.3884651787387412 0.5187844543542072 0.0128220589981883 0.0121486149615482
23 0.24490907545917925 0.6574360448689973 0.011783338462434501 0.012042256407630401
23 0.7540661736695295 0.6574663002725132 0.0118333609334072 0.0119900744068823
32 0.04384438731458278 0.737043598592211 0.0046049825775299 0.005717623010076
32 0.886691521822978 0.7302159882707582 0.00471481793396131 0.0057327366904744905
23 0.3824391911791733 0.31727257453662355 0.0110826637279825 0.00869627073399503
18 0.42484516118495647 0.6831300983297414 0.00732730683621298 0.014152920058243099
16 0.4313403167029775 0.6006940957348519 0.007139949217962929 0.0405315439428078
23 0.1375267963201122 0.6639112479739601 0.0118375261308684 0.0115762292052579
16 0.5453721816048137 0.6007272035691703 0.007154010537351399 0.0403536689695248
23 0.4871362111657518 0.6615830063653282 0.011889947171569598 0.0116266316302722
24 0.4496151627516869 0.27341547994529397 0.0105353387725418 0.009830155993962
4 0.2483282704773194 0.33661780915462564 0.007015219850388809 0.00965608201437128
9 0.38353028400794087 0.26219374848648885 0.00837269096128972 0.007518421930885611
11 0.3901707794611132 0.2923189898669871 0.00498770439721635 0.0133708723268156
13 0.40676726591379525 0.2800952283849496 0.0293878372016547 0.0444345479418772
11 0.3121573042361578 0.4309473773652984 0.01462529264153297 0.011138332017876956
26 0.2779316850717672 0.47487396771601065 0.023692082173577256 0.011826549240500493
24 0.287315492071511 0.5077051156521326 0.012574900049050099 0.011792816312849199
36 0.29393199742947773 0.5222293871186132 0.0256916894312155 0.0117462475698323
31 0.3229107527658459 0.5261827300826641 0.009244878822560637 0.00854119679470231
35 0.3659437228698333 0.49592503460538573 0.008740612704967007 0.01243032506117558
34 0.047061263808920756 0.6942626222960047 0.0110576314757537 0.00776945519426536
2 0.27035331256783557 0.3503426739852642 0.013890784692344258 0.016138832013258574
4 0.27410827542251714 0.3365430913537116 0.007015219850388809 0.00965608201437128
2 0.3455749799472486 0.31993237272817354 0.0141221437897707 0.0139509743142286
2 0.3454909414587855 0.35033061281287425 0.01396109859927524 0.016138832013258574
4 0.34928106126693204 0.33653103018131864 0.007015219850388809 0.00965608201437128
2 0.47752558682356994 0.31987408954531094 0.0141221437897707 0.0139509743142286
2 0.47906253559586565 0.2624052584551302 0.0199671821364744 0.011572255543895302
2 0.477476705288572 0.3502723296300088 0.013890784692344258 0.016138832013258574
4 0.481231668143254 0.3364727469984561 0.007015219850388809 0.00965608201437128
29 0.5870031429297224 0.37603356815210986 0.016578666844302502 0.016209210746028
2 0.5542699235090304 0.26257576052694864 0.020237803196620326 0.011791295029883218
23 0.5896077066945287 0.3173147507873504 0.0110826637279825 0.00869627073399503
24 0.6567836782670422 0.273457656196021 0.0105353387725418 0.009830155993962
9 0.5906987995232961 0.2622359247372158 0.00837269096128972 0.007518421930885611
11 0.5973392949764684 0.29236116611771396 0.00498770439721635 0.0133708723268156
13 0.6139357814291502 0.2801374046356766 0.0293878372016547 0.0444345479418772
2 0.5527434954626038 0.3199745489789004 0.0141221437897707 0.0139509743142286
2 0.5526594569741407 0.3503727890636012 0.01396109859927524 0.016138832013258574
4 0.556449576782287 0.3365732064320456 0.007015219850388809 0.00965608201437128
0 0.5326242268455105 0.46752930737369097 0.016652574756321783 0.0379637533618909
24 0.5955816016633618 0.5188552630459377 0.0128220589981883 0.012148614961548199
11 0.5192737271607784 0.4310181860570291 0.01462529264153297 0.011138332017876956
26 0.4849988882615359 0.4749447764077457 0.023790521643278665 0.011826549240500452
31 0.5300271756904663 0.5262535387743946 0.009244878822560637 0.00854119679470231
35 0.5730601457944539 0.4959958432971165 0.008740612704967007 0.01243032506117558
14 0.11122050973075526 0.5978528165536747 0.00587475956300103 0.0345788276830633
18 0.1040952888431708 0.6895715607784478 0.007488725082886558 0.013980173919757399
19 0.11828301661712501 0.680700828053778 0.00666764000960756 0.004879120554517974
34 0.11532769216344478 0.6942111742449316 0.0110576314757537 0.007769455194265359
17 0.1754442557401884 0.7638173743567949 0.0132613033518348 0.0365664455462739
32 0.1777141792188528 0.7386041101831562 0.00469901198556821 0.005631901783805931
14 0.1768351174328843 0.5978992104294746 0.00587475956300103 0.0345788276830633
18 0.1697098965452997 0.6896179546542478 0.007488725082886558 0.013980173919757399
19 0.18389762431925394 0.680647221929578 0.00666764000960756 0.004879120554517974
34 0.18094229986557367 0.6942575681207316 0.0110576314757537 0.007769455194265359
18 0.20276818311759928 0.7533228826144448 0.0064887250828865595 0.0124801739197574
19 0.21551581306583198 0.74530887639937 0.00606764000960756 0.00457912055451797
31 0.21326652774244084 0.7693722691422573 0.0109576314757537 0.00766945519426536
14 0.209159200713959 0.5893340275683046 0.005174759563001031 0.03355816241546895
17 0.307743897984039 0.763760532279258 0.0132613033518348 0.0365664455462739
32 0.3100138214627034 0.7385472681056191 0.00469901198556821 0.005631901783805931
14 0.30913475967673487 0.5978423683519373 0.00587475956300103 0.0345788276830633
18 0.3020095387891504 0.6895611125767107 0.007488725082886558 0.013980173919757399
19 0.31619726656310443 0.6806903798520401 0.00666764000960756 0.004879120554517974
34 0.3132419421094241 0.6942007260431944 0.0110576314757537 0.007769455194265359
17 0.3480526783759046 0.7637521165635751 0.0132613033518348 0.0365664455462739
32 0.3503226018545692 0.7385388523899362 0.00469901198556821 0.005631901783805931
14 0.3494435400686005 0.5978339526362548 0.00587475956300103 0.0345788276830633
18 0.34231831918101596 0.6895526968610277 0.007488725082886558 0.013980173919757399
19 0.3565060469549702 0.6806819641363581 0.00666764000960756 0.004879120554517974
34 0.35355072250128977 0.6941923103275119 0.0110576314757537 0.007769455194265359
17 0.3882691524170375 0.7637359928478661 0.0132613033518348 0.0365664455462739
32 0.3905390758957023 0.738522728674227 0.00469901198556821 0.005631901783805931
14 0.3896600141097334 0.5978178289205455 0.00587475956300103 0.0345788276830633
18 0.38253479322214884 0.6895365731453187 0.007488725082886558 0.013980173919757399
19 0.39672252099610306 0.6807658404206489 0.00666764000960756 0.004879120554517974
34 0.3937671965424227 0.6941761866118025 0.0110576314757537 0.007769455194265359
34 0.43618616353557044 0.6876509272109019 0.0110576314757537 0.007769455194265359
24 0.44863253676057235 0.6725840483310932 0.010191204273624702 0.00954561608224847
24 0.49721843218183326 0.6788214266481777 0.0102264460450864 0.0095284151832034
14 0.4790241134642399 0.559991542658148 0.022189512817643798 0.008016700507872
17 0.5807974362139231 0.7638067509250156 0.0132613033518348 0.0365664455462739
32 0.5830673596925878 0.7385934867513759 0.00469901198556821 0.005631901783805931
14 0.582188297906619 0.5978885869976949 0.00587475956300103 0.0345788276830633
18 0.5750630770190344 0.689607331222468 0.007488725082886558 0.013980173919757399
19 0.5892508047929886 0.680736598497798 0.00666764000960756 0.004879120554517974
34 0.5862954803393083 0.6942469446889512 0.0110576314757537 0.007769455194265359
32 0.5469456228487531 0.7790757608977814 0.00470606598201693 0.0059729321031633
18 0.538883943413117 0.6831215421143852 0.00732730683621298 0.014152920058243099
34 0.550224945763731 0.687642370995546 0.0110576314757537 0.007769455194265359
19 0.43905531475871046 0.6742069347106431 0.00666764000960756 0.004879120554517974
19 0.553104529342668 0.6741526302297135 0.00666764000960756 0.004879120554517974
17 0.6450520156901933 0.7638533767184732 0.0132613033518348 0.0365664455462739
32 0.6473219391688575 0.7386401125448337 0.00469901198556821 0.005631901783805931
14 0.6464428773828885 0.5979352127911527 0.00587475956300103 0.0345788276830633
18 0.6393176564953043 0.6896539570159256 0.007488725082886558 0.013980173919757399
19 0.6535053842692585 0.6807832242912558 0.00666764000960756 0.004879120554517974
34 0.6505500598155785 0.6942935704824086 0.0110576314757537 0.007769455194265359
17 0.6810982721107449 0.7637561364634807 0.0132613033518348 0.0365664455462739
32 0.683368195589409 0.7385428722898414 0.00469901198556821 0.005631901783805931
14 0.6824891338034403 0.5978379725361606 0.00587475956300103 0.0345788276830633
18 0.6753639129158557 0.689556716760933 0.007488725082886558 0.013980173919757399
19 0.6895516406898102 0.6806859840362631 0.00666764000960756 0.004879120554517974
34 0.6865963162361299 0.6941963302274162 0.0110576314757537 0.007769455194265359
14 0.7182302495230226 0.5880333976122777 0.00507475956300103 0.0309788276830633
18 0.7119078186592215 0.7532842172851427 0.0064887250828865595 0.0124801739197574
19 0.7246554486074543 0.7452702110700681 0.00606764000960756 0.00457912055451797
31 0.7224061632840634 0.7693336038129556 0.0109576314757537 0.00766945519426536
17 0.8082746000638349 0.7637331856786334 0.0132613033518348 0.0365664455462739
32 0.8105445235424997 0.738519921504994 0.00469901198556821 0.005631901783805931
14 0.8096654617565308 0.597815021751313 0.00587475956300103 0.0345788276830633
18 0.8025402408689462 0.6895337659760858 0.007488725082886558 0.013980173919757399
19 0.8167279686429003 0.6806630332514162 0.00666764000960756 0.004879120554517974
34 0.8137726441892204 0.6941733794425687 0.0110576314757537 0.007769455194265359
17 0.8440912427887861 0.7637287331752405 0.0132613033518348 0.0365664455462739
32 0.8463611662674505 0.7385154690016009 0.00469901198556821 0.005631901783805931
14 0.8454821044814816 0.5978105692479201 0.00587475956300103 0.0345788276830633
18 0.8383568835938978 0.6895293134726925 0.007488725082886558 0.013980173919757399
19 0.8526446113678519 0.6806585807480228 0.00666764000960756 0.004879120554517974
34 0.8495892869141711 0.694168926939176 0.0110576314757537 0.007769455194265359
27 0.9205135398047285 0.7204865802050741 0.0102354702954131 0.00968003979030339
18 0.8786858195486072 0.6896574964696477 0.007488725082886558 0.013980173919757399
19 0.8929735473225618 0.680786763744978 0.00666764000960756 0.004879120554517974
34 0.8899182228688808 0.6941971099361317 0.0110576314757537 0.007769455194265359
27 0.0775877666834633 0.7201565760432738 0.010127942176921801 0.0097570042263194
