20 0.46530533233693994 0.5249201254177732 0.02835566029880288 0.06211554699018568
15 0.8837304955092082 0.671129609730947 0.0640986398775634 0.05857249887859305
15 0.06705594748154096 0.6779211206490523 0.063622041895178 0.05806155552386248
20 0.5256315447860141 0.5246966091698021 0.029474866736785746 0.06205820431903766
17 0.8041858187767217 0.6714856758103412 0.012985743259878365 0.03582357749017795
17 0.12753569691474215 0.6716278359426497 0.012861499317789259 0.03579133841212341
17 0.19115150548166035 0.6716485866143279 0.012894264166713203 0.0353152301448062
17 0.8389125561197407 0.6715549839437416 0.013007289420215761 0.03566140706920252
17 0.3973761795120788 0.6715587942945822 0.013141082123921084 0.0354591123940226
17 0.35834758511815556 0.6718692600166536 0.013281756679112936 0.0352389753357438
17 0.319278116807905 0.6714193207268324 0.013099796169957127 0.03572285426800404
17 0.6460104133386857 0.6715894477302836 0.012972202725728995 0.03557982791872907
14 0.1290310963001928 0.5108988127623733 0.0055533409063263225 0.03330924909539035
17 0.5837457282729166 0.6715876092117986 0.012989012213097924 0.03557866177732359
32 0.3995152863560096 0.6470824881902001 0.004663194160223156 0.005684331445437523
14 0.35968707195758154 0.5108052775679827 0.005541563508423492 0.03352869894728128
14 0.8403069995533113 0.5108659348895241 0.005647117441867234 0.03384332447590117
17 0.681150063054319 0.6712614479619363 0.013000760018318427 0.03599289605745937
32 0.5860327114002997 0.6471094188990303 0.004589578112406809 0.005581701817369979
14 0.8056716131276176 0.5108836277059423 0.005349202510781858 0.03362580963068601
14 0.5850512767155357 0.5107953440654754 0.005459246401880172 0.033771329984931035
32 0.8064363054428061 0.6471367793113754 0.004614307508010886 0.0058465618895178015
0 0.6494230079977303 0.38429477101687204 0.014090681992583681 0.03485065947267231
14 0.19256172196704693 0.5107824851809377 0.005485132769233061 0.03345316609373162
32 0.36060894227902657 0.6471817594216518 0.0044114980494791125 0.0056372268855778875
14 0.06287026172078694 0.5107802753856159 0.005522027423105705 0.033556568823026364
32 0.12978952507228464 0.6469729899099803 0.004569256159331145 0.005273577256482403
32 0.648329637151144 0.6470593512706256 0.004550765508512997 0.005839889368151705
14 0.2238790178214108 0.5103315091319818 0.0048543189937239085 0.032720689481367436
14 0.7168731944536743 0.5012670578389944 0.005012177477333313 0.03010325009702947
32 0.1933546712490249 0.6471017905865792 0.004791573365561404 0.005787781753170418
14 0.647377033003943 0.5107361369592028 0.005797132355106326 0.033625831288739624
32 0.8412152562192169 0.6471203805604023 0.004756312732059227 0.0058907284215291315
18 0.5782468472277431 0.5997148265545047 0.006909824104624223 0.013833208481039415
14 0.32074081277961364 0.5108586078380943 0.005510694576203239 0.033838646704473715
0 0.44090985933530524 0.38417162228325885 0.014240241065131892 0.034629073194690205
18 0.12208674705070122 0.5997077488658697 0.007182192744875772 0.013265129284046252
14 0.3987383296063761 0.5108199868519602 0.00579439233629183 0.033486825436488114
18 0.8334016448279794 0.5996384383149294 0.007321955911243199 0.013567550201150615
14 0.8794549057179275 0.5107400751895311 0.005573475053721367 0.033959397459794025
32 0.6832778139327599 0.6470970439597736 0.0045070326976456195 0.005454611184543935
14 0.6823965213837284 0.5107641456142615 0.005832909787304048 0.03368750978928838
32 0.32161645809099215 0.6471611414008861 0.004578345334076087 0.0056061682193348636
18 0.8725734610698788 0.5997016097087827 0.007202101258382827 0.0134565140357008
18 0.35276790271262093 0.5998182977201477 0.007057157893949297 0.013598389375538143
29 0.5010946505731527 0.27601553501794096 0.016155058031374576 0.016008576614165295
2 0.6820162824824277 0.246454725326682 0.015114831550085256 0.015508008602563704
18 0.6406428943623673 0.5997042715838915 0.0071455725797929075 0.013545813041248557
18 0.2177263191908646 0.6613208902806419 0.006521424199480357 0.01243547667984634
18 0.43235317324765765 0.5930960941396232 0.007784755629155753 0.014444928999536906
18 0.05602320821540336 0.5996882517579235 0.006858492099347671 0.013571452409986773
2 0.25506583414840656 0.24745043849839607 0.018288089575692803 0.013734462786968722
18 0.7108095416815913 0.6613798933089886 0.006366184245342912 0.012313935324883554
2 0.2550398591131821 0.21686111567167246 0.01812422765531542 0.013044636208401244
2 0.6819847993663081 0.21813891647413247 0.015233003456004791 0.015725569228734027
2 0.38521359596735083 0.2168123509828164 0.018439695361617624 0.013228611077540206
18 0.31386516180674523 0.5996549290936819 0.0070097825470985305 0.013279504656395729
18 0.3918442210049712 0.5997384885682374 0.007398031566403934 0.013426449765781471
2 0.38519791875274384 0.2473461949386121 0.018441720610431495 0.01337124309112505
2 0.46488740646038684 0.24742950643657355 0.018403123355491893 0.013410862302739374
18 0.6755639498762869 0.5997236530547043 0.006933694666173409 0.013603482637614064
18 0.1856533895188166 0.5996861516257311 0.007134782237877536 0.013670120974374644
32 0.4406312346603112 0.6864981041378709 0.004510818345288329 0.005772721993739569
2 0.5936454606454425 0.2474394540565266 0.018436445537666348 0.013687882052921454
32 0.06365895469927334 0.6456605357927667 0.004421921935717188 0.005578836463421643
2 0.12626747503690586 0.2168830751994966 0.018401944077079003 0.013219293838148193
19 0.13594648900894699 0.5911350688766039 0.006569529617361901 0.005035605179891026
18 0.7987516202791605 0.599758943528319 0.007226507611118147 0.013507871577554134
2 0.25726503358638636 0.16103673735450388 0.022703763958855587 0.011261843153035165
23 0.7457184741304406 0.5684862959515258 0.011677526980908726 0.01151906804030493
19 0.5920459835616133 0.5910710156929215 0.006939388584903281 0.005038487140845147
2 0.1263566539694091 0.24740659695047956 0.01842523882643906 0.013665734255483435
19 0.22998751571320017 0.6536160625394294 0.0061437951990651555 0.004683501780277536
19 0.06957717711218417 0.5910988580967014 0.006816078818395377 0.004805873214049352
29 0.2912947765904726 0.2760198020988823 0.01621665361264831 0.015788264064054945
2 0.5958484567291983 0.16109771051361899 0.022946998776723206 0.0113686698081855
19 0.4054826918495557 0.5910885199294524 0.006810733602664573 0.0051433852949033625
32 0.8803111044230062 0.6390268315899413 0.004556639504788157 0.005652806879654111
19 0.6892847505655264 0.5910957696412408 0.00689012290637522 0.0049898628553968856
16 0.43905664223850416 0.5136608950484868 0.006942438498010282 0.03959263025798358
23 0.2932774492863242 0.21916296367383875 0.010915085833382325 0.008577771298616975
2 0.593621001796016 0.21679245303818104 0.018373994671744078 0.013161129491338257
19 0.1993772865073462 0.5910621192175349 0.00670432602735304 0.004885462091563872
23 0.1544586376573823 0.5747998221564875 0.011627639309867132 0.011502958566798624
19 0.8125013232961454 0.5909733553298588 0.006658092064747382 0.005072401004188729
23 0.2585391880186821 0.5763650420681639 0.011900834731702094 0.01189435870262183
19 0.6543578133536202 0.5910768626000186 0.006806550081022385 0.005151034402006091
32 0.5511170163598765 0.6864575733362029 0.004865841209324 0.005828856923080632
18 0.5433226294410638 0.5935842457007879 0.0071104309218074325 0.013828072122577634
2 0.46495917812175636 0.21689767384465328 0.018331231598190563 0.013097371186378638
19 0.5571203944205634 0.5848188449714015 0.006977769021015795 0.005118497589806524
19 0.8863105734188416 0.5910904659185205 0.006924039129735096 0.005189851184256252
19 0.7231556304586229 0.6536418581160233 0.006309945011852044 0.004914065458917838
23 0.6105514763646456 0.5779826436818761 0.012242166234999765 0.01198974678950556
31 0.43805761988164066 0.4407304306867268 0.010310039090809651 0.008168288241624692
2 0.3873861931044469 0.16097692476753825 0.02280106587274181 0.01144842953611819
29 0.16255903746453737 0.27600147127149427 0.015941517094910356 0.015858128259626212
23 0.4931420278026149 0.5725527810462827 0.011783290096715698 0.011644965123165431
2 0.4671618591270165 0.16106205082923128 0.0226771164486239 0.011182827944428158
24 0.5033743938346891 0.43416351688849203 0.012720941608528108 0.012066940868570105
16 0.5495373300213486 0.5137193546534712 0.0069924785012726795 0.039244804348269394
4 0.3912732584253103 0.23306076968297135 0.006844323171027703 0.009581627251119383
24 0.7118161073585156 0.43417394947287913 0.013011076890867414 0.011884406965314523
19 0.36659069612669243 0.5910538609621894 0.006690214247570528 0.005151695574227272
19 0.3275491551485573 0.5910276147239568 0.006728614229462373 0.004939808625588459
34 0.06687390903729369 0.6042210503064888 0.01074610639167831 0.007620796786668283
31 0.6523508446881894 0.4405604744418051 0.01055417511459801 0.007987218706571228
2 0.12859902094757672 0.16097017479701733 0.022699000380469143 0.011224357178759867
4 0.1324018529814841 0.23320737644367956 0.006921212824545679 0.009649926166336916
23 0.1645301745328813 0.21916743017810017 0.011063205333504467 0.008603955148307262
22 0.18385350891592978 0.21912525392737348 0.011182485175375163 0.008688307649761385
11 0.17201700882373394 0.19020543002666024 0.004726761933729975 0.01311554868857435
24 0.22965033541774385 0.17200770113552596 0.010373474419080996 0.010188791033750415
9 0.1815906145153626 0.13439593022745025 0.009168474865349446 0.009941790038992782
13 0.18819021506196423 0.17888800655211565 0.028406818399900776 0.04365828353435746
4 0.26110125123262373 0.2330810222371941 0.006921212824545679 0.009649926166336916
22 0.3126437386956422 0.2191749105133266 0.011040778751665209 0.008609532173196878
11 0.3007410899474316 0.19018486474031485 0.004726761933729975 0.01311554868857435
13 0.3168804734555348 0.17883037903555862 0.028406818399900776 0.04365828353435746
24 0.3582996565142967 0.171948693614871 0.010373474419080996 0.010188791033750415
9 0.3102258665083706 0.13431045036056838 0.009168474865349446 0.009941790038992782
30 0.36825105630063787 0.10911492866725946 0.03833014610492829 0.009032229534063045
22 0.4258963010440705 0.18319179275631978 0.011151873847508223 0.008609532173196882
4 0.47097635849022884 0.2330796448887504 0.006844323171027703 0.009581627251119383
22 0.5223900873635973 0.21911275806434535 0.011040778751665209 0.008609532173196878
23 0.5030293140652988 0.21919864378023152 0.010915085833382325 0.008577771298616975
11 0.510667046307346 0.19020238612269927 0.004726761933729975 0.01311554868857435
13 0.5266446393402967 0.17886997324972775 0.028406818399900776 0.04365828353435746
9 0.5199998475538067 0.13430557869854037 0.009168474865349446 0.009941790038992782
24 0.5680865866509475 0.171948693614871 0.010373474419080996 0.010188791033750415
30 0.5780221402673067 0.10908513284576352 0.03833014610492829 0.009032229534063045
4 0.5997570835575732 0.23293395898317962 0.006844323171027703 0.009581627251119383
22 0.6343029220327554 0.18328388573913895 0.011040778751665209 0.008609532173196878
4 0.6864452914734045 0.23300678815563214 0.006844323171027703 0.009581627251119383
26 0.3970800787380593 0.3917066912442268 0.023303364720984387 0.012177777073688181
11 0.4278751634238691 0.34937612790400147 0.01431635520522231 0.010385774327070193
35 0.4814471223629767 0.41206092982726794 0.008426046698276702 0.011812920029131486
12 0.5599022564505627 0.360025052717957 0.033444096285304425 0.044409014097342665
24 0.5961400675363052 0.40879148305245494 0.010576141373009449 0.010766835111731795
36 0.6034329562303309 0.4230513753569241 0.025278140094830093 0.012164057988826756
11 0.6362828561027335 0.3494608654740388 0.01431635520522231 0.010385774327070193
26 0.6933010568251263 0.3917264773326693 0.023303364720982253 0.012177777073688178
35 0.6898373354882029 0.41197828116784974 0.008426046698276702 0.011812920029131486
22 0.09223046271744723 0.5615200157537354 0.011670158721466208 0.011886922872708894
27 0.09281304083943734 0.6706592003401596 0.010196692510490738 0.009912106322833797
34 0.13298060393621985 0.604165454455635 0.01074610639167831 0.007620796786668283
22 0.17498823396497426 0.5748296762217031 0.011599964621922539 0.011640645200651011
34 0.19646983721530117 0.6041716557228791 0.01074610639167831 0.007620796786668283
22 0.2775397802088052 0.5764749737321678 0.011963830871324011 0.012231429587244592
31 0.2279063520082886 0.6769145176119674 0.010496626084618838 0.0078026063844944225
34 0.3248244608102596 0.6041730600718294 0.01074610639167831 0.007620796786668283
34 0.3637159712826709 0.6042636657395111 0.01074610639167831 0.007620796786668283
34 0.4438397705129735 0.5980029935954996 0.01074610639167831 0.007620796786668283
19 0.4467229095603324 0.5847940610035424 0.006810733602664573 0.0051433852949033625
14 0.5057231276363633 0.4740573593225338 0.021042304877326598 0.0074333225272317
22 0.513575875171599 0.5725851905195115 0.012044756408820854 0.011880130345353634
34 0.5543164541451321 0.5980471821903071 0.01074610639167831 0.007620796786668283
34 0.5890658872973045 0.6042492064928859 0.01074610639167831 0.007620796786668283
22 0.6310992990826721 0.5779106839785633 0.012044756408820854 0.011880130345353634
34 0.6515471936888682 0.604209370734833 0.01074610639167831 0.007620796786668283
34 0.6864717044865531 0.6042093707348332 0.01074610639167831 0.007620796786668283
31 0.7209458508474839 0.6769057220602887 0.010853727864408948 0.007947257006325259
22 0.7652437517169766 0.5686571825252188 0.012044756408820854 0.011880130345353634
34 0.8096188525889622 0.6041418663922771 0.01074610639167831 0.007620796786668283
34 0.844273941203818 0.6042913019941056 0.01074610639167831 0.007620796786668283
19 0.8471035840320152 0.590973355329859 0.006658092064747382 0.005072401004188729
34 0.8835237455083379 0.6041678014967269 0.01074610639167831 0.007620796786668283
22 0.9088473260437085 0.5614597296605716 0.012044756408820854 0.011880130345353634
34 0.4027360270882325 0.604253835531685 0.01074610639167831 0.007620796786668283
27 0.9095030437214621 0.6638346859815514 0.009888667095608894 0.009040786782194988
