15 0.06332765545636214 0.7408358621569809 0.06958111789673314 0.06367321543883515
15 0.9335720424047413 0.7407854898391204 0.06949621076780643 0.0635034549606426
20 0.5370195431961955 0.5870528403650603 0.026615314198556565 0.06285193096125093
17 0.12959429599115582 0.7292528607115005 0.012628454113433782 0.034197467715114394
2 0.22165139879061777 0.30959341785027616 0.014836915226229618 0.009809355242454068
2 0.3555366445449745 0.30944713642003824 0.01288154096474433 0.010014794304862932
14 0.05842661049800693 0.5680056287988156 0.005669116104180035 0.029882835484914855
14 0.9288765027250611 0.5712803862371861 0.0053849348526808505 0.030766471065353837
2 0.7026767732322725 0.30094662005422607 0.016636583381862465 0.015272487930805182
14 0.6055413441519629 0.5671434456604146 0.004632105595532131 0.023237661521627283
1 0.37144753358579663 0.42516402362394684 0.0332169049535561 0.049372044096864964
14 0.3604722207816625 0.5677417777164346 0.005536703599265502 0.029701609617802056
2 0.35493346799062103 0.1550145216336235 0.014011548711213344 0.017444811524099758
2 0.3555536298090988 0.2512902571510878 0.01290416456491431 0.009867909338365077
2 0.7026564899562922 0.2230041658878617 0.01672352897064705 0.022989993584016846
32 0.13182572536136347 0.70575021695333 0.0043866134307002915 0.005345746064820972
18 0.11954295885736306 0.6638214012934571 0.008120729362578225 0.016892929728351914
20 0.6212084393282433 0.666037297819836 0.019725479613771513 0.03241008696828226
23 0.6280745171050133 0.6123375406262608 0.011205066563297995 0.010938668869335987
23 0.39755170997920525 0.22885096005521174 0.010998623010850311 0.01041466213465101
23 0.38315807483188097 0.6208833883072991 0.01105937846312714 0.011052981507373896
16 0.5611984265803908 0.5738322319175061 0.006458582996157271 0.03652526572288378
23 0.08098053526652818 0.6188284004219298 0.010959564865883292 0.010696545935451694
18 0.9225317262752697 0.6544693056083023 0.006558014629099333 0.01255424027137756
19 0.935420947915898 0.6462004135666666 0.006110482084895404 0.004731953933370518
3 0.22527487282840092 0.22580077949478838 0.018444113043796926 0.010808432377241311
31 0.36950919900349743 0.49419363315275744 0.011604058722433735 0.01035401444604964
7 0.559169468809931 0.392695885392257 0.03021634374649316 0.04663497453211769
18 0.04715370433187805 0.66358908513421 0.008326329096685505 0.017250139254850562
21 0.4137453485116621 0.22846202938128457 0.01127604011272958 0.010286582067258982
23 0.4839472337940112 0.6247913748490361 0.011130734835519497 0.010921075201943327
24 0.30746586921285685 0.4865192605477568 0.011635918571996582 0.010697636151924322
29 0.26114431172232533 0.31705194356805716 0.013138849327022648 0.017202003807934147
23 0.2900343585100972 0.2204136617751742 0.011390091247258864 0.010310245913256133
22 0.3075813104547078 0.22034394896405515 0.011390091247258864 0.010310245913256133
11 0.29023155476987483 0.19982724936824942 0.010424663865969307 0.007772978439768969
24 0.329441810417154 0.16192929300949604 0.01206705363906588 0.011218882693381303
12 0.3023868403852967 0.17113627187360037 0.021628790214472872 0.03891676660614524
2 0.44793302275158103 0.3093909998303206 0.01288154096474433 0.010014794304862932
2 0.44732984619722765 0.1549583850439059 0.014011548711213344 0.017444811524099758
2 0.44725872711395726 0.2516558830686396 0.014340944478354274 0.010711434352905204
23 0.48994808818581176 0.22879482346549412 0.010998623010850311 0.01041466213465101
22 0.5061417267182688 0.22840589279156695 0.01127604011272958 0.010286582067258982
2 0.5599728351315698 0.3097309975150901 0.01483691522622962 0.009809355242454068
3 0.5635963091693529 0.22593835915960228 0.018444113043796926 0.010808432377241311
29 0.5994657480632768 0.31694552839395435 0.013138849327022657 0.016714014130101318
23 0.6284460002314635 0.22024504185970964 0.011065351877766366 0.010514378966774802
22 0.6460109932521576 0.2202518789436604 0.011173598334263332 0.010565412230154458
11 0.6285529911108267 0.1997422298991371 0.010424663865969307 0.007537285239141237
24 0.6838558866240867 0.16155654004051317 0.01206705363906588 0.011218882693381303
6 0.643201224335596 0.17082572364597837 0.02690334265050896 0.038837043035349836
26 0.3166800344962035 0.4377834127995496 0.024644109929294236 0.010716985309729374
26 0.5153851159011154 0.4383576424831193 0.021298310364819887 0.010624197558129886
11 0.37294946374202836 0.37505709675679 0.010390298908724565 0.007640009166353858
11 0.4672911911574619 0.3686395518557808 0.010390298908724565 0.007640009166353858
36 0.5794445703041111 0.45885294600279686 0.027822947535108243 0.01425869378828098
24 0.5777088621262677 0.44092515816212585 0.012026181316887081 0.011564137481832427
35 0.32787603387928044 0.5072067281294504 0.007750264958036855 0.011049623156748957
31 0.4552706566821431 0.49422095212651773 0.011604058722433735 0.01035401444604964
24 0.5173773953622325 0.4865471195357285 0.011635918571996582 0.010697636151924322
35 0.4996054266067247 0.5072345871174226 0.007750264958036855 0.011049623156748957
21 0.10061041438249525 0.6188263472233335 0.011185467171422037 0.010902560812928707
32 0.059551402277522314 0.6646849097415611 0.004596025471787311 0.005678552869476903
19 0.06537610687143922 0.6509503382812444 0.006525104926185961 0.004904367044554827
32 0.05944618617952872 0.7042562101036794 0.004596025471787311 0.005678552869476903
32 0.131874199583691 0.6648316238646443 0.0043866134307002915 0.005345746064820972
19 0.13775795501433621 0.6509244777174159 0.006525104926185961 0.004904367044554827
23 0.14822334025756045 0.6219784232478669 0.010959564865883292 0.010696545935451694
21 0.16782041741701317 0.621976370049271 0.01111986325839314 0.010902560812928706
14 0.13078613040204462 0.5680001464477279 0.005669116104180035 0.029882835484914855
17 0.1940143990153115 0.729082816772122 0.012628454113433782 0.034197467715114394
32 0.1962458283855191 0.7055801730139514 0.0043866134307002915 0.005345746064820972
18 0.18396306188151876 0.6636513573540787 0.008120729362578225 0.016892929728351914
32 0.19636646691217838 0.6645595133985068 0.0043866134307002915 0.005345746064820972
19 0.20217805803849181 0.6507544337780373 0.006525104926185961 0.004904367044554827
14 0.19520623342620025 0.5678301025083494 0.005669116104180035 0.029882835484914855
17 0.22542116544371354 0.728965156063581 0.012628454113433782 0.034197467715114394
32 0.2276525948139211 0.7054625123054105 0.0043866134307002915 0.005345746064820972
18 0.21536982830992077 0.663533696645538 0.008120729362578225 0.016892929728351914
32 0.2277732333405804 0.6642377196364474 0.0043866134307002915 0.005345746064820972
19 0.23358482446689383 0.6506367730694965 0.006525104926185961 0.004904367044554827
14 0.2266129998546023 0.5677124417998085 0.005669116104180035 0.029882835484914855
17 0.2586218190195757 0.7287240928093388 0.012628454113433782 0.034197467715114394
32 0.26085324838978335 0.7052214490511679 0.0043866134307002915 0.005345746064820972
18 0.2486185072303156 0.6628204632478123 0.008120729362578225 0.016892929728351914
32 0.2609017226121108 0.6643028559624834 0.0043866134307002915 0.005345746064820972
19 0.26678547804275604 0.6503957098152546 0.006525104926185961 0.004904367044554827
14 0.2598136534304645 0.5674713785455665 0.005669116104180035 0.029882835484914855
17 0.2919309024662891 0.7288374161923779 0.012628454113433782 0.034197467715114394
32 0.2941623318364968 0.705334772434207 0.0043866134307002915 0.005345746064820972
18 0.281927590677029 0.663304288122988 0.008120729362578225 0.016892929728351914
32 0.2942108060588242 0.6644161793455224 0.0043866134307002915 0.005345746064820972
19 0.3000945614894694 0.6508177844417408 0.006525104926185961 0.004904367044554827
14 0.2931227368771777 0.5675847019286056 0.005669116104180035 0.029882835484914855
20 0.32726083527671324 0.586614379551938 0.023584522021229057 0.06220363954655216
24 0.3145385266739293 0.6516141187984518 0.009520439858749374 0.009208720407481847
18 0.3492413566316521 0.6635403519863093 0.008417303500777493 0.017064112900335934
31 0.36521893799119964 0.6631930488816943 0.011402425969107672 0.011203052411936303
19 0.36671612424074035 0.6506980635351779 0.005937107080338771 0.004119393384304434
21 0.4173919908119872 0.620996705991671 0.011384017414204613 0.011207183001430037
14 0.4564780795406177 0.5704388501608234 0.005536703599265502 0.029701609617802056
21 0.47472724354081497 0.6426661417518195 0.01130778566726434 0.011362045758848964
22 0.5036120067244123 0.6248679247441057 0.011130734835519497 0.010870041938563757
32 0.4575545856825207 0.6647260789274219 0.0043866134307002915 0.005345746064820972
18 0.4451321564392648 0.6635270524534236 0.008120729362578225 0.016892929728351914
19 0.46351742427230874 0.6507935477774186 0.006525104926185961 0.004904367044554827
32 0.4575411860222893 0.7437067198931347 0.0043866134307002915 0.005345746064820972
14 0.4794467743397109 0.5363939353902167 0.02499069368942047 0.007673808137566548
32 0.5626911583711699 0.6650490148283165 0.0043866134307002915 0.005345746064820972
18 0.5503015310844278 0.6640819577333165 0.008120729362578225 0.016892929728351914
19 0.5685883930479285 0.651348453057311 0.006525104926185961 0.004904367044554827
32 0.5626367993933373 0.7439479175229919 0.0043866134307002915 0.005345746064820972
18 0.5996675786302075 0.6507844243775089 0.006088364588253387 0.01135766617697229
31 0.6098809233753273 0.6856410300033793 0.011402425969107672 0.011203052411936303
19 0.6112793353755276 0.6433934163328406 0.005855779915426855 0.004119393384304434
22 0.6473382115671249 0.612316452500897 0.011205066563297984 0.010812140117155304
17 0.702506660642453 0.7293093066138273 0.012628454113433779 0.03372199080020666
32 0.7046998536868976 0.7058694324391798 0.0043866134307002915 0.005345746064820972
18 0.692355543697993 0.6637967836942172 0.008120729362578225 0.016892929728351914
32 0.7046596753693501 0.664768664219289 0.0043866134307002915 0.005345746064820972
19 0.7107794080041147 0.6509103170398438 0.006525104926185961 0.004904367044554827
23 0.7229606680011031 0.6220688317869734 0.010959564865883292 0.010696545935451694
22 0.742174214759117 0.6222475956665893 0.01111986325839314 0.010902560812928706
14 0.7036832683851277 0.567988488460075 0.005669116104180035 0.029882835484914855
17 0.7719242098060239 0.72913798513244 0.012628454113433782 0.034197467715114394
32 0.7741556391762312 0.7056353413742693 0.0043866134307002915 0.005345746064820972
18 0.7618728726722314 0.6637065257143966 0.008120729362578225 0.016892929728351914
32 0.7742762777028903 0.6646146817588248 0.0043866134307002915 0.005345746064820972
19 0.7800878688292042 0.6508096021383555 0.006525104926185961 0.004904367044554827
14 0.7731160442169122 0.5678852708686672 0.005669116104180035 0.029882835484914855
17 0.8107489994582009 0.7291946064516963 0.012628454113433782 0.034197467715114394
32 0.8129804288284082 0.7056919626935261 0.0043866134307002915 0.005345746064820972
18 0.8006976623244084 0.6637631470336536 0.008120729362578225 0.016892929728351914
32 0.813101067355068 0.6644671700245623 0.0043866134307002915 0.005345746064820972
19 0.8191344598402313 0.6507965106464928 0.006525104926185961 0.004904367044554827
14 0.8119408338690894 0.5679418921879241 0.005669116104180035 0.029882835484914855
17 0.8531639903187092 0.728993966993812 0.012628454113433782 0.034197467715114394
32 0.8553954196889175 0.7054913232356416 0.0043866134307002915 0.005345746064820972
18 0.843160678529449 0.663090337432286 0.008120729362578225 0.016892929728351914
32 0.8554438939112454 0.6645727301469567 0.0043866134307002915 0.005345746064820972
19 0.8613276493418893 0.6506655839997282 0.006525104926185961 0.004904367044554827
14 0.8543558247295993 0.5677412527300398 0.005669116104180035 0.029882835484914855
17 0.8889789445944775 0.7293227568975011 0.012340302046236564 0.0341974677151144
32 0.8911220073307446 0.7052984470384023 0.0043866134307002915 0.005345746064820972
18 0.8788872661712759 0.6632679627271836 0.008120729362578225 0.016892929728351914
32 0.8911704815530719 0.6643798539497177 0.0043866134307002915 0.005345746064820972
19 0.8970542369837166 0.650781459045936 0.006525104926185961 0.004904367044554827
14 0.890082412371425 0.5676604532341724 0.005669116104180038 0.02965868208217255
32 0.9297214867265343 0.6592345505283993 0.0043866134307002915 0.005345746064820972
32 0.9297223542792762 0.6959686087808484 0.0043866134307002915 0.005345746064820972
27 0.9628872158638474 0.6969267100498354 0.009188946614864305 0.008669852947731267
22 0.94537858394169 0.6185872352197385 0.011185467171421935 0.011023184890007382
4 0.22647431726842748 0.27361606555815354 0.005123665607554564 0.008879787828061972
4 0.3593832355199949 0.2885305462536818 0.005254873433612295 0.010457179605252885
4 0.4518397720931427 0.28849840158379136 0.005254873433612295 0.010457179605252885
4 0.5647646477177323 0.2735079721146489 0.005156467564069591 0.009390120461859983
2 0.5603238317617802 0.15515131614359765 0.01401154871121334 0.0176190935518973
4 0.7083804090237809 0.2664234562754784 0.00525487343361455 0.010271604102054717
2 0.22193720630911865 0.15529063744213398 0.014011548711213344 0.017444811524099758
1 0.4644759300416059 0.42516967791428834 0.0332169049535561 0.049372044096864964
27 0.10640656860774188 0.737093484020632 0.009371013193280348 0.009029297688318224
