1 0.536387772835685 0.6387745475663648 0.19081234318714824 0.14896410596659315
32 0.5703860763309786 0.943586086267427 0.03914882666913111 0.026234346865556923
32 0.5728483674974678 0.8333985565670139 0.03914882666913122 0.026234346865556923
25 0.7090288780490723 0.7187649397898987 0.13165518758966732 0.05163205325771758
25 0.8209458137001353 0.6556564785393588 0.13165518758966732 0.050118895443983735
25 0.3008591270631314 0.3708734973451909 0.10113091693070453 0.051336273380982456
24 0.1103136799193038 0.4515778190116945 0.09989761306569556 0.04902382863409571
31 0.552105604319218 0.41452176613407354 0.07970226227618116 0.04756698844355012
35 0.27664694708176774 0.5447281468365004 0.06851002970122222 0.050975532000470336
14 0.5061120246530095 0.24098646819255481 0.20818373093224152 0.03038667064097067
