1 0.45752454756636474 0.2719455604976484 0.14896410596659315 0.1908123431871483
10 0.8318703886859586 0.06732164536776632 0.10351115989476611 0.07286205968437401
2 0.9525795922216245 0.1820212817731819 0.05861870768413524 0.13857757832127313
32 0.7623360862674269 0.2379472570023547 0.026234346865556923 0.03914882666913114
32 0.6521485565670138 0.2354849658358655 0.026234346865556923 0.039148826669131165
25 0.5375149397898986 0.09930445528426096 0.05163205325771758 0.13165518758966738
25 0.1896234973451909 0.507474206270202 0.051336273380982345 0.10113091693070453
24 0.27032781901169456 0.6980196534140295 0.04902382863409582 0.09989761306569567
31 0.23327176613407358 0.2562277290141154 0.04756698844355001 0.07970226227618107
35 0.36347814683650037 0.5316863862515655 0.050975532000470336 0.06851002970122216
14 0.05973646819255479 0.3022213086803239 0.03038667064097067 0.20818373093224143
