15 0.9403050403513012 0.7494965959073338 0.0748751521753274 0.06873215406031638
15 0.09730384114641448 0.7565069583595794 0.07488434892409628 0.06902026094162035
20 0.5705497291729588 0.5918287194145168 0.030259701892020784 0.06360568147869246
20 0.5085833262814383 0.5918573032149814 0.029198389957964994 0.06376998537134494
17 0.16000246362594542 0.7432213039581486 0.013205780558548859 0.03647501051583958
13 0.651127744530179 0.10480932200912467 0.02900797310077443 0.04911632796128425
32 0.16229168109636308 0.7180789078506028 0.0045692863518159346 0.005679233447660213
12 0.5547601626227842 0.35032501410754485 0.032223683132742334 0.03246437456909445
14 0.2593789778888034 0.5689334715265995 0.004879055485310749 0.033613918108853016
14 0.7683472640702869 0.5674529205588454 0.004968370568358603 0.030766473625096408
14 0.0932169747458929 0.5773314789620864 0.005411517787492088 0.034446903559512305
3 0.6276274910482732 0.0808243956449401 0.02234960020958978 0.01606812247387434
29 0.6748865175217833 0.23714602864071804 0.014523256426421766 0.01843322978335557
18 0.2530486163108019 0.7327158657956109 0.006675792465809493 0.012304053730710595
18 0.08606437549230321 0.6690976412395968 0.00728378902124634 0.013907147486214393
3 0.627558378845597 0.2530066953144781 0.02265859802530067 0.01675741779326048
31 0.634311182290778 0.5064887212335576 0.011077424610381713 0.007630018954532015
32 0.9370722250906711 0.7090183278711883 0.005348957283900866 0.006944892820247934
3 0.6277525981137192 0.32780847223015486 0.02258616954184107 0.01636593127573364
32 0.09400560523282243 0.7166859642364497 0.004477437990735615 0.005407762712051713
18 0.4751474385027085 0.6627421322610734 0.007126522213286094 0.013697090169037722
1 0.6356330191613755 0.446613366030949 0.02422385277429122 0.036090940432708475
19 0.26568156477286203 0.7247394938107448 0.00612356097819804 0.0045124931127534
23 0.18770716355606154 0.6434248872712223 0.011670789969845432 0.011427418723415062
19 0.10024942343592443 0.6601676509076791 0.0067877564386500154 0.004750563114046486
16 0.5955854678397349 0.5801731043553655 0.007173824818575281 0.040234815431175595
24 0.708871594966554 0.09017103450332555 0.010403633471593505 0.009852666863757542
24 0.4988046479009155 0.6522092120652183 0.01010643400506267 0.009649034725975676
23 0.7443518974866339 0.16833726900934662 0.01218230569450511 0.011204030321617143
11 0.6174601598703214 0.11141225807427832 0.01447623535430349 0.010582404727864779
4 0.6296858793325651 0.3418002666214288 0.005915400827487743 0.010410907663067221
8 0.5373904771408591 0.2961855313549092 0.006154896839516002 0.005944429252580557
24 0.5867245502721828 0.4107995036951317 0.012267931736398539 0.011278351206906304
36 0.5932915019663659 0.4253184671266477 0.0254018351247774 0.011227317943526504
11 0.6176806497512289 0.4113647230408215 0.014328222625071687 0.010778225225785618
26 0.5857120257197106 0.45644030816543774 0.023637495260706888 0.011431085478204966
35 0.6728463493080974 0.4802015756714727 0.008483993629482938 0.011799008509678237
24 0.6955528079789393 0.5001281126610665 0.01273890432332395 0.011706095631177865
14 0.5291400779380485 0.5394722712961344 0.022176376626971937 0.007702060086736335
34 0.09723318799078509 0.6737370455703754 0.011112472120182506 0.00785853507159672
27 0.1278463203035892 0.6996259752424477 0.010129394646934664 0.009561704134860065
14 0.16148673794602675 0.5773102006964221 0.005411517787492088 0.034446903559512305
18 0.15433413869243715 0.6690763629739328 0.00728378902124634 0.013907147486214393
19 0.16851918663605836 0.6601463726420148 0.0067877564386500154 0.004750563114046486
34 0.16552535536858065 0.6737157673047116 0.011067663764859232 0.00785853507159672
17 0.22562917658320167 0.7432003528429709 0.013205780558548859 0.03647501051583958
32 0.22791839405361933 0.7180579567354249 0.0045692863518159346 0.005679233447660213
14 0.227113450903283 0.5772892495812443 0.005411517787492088 0.034446903559512305
18 0.21996085164969345 0.6690554118587548 0.00728378902124634 0.013907147486214393
19 0.2341458995933147 0.6601254215268368 0.0067877564386500154 0.004750563114046486
34 0.231152068325837 0.6736948161895339 0.011067663764859232 0.00785853507159672
23 0.29196967863201384 0.6371224542808256 0.011670789969845432 0.011340997883185308
17 0.3579664942041581 0.7432099896032824 0.013205780558548859 0.03647501051583958
32 0.3602557116745757 0.7180675934957361 0.0045692863518159346 0.005679233447660213
14 0.3594507685242395 0.5772988863415557 0.005411517787492088 0.034446903559512305
18 0.35229816927065 0.6690650486190662 0.00728378902124634 0.013907147486214393
19 0.3664832172142712 0.660135058287148 0.0067877564386500154 0.004750563114046486
34 0.36348938594679375 0.6737044529498454 0.011067663764859232 0.00785853507159672
17 0.3982027786326126 0.7432035008419375 0.013205780558548859 0.03647501051583958
32 0.40049199610303027 0.7180611047343912 0.0045692863518159346 0.005679233447660213
14 0.399687052952694 0.5772923975802102 0.005411517787492088 0.034446903559512305
18 0.39253445369910445 0.6690585598577211 0.00728378902124634 0.013907147486214393
19 0.4067195016427255 0.6601285695258028 0.0067877564386500154 0.004750563114046486
34 0.40372567037524837 0.6736979641885003 0.011067663764859232 0.00785853507159672
17 0.4384147472307331 0.7432820133185775 0.013205780558548859 0.03647501051583958
32 0.4407039647011508 0.7181396172110311 0.0045692863518159346 0.005679233447660213
14 0.43989902155081445 0.5773709100568502 0.005411517787492088 0.034446903559512305
18 0.43274642229722504 0.669137072334361 0.00728378902124634 0.013907147486214393
19 0.4469314702408459 0.6602070820024426 0.0067877564386500154 0.004750563114046486
34 0.4439376389733688 0.6737764766651401 0.011067663764859232 0.00785853507159672
16 0.4815637993190602 0.5802604126025485 0.007203801679917431 0.04027968722009387
19 0.48942057631993807 0.6537255145660394 0.0067877564386500154 0.004750563114046486
34 0.48639177882633783 0.667243652860883 0.011067663764859232 0.00785853507159672
32 0.4830578450000232 0.7586127444257136 0.0045692863518159346 0.005679233447660213
23 0.5372501829793156 0.641047372838688 0.011670789969845432 0.011340997883185308
23 0.6586096998729221 0.646551259625144 0.011670789969845432 0.011340997883185308
23 0.7988800195927083 0.6370518480746717 0.011670789969845432 0.011340997883185308
24 0.5658052801456835 0.6643263449617213 0.009963861965396923 0.00964903472597568
18 0.589207184526131 0.6691796746186855 0.007126522213286094 0.013697090169037722
19 0.6034803223433606 0.6601630569236516 0.0067877564386500154 0.004750563114046486
34 0.6004515248497602 0.6736811952184953 0.011067663764859232 0.00785853507159672
32 0.5971897553277775 0.7586200955974877 0.0045692863518159346 0.005679233447660213
18 0.6251561324500627 0.6691492462926408 0.007126522213286094 0.013697090169037722
19 0.6394292702672923 0.660132628597607 0.0067877564386500154 0.004750563114046486
34 0.636400472773692 0.6736507668924506 0.011067663764859232 0.00785853507159672
14 0.6323387940852286 0.577298462809218 0.005743198678321704 0.03450530721707117
17 0.630890683708801 0.7433636537845137 0.013205780558548859 0.03647501051583958
32 0.6331799011792182 0.7182212576769674 0.0045692863518159346 0.005679233447660213
18 0.6895416213973496 0.6691935200811717 0.007126522213286094 0.013697090169037722
19 0.7038147592145794 0.6601769023861381 0.0067877564386500154 0.004750563114046486
34 0.7007859617209785 0.6736950406809814 0.011067663764859232 0.00785853507159672
14 0.6967242830325153 0.577342736597749 0.005743198678321704 0.03450530721707117
17 0.6952761726560881 0.7434079275730449 0.013205780558548859 0.03647501051583958
32 0.6975653901265051 0.7182655314654984 0.0045692863518159346 0.005679233447660213
18 0.7256137341964163 0.669175450130487 0.007126522213286094 0.013697090169037722
19 0.7398868720136461 0.660158832435453 0.0067877564386500154 0.004750563114046486
34 0.7368580745200453 0.6736769707302966 0.011067663764859232 0.00785853507159672
14 0.7327963958315823 0.5773246666470639 0.005743198678321704 0.03450530721707117
17 0.7313482854551547 0.7433898576223598 0.013205780558548859 0.03647501051583958
32 0.7336375029255722 0.7182474615148134 0.0045692863518159346 0.005679233447660213
18 0.7621481646793835 0.7327091509714663 0.006675792465809493 0.012304053730710595
19 0.774781113141444 0.7247327789866007 0.00612356097819804 0.0045124931127534
31 0.77251318060241 0.7488822468914043 0.0107719286197266 0.007788822260477845
18 0.8527998744752865 0.6691746859620816 0.007126522213286094 0.013697090169037722
19 0.8670730122925159 0.6601580682670479 0.0067877564386500154 0.004750563114046486
34 0.8640442147989156 0.6736762065618913 0.011067663764859232 0.00785853507159672
14 0.8599825361104523 0.5773239024786587 0.005743198678321704 0.03450530721707117
17 0.858534425734025 0.7433890934539547 0.013205780558548859 0.03647501051583958
32 0.860823643204442 0.7182466973464084 0.0045692863518159346 0.005679233447660213
18 0.8885959751814425 0.6691746859620816 0.007126522213286094 0.013697090169037722
19 0.902869112998672 0.6601580682670477 0.0067877564386500154 0.004750563114046486
34 0.8998403155050716 0.6736762065618913 0.011067663764859232 0.00785853507159672
14 0.8957786368166084 0.5773239024786586 0.005743198678321704 0.03450530721707117
17 0.8943305264401811 0.7433890934539547 0.013205780558548859 0.03647501051583958
32 0.8966197439105983 0.7182466973464084 0.0045692863518159346 0.005679233447660213
18 0.928891893694833 0.6691315601140181 0.007126522213286094 0.013697090169037722
19 0.9431650315120627 0.6601149424189842 0.0067877564386500154 0.004750563114046486
34 0.940136234018462 0.6736330807138282 0.011067663764859232 0.00785853507159672
14 0.9360745553299988 0.5772807766305952 0.005743198678321704 0.03450530721707117
27 0.9707390674299502 0.6999432152180792 0.010030350339124255 0.009777221759440237
4 0.6294022716978137 0.24138355284561885 0.0059154008274877445 0.010140397222076708
