17 0.17614725950516785 0.22501083197457963 0.17591358646042754 0.12134698880187972
32 0.2962185057711593 0.24753874222488909 0.02857408341238854 0.04345066163012726
18 0.7283918926511272 0.16613539405699856 0.0736048695697854 0.07428376901121395
19 0.7768043158303342 0.3095806313162598 0.02578916045270463 0.06960267777764478
34 0.7045616129224535 0.2779095623981675 0.04128000539904797 0.1123733480307427
33 0.45749990429548254 0.24691812550906606 0.04952562914416847 0.04775352565313254
18 0.7277467846897021 0.5710426163983613 0.0736048695697854 0.07428376901121403
19 0.776159207868909 0.7144878536576206 0.02578916045270463 0.06960267777764484
34 0.7039165049610269 0.6828167847395301 0.04128000539904808 0.11237334803074261
32 0.5133541185911742 0.6505079462132225 0.028574083412387763 0.04345066163012534
