18 0.15625939681589357 0.713375820241778 0.07360486956978461 0.07428376901121214
19 0.10784697363668413 0.5699305829825156 0.025789160452704615 0.0696026777776444
34 0.1800896765445678 0.6011502318534262 0.04128000539904805 0.1114705079363636
17 0.7083110405428197 0.6553285362451872 0.1759135864604282 0.12134698880187833
32 0.5882397942768285 0.6328006259948782 0.02857408341238854 0.0434506616301249
33 0.4274210421756838 0.6337372875084685 0.049525629144168415 0.047753525653132955
18 0.12201946538542785 0.28882135576405166 0.07360486956978463 0.07428376901121303
19 0.07360704220621983 0.14537611850478954 0.0257891604527046 0.06960267777764384
34 0.1458497451141028 0.1765957673756972 0.04128000539904805 0.11147050793636304
32 0.6315920558680106 0.20893327012878776 0.03144075045399719 0.047018069504132565
