32 0.5690283646960039 0.04449374893170055 0.02857408341238854 0.0434506616301249
34 0.9773714718472981 0.07486456910497641 0.04128000539904797 0.11237334803074273
17 0.5331095348404014 0.4238524193338572 0.3421090131437111 0.1311961534678232
32 0.7414148480595021 0.4476031684978809 0.029652855953151702 0.045176697695329504
34 0.9774119395131855 0.47902581183655096 0.04128000539904808 0.1119219279835525
34 0.9777228234554322 0.8821831014799071 0.04128000539904808 0.1114705079363636
17 0.44950145945718023 0.8280047970881462 0.1759135864604282 0.12134698880187833
32 0.5695727057231714 0.8505327073384552 0.02857408341238843 0.0434506616301249
33 0.7303097632203266 0.04387313221587591 0.04952562914416847 0.04775352565313351
33 0.7303914578243162 0.8495960458248648 0.04952562914416836 0.047753525653133067
