32 0.8970225469255912 0.8647990843119202 0.04517669769532895 0.029652855953150925
14 0.9059331886857099 0.11691104455487658 0.056955208327114315 0.18345619128908802
19 0.8341545446924197 0.5565592899503549 0.06960267777764473 0.02578916045270463
34 0.8655999035869201 0.6288019928582387 0.1119219279835515 0.04128000539904797
14 0.5476146793436982 0.11635993877418542 0.05695520832711243 0.18345619128908766
18 0.619281272609668 0.6044206073488727 0.07428376901121392 0.07360486956978529
19 0.47583603535040686 0.5560081841696658 0.06960267777764484 0.02578916045270463
34 0.5075071042684991 0.6282508870775466 0.11237334803074261 0.04128000539904808
33 0.5384985411576007 0.8753125957045174 0.04775352565313262 0.04952562914416847
14 0.1427074570023374 0.11700504673561056 0.05695520832711243 0.18345619128908766
18 0.21437405026830542 0.6050657153102978 0.07428376901121403 0.07360486956978529
19 0.07092881300904613 0.5566532921310909 0.06960267777764473 0.02578916045270463
34 0.10259988192713648 0.6288959950389732 0.11237334803074261 0.04128000539904797
32 0.13490872045344415 0.8194583814088258 0.04345066163012534 0.028574083412387763
