32 0.4117101519404979 0.9253134981687857 0.02965285595315159 0.04517669769532939
19 0.10347035757892936 0.862445495935614 0.02578916045270463 0.0696026777776444
34 0.1757130604868145 0.8938908548301157 0.04128000539904797 0.1119219279835525
18 0.15157189681589356 0.6029591535751114 0.07360486956978463 0.07428376901121214
19 0.10315947363668415 0.45951391631584904 0.02578916045270463 0.0696026777776444
34 0.1754021765445678 0.4907335651867596 0.04128000539904808 0.1114705079363636
17 0.7036235405428197 0.5449118695785204 0.1759135864604282 0.12134698880187833
32 0.5835522942768285 0.5223839593282115 0.02857408341238854 0.0434506616301249
33 0.42273354217568376 0.5233206208418018 0.04952562914416847 0.047753525653133067
18 0.1173319653854279 0.178404689097385 0.07360486956978463 0.07428376901121292
19 0.06891954220621982 0.034959451838122824 0.02578916045270463 0.06960267777764384
34 0.1411622451141028 0.06617910070903055 0.04128000539904808 0.11147050793636315
32 0.6269045558680104 0.0985166034621211 0.03144075045399719 0.047018069504132676
