18 0.858644524615718 0.40053275679787886 0.06123745494472144 0.0714297953165598
19 0.7216729625804841 0.35396774946213194 0.0643925801463664 0.02365098333112098
34 0.7581009686507236 0.4125814023840725 0.09804376355199762 0.04572165153040969
18 0.17875543308739383 0.40089824850154054 0.050662669487272716 0.07142979531655907
19 0.0470712637808835 0.3543332411658021 0.06439258014636617 0.023650983331121755
34 0.08349926985112383 0.412946894087742 0.09804376355199762 0.04572165153041041
32 0.10986638312873254 0.5987631070567471 0.047122607294760144 0.029063341110060703
32 0.7829247947334879 0.7930337297532848 0.04712260729475992 0.029063341110060703
17 0.13233926708078975 0.7440495769094188 0.1305454518636061 0.20009607666015583
23 0.5249239815182016 0.27697579403335015 0.11061566243489529 0.04434633911132907
33 0.7837643568510209 0.6069405440381004 0.04381672571914785 0.043816725719148075
