18 0.9634952080664498 0.8105153611322014 0.048298465818051306 0.07142979531655913
19 0.8317594020791242 0.8570803684679569 0.06523207900936545 0.0236509833311217
34 0.867767658717866 0.7984667155460243 0.09804376355199762 0.045721651530409635
18 0.6001207237996397 0.811074972760947 0.04829846581805186 0.07142979531655902
19 0.4694188761456504 0.8576399800967025 0.0652320790093649 0.0236509833311217
34 0.5043931744510566 0.7990263271747722 0.09804376355199773 0.045721651530409746
18 0.23871541398967178 0.8106243426988389 0.04649594556962322 0.07142979531655902
19 0.10581295145988912 0.8571893500345955 0.06523207900936501 0.023650983331121034
34 0.14388912476530297 0.7985756971126652 0.09804376355199762 0.04572165153041041
32 0.16844630873076083 0.6121956580695749 0.047122607294760144 0.029063341110060814
32 0.5314331686760577 0.6125680796085057 0.0471226072947597 0.029063341110060037
32 0.8937397386102399 0.4183465228403058 0.0471226072947597 0.029063341110060037
17 0.9174884908540544 0.25687031187125875 0.13054545186360633 0.20009607666015583
17 0.5552113863374984 0.46703380228323144 0.13054545186360644 0.20009607666015583
17 0.1920703869651788 0.4668815742097287 0.13054545186360633 0.2000960766601566
33 0.8946398065006989 0.6041528720930252 0.043816725719147964 0.043816725719148075
