19 0.25229463153204323 0.1286572645875424 0.023650983331121728 0.06523207900936541
34 0.31090828445397567 0.09264900794880072 0.04572165153040969 0.09804376355199765
18 0.298300027239053 0.360295942867027 0.07142979531655913 0.04829846581805175
19 0.25173501990329755 0.4909977905210162 0.023650983331121728 0.06523207900936495
34 0.3103486728252278 0.45602349221561006 0.045721651530409746 0.09804376355199762
18 0.2987506573011611 0.7217012526769948 0.07142979531655913 0.04649594556962311
19 0.2521856499654046 0.8546037152067776 0.02365098333112098 0.0652320790093649
34 0.31079930288733487 0.8165275419013637 0.04572165153041041 0.09804376355199773
32 0.4971793419304252 0.7919703579359059 0.029063341110060814 0.047122607294760144
32 0.4968069203914943 0.428983497990609 0.029063341110060037 0.047122607294759644
32 0.6910284771596942 0.06667692805642673 0.029063341110060037 0.04712260729475967
17 0.6423411977167686 0.40520528032916825 0.20009607666015583 0.13054545186360633
17 0.6424934257902712 0.7683462797014878 0.2000960766601566 0.13054545186360644
33 0.5052221279069748 0.06577686016596782 0.043816725719148075 0.043816725719148054
