12 0.287938771568204 0.2809767182871654 0.0064766744830051 0.0177144037846955
0 0.2895388019249786 0.5726729649265437 0.018306739339348406 0.04306213730387905
13 0.34862066126132135 0.3945557217216306 0.0264101620372926 0.03277828418513715
12 0.2973011299051265 0.5384258619254535 0.009196511571130484 0.006896250954783881
8 0.34215474503969145 0.2625747473957281 0.03799735283113992 0.03306237196281038
33 0.3558273014295869 0.16288891970655325 0.0113585868499358 0.014671490087316502
27 0.4309196499706436 0.16037885412735975 0.010034600435797202 0.0091802570351895
2 0.31780312690019596 0.16212002683443186 0.010837591407625984 0.0098441138629777
5 0.31513202602119156 0.17553353011657774 0.00536013742965717 0.013988238949443399
4 0.31612059267921405 0.2512829102273227 0.022987389184586 0.0104302731271273
2 0.319684163419762 0.28128276788848416 0.0147494934542901 0.0122548169465943
26 0.34706738951465177 0.22224298051241564 0.0099625634777475 0.009154896723163301
25 0.3705397527985351 0.2222917276436154 0.0098686740246121 0.0093212849745408
34 0.3484070059960589 0.09200423732598695 0.0381075348456658 0.0120755221159797
5 0.31551932001537614 0.3676681919001982 0.00625111741027024 0.0122106466387085
2 0.3176306771157521 0.38765335262905765 0.0104401798056722 0.0179771748163613
2 0.3174416201235619 0.41082835253978467 0.0099280555158418 0.0175771748163613
5 0.3155158712113461 0.4820352618182302 0.006151117410270241 0.0121106466387085
2 0.3196141756035011 0.5018138087655641 0.014349493454290102 0.0100548169465943
4 0.2895562426324176 0.4243768167540598 0.0199425715889492 0.012399462554387699
33 0.35578665259583603 0.3626295225530054 0.011440451124383999 0.0148350404477508
27 0.3858359568224622 0.37735067898723307 0.014748070242012402 0.0094641910783561
25 0.3795063923762607 0.4441300250751399 0.010188843703620408 0.009825538985433974
33 0.35582509191430056 0.5090825949993373 0.0113792669822669 0.0147556350445579
30 0.33233144301855844 0.5837055276118533 0.021705096604179522 0.00949023804683795
7 0.5506491030078154 0.11190719913799028 0.0261688910698589 0.034573441981475
27 0.5168184314721502 0.06636965862373051 0.014802721061145501 0.0094578016831657
40 0.5133541608308483 0.08163029558161998 0.0215417928758144 0.0096693472470076
32 0.8296322070217411 0.5088979225266835 0.028735957216078002 0.02100767122686907
34 0.5085588881510312 0.5941906184571202 0.03808503276752593 0.01204459790136375
40 0.5682074916297118 0.5887886144721081 0.021603027615975875 0.00956378546190458
27 0.5646392745334466 0.604228721723364 0.014549466934023082 0.009483176481117942
7 0.5455320205443941 0.5525061682939628 0.026304395905979727 0.03489332403788493
32 0.8022324488661897 0.07897984117538813 0.027079014902042686 0.019218029085760563
36 0.3548717649281315 0.6136844158077005 0.00434889751152129 0.004190777318295459
36 0.4008057407567022 0.6327800326753333 0.004380669895815506 0.004178526391968219
12 0.45577688209039513 0.2810448730688347 0.0064766744830051 0.0177144037846955
8 0.5124351726999966 0.3946238765032996 0.03445736020432214 0.032778284185137105
8 0.5099928555618825 0.2626429021773974 0.03799735283113992 0.03306237196281038
33 0.5236654119517778 0.1629570744882226 0.0113585868499358 0.014671490087316502
27 0.5996619994770787 0.1603641713155582 0.0097346004357972 0.0091802570351895
2 0.485641237422387 0.16218818161610124 0.010837591407625984 0.0098441138629777
5 0.48297013654338256 0.17560168489824704 0.00536013742965717 0.0139882389494434
4 0.4839587032014049 0.25135106500899196 0.022987389184586 0.0104302731271273
2 0.4875222739419531 0.28135092267015344 0.0147494934542901 0.0122548169465943
26 0.5149055000368431 0.22231113529408492 0.0099625634777475 0.009154896723163301
25 0.5383778633207261 0.22235988242528465 0.0098686740246121 0.0093212849745408
5 0.48335743053756713 0.3677363466818677 0.00625111741027024 0.0122106466387085
2 0.4854687876379431 0.387721507410727 0.0104401798056722 0.0179771748163613
4 0.48118297521526565 0.4113103858623798 0.01812156637682023 0.018404931898212455
5 0.48335398173353716 0.4821034165998995 0.006151117410270241 0.0121106466387085
2 0.48745228612569214 0.5018819635472336 0.014349493454290102 0.0100548169465943
33 0.523624763118027 0.3626976773346747 0.011440451124383999 0.0148350404477508
27 0.5536740673446533 0.37741883376890234 0.014748070242012402 0.0094641910783561
25 0.5473445028984518 0.4441981798568092 0.010188843703620408 0.009825538985433974
33 0.5236632024364916 0.5091507497810065 0.0113792669822669 0.0147556350445579
12 0.45566633865176265 0.38315054259869075 0.006486135164770071 0.017799813473066424
12 0.628188242485194 0.28095661248318043 0.0064766744830051 0.0177144037846955
8 0.6847928851070155 0.3945356159176452 0.03456465617988386 0.03277828418513709
8 0.6824042159566812 0.2625546415917431 0.03799735283113992 0.03306237196281038
33 0.6960767723465767 0.16286881390256824 0.0113585868499358 0.014671490087316502
27 0.7699733598718775 0.16027591072990394 0.0097346004357972 0.0091802570351895
2 0.6580525978171856 0.162099921030447 0.010837591407625984 0.0098441138629777
5 0.6553814969381813 0.1755134243125928 0.00536013742965717 0.0139882389494434
4 0.6563700635962035 0.2512628044233377 0.022987389184586 0.0104302731271273
2 0.6599336343367519 0.2812626620844992 0.0147494934542901 0.0122548169465943
26 0.6873168604316419 0.2222228747084306 0.0099625634777475 0.009154896723163301
25 0.7107892237155252 0.2222716218396304 0.0098686740246121 0.0093212849745408
5 0.655768790932366 0.36764808609621363 0.00625111741027024 0.0122106466387085
2 0.6578801480327418 0.3876332468250727 0.0104401798056722 0.0179771748163613
4 0.653539518732995 0.4113783273706835 0.01823120013096238 0.018717336086129036
5 0.6557653421283359 0.48201515601424516 0.006151117410270241 0.0121106466387085
2 0.6598636465204909 0.5017937029615791 0.014349493454290102 0.0100548169465943
33 0.6960361235128257 0.3626094167490203 0.011440451124383999 0.0148350404477508
27 0.7260854277394518 0.37733057318324803 0.014748070242012402 0.0094641910783561
25 0.7197558632932508 0.44410991927115473 0.010188843703620408 0.009825538985433974
33 0.6960745628312901 0.509062489195352 0.0113792669822669 0.0147556350445579
12 0.6280776990465615 0.38306228201303655 0.006486135164770071 0.017799813473066424
26 0.6928266709231639 0.4441469216686413 0.010169679090434869 0.009940511216496972
26 0.5204853925236168 0.4441448395400788 0.010169679090434869 0.009940511216496972
