23 0.5298890653692044 0.3892532145626316 0.22714380928225375 0.019285014444684334
23 0.3496738392052887 0.15596439255919242 0.22022459860779187 0.01888713987209434
23 0.4279942315570793 0.5833791859182487 0.22070285143996804 0.01940621227730599
23 0.3494039984808953 0.9711521451855436 0.22271787109375005 0.018943527566183893
25 0.5766653040422336 0.9070367806566906 0.20884375917616282 0.01787344752574782
19 0.7879451642307964 0.8569202476229617 0.09476907783173882 0.010895997168164362
19 0.7865013966712366 0.7924911559989642 0.09476907783173882 0.010895997168164473
19 0.787165895824224 0.7279757374741743 0.09476907783174127 0.010895997168164362
18 0.8325845937816224 0.6830589990529063 0.26277726562499937 0.011503411627434956
34 0.919386103734938 0.6649609782000281 0.14270171215237293 0.017819894124921465
19 0.6644554408793901 0.660225775380942 0.09476907783174127 0.010895997168164473
24 0.6377325976328848 0.6451468595890968 0.17935993435129505 0.016199903749928635
24 0.7536776722607202 0.5673020737477201 0.18459694981761965 0.01632050954931019
18 0.8331237795294075 0.500468147452181 0.26277726562500203 0.011503411627435067
34 0.9199252894827243 0.48237012659930345 0.14270171215237293 0.017819894124921465
19 0.6649946266271778 0.4776349237802168 0.09476907783173882 0.010895997168164695
19 0.7879378369577239 0.4199492661051632 0.09476907783174138 0.010895997168164473
19 0.7873184597175901 0.3170224734076497 0.09476907783173871 0.010895997168164473
19 0.7864364706924157 0.25909749326296333 0.09476907783173871 0.010895997168164473
25 0.5781186581485145 0.10542355733476017 0.21333334159267003 0.01773889460617184
19 0.788001798161838 0.05574793362345387 0.09476907783174138 0.010895997168164584
