20 0.2415314667641712 0.17306741061229436 0.3498988052856552 0.14191622270277082
0 0.8863309587053968 0.49565303847589254 0.17056606399181584 0.0804971773932287
29 0.3803229097329104 0.9607395153702847 0.17039727304762953 0.04173217105920013
31 0.9204715463501851 0.3662193122196542 0.1261295626736999 0.01820267289722155
23 0.6256299647781791 0.06337322765995146 0.13975265100419554 0.025965041345878515
24 0.14385753101934579 0.3813201427796126 0.14894573299416825 0.02673359769174788
4 0.9057766806261136 0.9545577306704862 0.06957142001657113 0.022764881806392467
35 0.4032260993969923 0.43188576732926814 0.09969350840063762 0.02746042508198754
4 0.9031067674987737 0.7288330305252029 0.06880552496439374 0.023411236694516835
25 0.5634715058530482 0.39841659222489917 0.09812097814195297 0.01579439142824557
14 0.7199595618866323 0.28963405197343833 0.254006332573983 0.017054369261444546
24 0.5098516246148769 0.025057528753640756 0.1175311515025863 0.02171728821383767
