14 0.057257539460000506 0.17913561832476516 0.01470393203382836 0.29752684681566455
23 0.12655246673349085 0.7481217508900286 0.03179621498770979 0.10253023239715098
16 0.9034386088120525 0.2047455827234956 0.019179667517532972 0.3477147542523728
23 0.4106876281671137 0.6933992904469903 0.03129120642533012 0.1014916880933544
19 0.07577631265652673 0.8929589194448764 0.017998173540152873 0.043185908885349344
14 0.2306749265695877 0.17930396370954177 0.01470393203382836 0.29752684681566455
19 0.24919369976611372 0.8931272648296531 0.017998173540152873 0.043185908885349344
25 0.36416254059273645 0.33047497312697627 0.02983656035289073 0.09791242332664146
25 0.5165943606644434 0.7969614043736759 0.02952363196909824 0.09516930797901091
14 0.5808588375780872 0.1794175332129104 0.01470393203382836 0.2975268468156634
19 0.5993776107746127 0.8932408343330211 0.017998173540152984 0.043185908885349344
14 0.68728378925403 0.17875961381868036 0.01470393203382847 0.29752684681566394
19 0.7058025624505557 0.8925829149387914 0.017998173540152873 0.04318590888534923
14 0.7938513370152751 0.17906242355928365 0.01470393203382836 0.29752684681566455
19 0.812370110211801 0.8928857246793933 0.01799817354015265 0.043185908885350455
18 0.8865642606403314 0.9135828528625115 0.01900150996544958 0.11974660205696175
34 0.9164588462405476 0.9531379713222503 0.02943517164859144 0.06502862832260037
19 0.9242805261446818 0.8369670363501018 0.017998173540152873 0.043185908885350455
24 0.9491881081704853 0.8247895381618209 0.026759246953264926 0.08173364097021041
