20 0.7652789152309871 0.11880801526426904 0.11038648956078423 0.22525762054643506
0 0.5148049015398092 0.07101912385374276 0.06254986359148806 0.11325803930666756
16 0.7454923845483905 0.3257143458275295 0.06975486436246181 0.055523305010947266
31 0.615380625852681 0.09368890896182674 0.0141442811237934 0.08375163636135807
4 0.15821567906254752 0.08393133092530147 0.017689319026805705 0.04619630915113082
25 0.3539314576760572 0.5441888753596857 0.019392770042879648 0.1204874467644953
25 0.37444426636279377 0.5436030873565858 0.019516305621754992 0.12319873798047754
25 0.49601823400098294 0.5008992628389651 0.019392770042879648 0.12048744676449519
25 0.5161935368373677 0.5005780246047107 0.01951630562175488 0.12319873798047831
26 0.5282350379862222 0.41738657155794084 0.02016597455854241 0.1820102409666725
11 0.4528460348590469 0.17400709867328867 0.01809875122513549 0.11203682710666585
4 0.33361374469092914 0.08215847459711573 0.01819156533398203 0.045687745079860176
14 0.7402793537117212 0.9514618967136521 0.05968669603463039 0.042566478403662455
32 0.9836190120189989 0.9452464185090319 0.010136928048819271 0.03635697900079604
34 0.9067840379455664 0.9204948336474581 0.013045357129216173 0.08521200964512621
19 0.8834790509907682 0.8978518176192511 0.008663501274613017 0.05210299282802211
14 0.7403401002061539 0.642959027557691 0.059686696034630504 0.04256647840366212
32 0.9836797585134318 0.6367435493530702 0.01013692804881916 0.03635697900079615
18 0.8989096540227333 0.6985339336335263 0.024022299549263715 0.055007555919088236
34 0.9068447844399987 0.6119919644914985 0.013045357129216506 0.08521200964512654
19 0.8835397974852008 0.5893489484632892 0.008663501274613128 0.052102992828021555
18 0.8876918369124895 0.37456397158579224 0.024022299549263493 0.0550075559190879
34 0.8956269673297557 0.28802200244376525 0.013045357129216395 0.08521200964512621
19 0.8723219803749569 0.26537898641555485 0.008663501274613128 0.05210299282802222
24 0.8698790592046315 0.19327391615614298 0.01639654046888428 0.07746546331375126
