0 0.6036658813222873 0.6093912873388687 0.20058742900918547 0.12369747597319514
31 0.926196176390764 0.584631939429518 0.045358452007734584 0.09147135240857884
25 0.08777042372012459 0.09260762830281277 0.06218951826454387 0.13159324620539653
25 0.15355172714713478 0.09324741067837236 0.06258567714859198 0.1345544477421564
25 0.5434200370487546 0.13988741380370417 0.062189518264543775 0.13159324620539653
25 0.6081190130826987 0.14023826182302915 0.06258567714859153 0.1345544477421572
26 0.646734185333667 0.23109779662889235 0.06466906173578169 0.198786837090557
11 0.4049736850773016 0.49691050788378194 0.05803980645324386 0.12236369986606277
35 0.762564781736514 0.9597473331329638 0.06842744360820996 0.07229946609228854
25 0.8459651692115705 0.8435345774943981 0.03935735974790844 0.07115903980033811
