25 0.965512394725476 0.7647541333411292 0.03912332399019458 0.15537190260390765
25 0.924810374966417 0.7651683789491617 0.03937254689470815 0.1588681877859145
26 0.9005176334068938 0.8724460637815464 0.040683200723124924 0.23470725118494928
14 0.4727356071123169 0.1837411270304446 0.12041301689773287 0.05489065387577016
18 0.15283452979177947 0.11207574506817705 0.048463020299692516 0.07093376820777703
34 0.13682605459547104 0.22367401328418127 0.02631793871662569 0.10988324857728798
19 0.18384195553194405 0.25287281013369667 0.01747790369847646 0.06718825358521141
14 0.4726130560390194 0.5815641287346407 0.1204130168977331 0.054890653875769746
18 0.15271197871848163 0.5098987467723726 0.04846302029969296 0.07093376820777703
34 0.13670350352217464 0.6214970149883756 0.026317938716626132 0.10988324857728837
19 0.1837194044586472 0.650695811837894 0.017477903698476904 0.06718825358521052
18 0.17534300524519264 0.9276669935197588 0.048463020299692516 0.07093376820777653
