20 0.8933011290215642 0.15374975550601794 0.21101245941228297 0.2779196224840347
20 0.8929389544118693 0.7230693973065921 0.21122545961631112 0.26945102038697377
0 0.4136548601864765 0.6659047805336199 0.11968968067214758 0.13547818797064237
31 0.6061073394596007 0.6930221615771947 0.027065198768463583 0.10018290978082445
24 0.5836542094724904 0.07616874368584226 0.039749664206388924 0.11830546792108221
11 0.29509605698490105 0.7890980151749054 0.03463210997307259 0.13401738556759268
35 0.5084691700546352 0.2821814922829444 0.040830369655433296 0.07918512952964929
4 0.06694408483619 0.6792295658037879 0.03480971053703667 0.05465124554314693
25 0.5582338327462627 0.4094621294108973 0.023484372094475958 0.07793609120989409
14 0.7199804669393968 0.5337583567747155 0.025357808522847747 0.2017536013016209
