13 0.0987222929187882 0.43572521995907565 0.07063724084779133 0.3342776441592259
0 0.6535532217583535 0.20571426242821317 0.05834234079187106 0.1693477349633029
3 0.05643488365907001 0.16831137369791427 0.018867460391624125 0.27331030877976215
29 0.31647017597511334 0.7081079681937532 0.03024643378520897 0.16918014966871786
31 0.7473635491728703 0.17181753612374484 0.013192842033514451 0.1252286372260305
23 0.9668588165231049 0.46455310639880787 0.018818812533962226 0.13875441778273712
4 0.3209505789077006 0.18640743852121583 0.016499416941629708 0.06907448130216698
25 0.23243493680983263 0.7856205775236542 0.018549185425699166 0.18131571351836462
25 0.2549670761612952 0.7850486036639733 0.018549185425699166 0.18131571351836584
3 0.3429268345975575 0.2050125088601839 0.018352473585531937 0.2463622095269805
35 0.6997701449484697 0.6853683727415576 0.01990262926359121 0.09898141191206167
4 0.484550195782302 0.18905828084050313 0.016967878798015534 0.06831405692893378
3 0.45184340144971186 0.20559212425699308 0.018589619687313985 0.24640450811369485
25 0.7240277659383725 0.5262675763316165 0.011447379860358042 0.09742011401236761
14 0.8028706302608429 0.37089729212684364 0.012360580279493272 0.25219200162702604
