20 0.33550773016276847 0.18744671893049775 0.4260897159733772 0.13756392275011653
0 0.42590358499954684 0.4995880689038706 0.21423508639935895 0.0779497983617975
31 0.3830221842529302 0.3742503466430829 0.15842176998473745 0.017626638944777895
23 0.753350315323793 0.0809879989365353 0.17553269719502873 0.025143362822274806
4 0.40147928969551394 0.9439704607125595 0.08738337996057277 0.022044474154291338
3 0.4250158244616784 0.9146085140282001 0.3116630361485899 0.024520298569023935
11 0.23109500612402012 0.576801365419327 0.21192508259935594 0.022554709596387168
4 0.4048327649187089 0.7253889472807344 0.08642139731973542 0.02267037477380418
3 0.4257490728552322 0.7690877085694039 0.3117165464088911 0.02483714377210111
25 0.8314228375279485 0.40542872538233893 0.12324231290721221 0.015294568914693607
19 0.05825902569587821 0.054049380152980886 0.09855626354216251 0.010796477221337586
24 0.19465054413838018 0.057093754700051125 0.14653105711155356 0.02043341024255263
14 0.6348700683532359 0.300088670581874 0.3190380743474426 0.016514674031652077
24 0.8987707004084227 0.04388482214751288 0.14762195836318825 0.0210300322577035
