13 0.9028971424795253 0.36661719859347985 0.16016671904370317 0.2416464897536572
29 0.40916375780508657 0.5635203900884275 0.06858240786313241 0.12229890337497684
4 0.3990046486851171 0.18638747707213538 0.03741167471942042 0.04993335997747017
11 0.9128493440490137 0.08727122176003788 0.03806788959341656 0.1205886611947608
24 0.9463484219339193 0.7928577216020993 0.03667911658417489 0.08884588480532096
25 0.5997098264172324 0.6195536016522112 0.04205943118544675 0.13107160013375763
25 0.548619229026322 0.6191401265729239 0.04205943118544675 0.1310716001337584
3 0.34917449212089824 0.19983692550994359 0.04161339606773118 0.17809316351347992
4 0.02804998571810996 0.18830374862824673 0.03847389059356676 0.049383655611277416
3 0.10221114880736654 0.20025592459197436 0.042151114027840886 0.1781237408050807
