0 0.19595590033115878 0.3226436283384536 0.13074641302313827 0.1318636845949035
31 0.22212616696328524 0.11061621809001165 0.09668387432892067 0.029818083011508678
25 0.7421886281725784 0.6617868948991901 0.13909212604430699 0.04088261693193784
25 0.7415123876101763 0.6185430830103418 0.1422220725215807 0.041143046862136434
25 0.6922145901890995 0.36224849812854887 0.13909212604430699 0.04088261693193784
25 0.6918437489922027 0.3197161948257206 0.1422220725215816 0.04114304686213621
26 0.5958065568720348 0.2943310601767971 0.21011476346887914 0.04251263801474292
11 0.31484643008607593 0.4532614104523949 0.12933663129225392 0.038154647925365826
4 0.20881529788049374 0.7046194183121632 0.052742470423073784 0.03835031278652101
3 0.19605019818393915 0.7785423763807905 0.19023877464660266 0.042015725010620786
