14 0.951977307316263 0.6438911043276944 0.009482652929456825 0.22251673857276155
16 0.40907177915006354 0.7374722924856734 0.01372240674808145 0.29285144547907727
31 0.46641612167334623 0.19122484499771664 0.020698948301823172 0.05938185401439022
24 0.5938651749566835 0.1419620075633103 0.024443278496091403 0.08721194982595792
16 0.6247812991932311 0.7370639115388467 0.013705281200806607 0.2929837374233737
25 0.5250029051787796 0.08618894220875117 0.016102498183862446 0.051525413401313
25 0.023237897991969625 0.8433637833372187 0.021347054986837977 0.08246355482734191
14 0.17827680705114618 0.7161405663520247 0.01052016860979943 0.250582312350079
14 0.25442027897041586 0.715586455135136 0.010520168609799319 0.25058231235007944
14 0.3306657735906218 0.7158414867930001 0.010520168609799208 0.2505823123500799
14 0.4993218664672469 0.4410658858862246 0.041684628368103493 0.05563578884863596
14 0.6946970579358165 0.7161377541789898 0.010520168609799208 0.25058231235007944
14 0.8163378129419692 0.7159000400996229 0.010520168609799208 0.2505823123500799
14 0.884794607658417 0.7155615368490212 0.010520168609799208 0.25058231235007944
25 0.9707299394984659 0.8434907672098562 0.020964148170930397 0.08401947095615903
