0 0.1218009246915866 0.7869206809055075 0.16854513906300284 0.09852854512931186
29 0.6218136176335933 0.21765483318677142 0.16837834801152007 0.05108017737646095
31 0.08806484637908252 0.9453475618431433 0.12463513657567027 0.02228007162619927
24 0.8554772738505516 0.9268641452377541 0.14718097312456913 0.032721923574699385
4 0.10258560231969348 0.2252213376593248 0.06874711409220416 0.02786421533102429
25 0.6989588686254378 0.07573612128444529 0.18045639734055263 0.03132586434692075
25 0.6983896055423431 0.1137883982211954 0.18045639734055363 0.03132586434692067
35 0.5991817927759577 0.8649718207889756 0.0985123056944689 0.03361156030035273
4 0.10522388140524012 0.5015083706371516 0.06799029362595302 0.02865535371408856
25 0.4408350285764903 0.9059380911167234 0.09695840731088723 0.01933233510817256
