20 0.7065189555641189 0.4883701072117084 0.3301081488780955 0.17667357260800587
0 0.09819002312183155 0.08677856072569923 0.160918662182324 0.10021210855300233
31 0.06598046418998377 0.24791249170376653 0.11899553763559467 0.022660772605979707
23 0.34414548571832426 0.6249299932304917 0.13184808929581343 0.03232425814417761
24 0.7986683474319747 0.22911324780080758 0.14052120058499584 0.033281045132932674
35 0.5539699469489914 0.1661633653264602 0.09405473530105402 0.034185883137055256
25 0.4027881947042509 0.20782962888194004 0.09257114906152586 0.019662667929386313
14 0.2551512730617066 0.34325459762460486 0.23963945855961755 0.02123123268511823
24 0.4533752772298561 0.6726297648551096 0.1108834619379605 0.027036168402906013
18 0.9074528352966068 0.6842654843899865 0.07815553193933855 0.03848649944060245
