23 0.4165424687062319 0.7150258667576643 0.10873905763512148 0.04005041381562047
23 0.5028157152740638 0.230540159650937 0.10542666954628344 0.03922412243146556
18 0.27137691405507086 0.9459929784224756 0.12579762716090526 0.02388986522627079
34 0.229822999715717 0.908407669555815 0.0683146494346466 0.03700770543370624
19 0.3518642744869893 0.8985737732448071 0.0453681755577473 0.022628409056707155
18 0.2125211218755535 0.8261935109271882 0.12579762716090515 0.0238898652262709
34 0.17096720753620276 0.7886082020605272 0.06831464943464538 0.03700770543370602
19 0.2930084823074726 0.7787743057495196 0.045368175557748525 0.02262840905670671
18 0.21281763225646927 0.6124389061757128 0.12579762716090526 0.0238898652262709
34 0.17126371791711542 0.5748535973090505 0.0683146494346466 0.03700770543370624
19 0.2933049926883877 0.5650197009980442 0.0453681755577473 0.022628409056706822
18 0.21323986104511838 0.49214242251423745 0.12579762716090404 0.02388986522627068
34 0.17168594670576381 0.45455711364757495 0.0683146494346466 0.03700770543370624
19 0.293727221477035 0.4447232173365688 0.0453681755577473 0.02262840905670671
25 0.8840500802621741 0.31699531378589096 0.10480088265542187 0.036839488590825864
25 0.3934538338650729 0.12557879853131726 0.10212766352840574 0.036839488590825864
18 0.212490502150184 0.06983348226704011 0.12579762716090392 0.023889865226270457
34 0.17093658781082838 0.03224817340037717 0.0683146494346466 0.03700770543370624
19 0.29297786258209896 0.022414277089372048 0.045368175557748525 0.022628409056707044
