34 0.8306989470877639 0.9360356294966392 0.17124205458284758 0.049779667029897
19 0.5247821516611081 0.9228078954820205 0.1137228933980865 0.030437841391626086
18 0.72547874831357 0.824779481819151 0.31533271874999924 0.032134646620639695
34 0.8296405602575517 0.7742228710087382 0.17124205458284747 0.049779667029897
19 0.5237237648308989 0.7609951369941195 0.1137228933980865 0.030437841391625975
25 0.2737423897782173 0.3317087838849159 0.25600000991120386 0.049553395816124834
18 0.7273571412768721 0.2567248514959442 0.31533271874999924 0.03213464662063925
34 0.8315189532208569 0.2061682406855308 0.17124205458284758 0.049779667029897
19 0.5256021577942056 0.19294050667091356 0.11372289339808961 0.03043784139162642
18 0.7247895789254228 0.09588228806054772 0.31533271875000235 0.03213464662063881
34 0.8289513908694031 0.04532567725013431 0.17124205458284758 0.04977966702989656
19 0.5230345954427473 0.032097943235517956 0.11372289339808672 0.03043784139162642
