20 0.442382626173214 0.5070324812296352 0.24993248357448983 0.19510861574971644
0 0.4954063431446105 0.06431853782036295 0.12566439696923526 0.11055716464240561
16 0.2128116445588541 0.4720596994396596 0.06160536315702275 0.12329203584352533
31 0.47025329535684246 0.242086581960439 0.0929258438779732 0.02500008037051077
23 0.6874775701192568 0.6580242025855245 0.10296264217093565 0.03566114296157474
26 0.11109758491451079 0.08805636426828684 0.20194775852839272 0.035643450543779084
35 0.8513334214690004 0.15189836264472134 0.0734491042456995 0.03771494647705645
25 0.7332727598220476 0.19786590116328934 0.07229054396677459 0.021692476557644308
18 0.15861099972459802 0.7233978697313214 0.06103311858160279 0.04245952227333927
34 0.2546328312108048 0.7374232483593257 0.09454618738010473 0.02305772727776223
19 0.2797561776166635 0.696231579316239 0.0578103878021165 0.015312777387534449
24 0.3597596831341735 0.6919137051830514 0.08595107943645902 0.028980958871843043
14 0.6179803227796365 0.3472710058174501 0.18713894113666252 0.023422966759434727
24 0.772777159956884 0.7106480978518219 0.08659097204342503 0.02982715526676083
