20 0.6272364007328126 0.21402556030711528 0.2503748419524978 0.2151990078665189
0 0.6803539649908842 0.7023258899684314 0.12588681183112782 0.12194126872439592
16 0.3972590987970114 0.25259949982595964 0.06171439919800864 0.13598745339572993
31 0.6551563985344652 0.5062530175208623 0.09309031439811122 0.0275743460720288
23 0.8727651410398218 0.04748617655418391 0.10314487693583996 0.039333181444746734
25 0.15507479847798955 0.9759596431006528 0.1369359423924601 0.03804713442498564
25 0.20254028838430074 0.7389505913386779 0.13392233020903194 0.03780630120240591
25 0.20289734610308272 0.699618738581409 0.13693594239246082 0.03804713442498542
26 0.2953650142683418 0.6761437724803252 0.20230518818950494 0.039313667233435545
11 0.5658823752799552 0.8231150072896405 0.12452942906723208 0.035283605111179894
25 0.9186413841757148 0.55502711495455 0.0724184918322025 0.02392615731209491
14 0.04464023131640715 0.2626439036575079 0.04731282909292009 0.1163595093982055
14 0.8031448897226094 0.3902377222963967 0.1874701605015061 0.025834836603970568
