20 0.8026457504544018 0.3951168679213307 0.16745069179135919 0.4286720778883675
0 0.42268940765168284 0.48606057642378653 0.09488496256674872 0.21553348086238544
31 0.5752576674144292 0.4429192883999177 0.021456155264059307 0.159381901924039
23 0.9322334065333392 0.8154918323863616 0.030605942418485466 0.17659653172348344
11 0.32870095734781446 0.2900713394944687 0.02745488533304452 0.213209477039352
4 0.14783163582160208 0.46486205440306466 0.027595679616803315 0.08694516336409752
3 0.0946389988138226 0.48590512784223366 0.030233195038459004 0.31360573759924815
25 0.5373055577010049 0.8940375213917543 0.018617425951630073 0.12398923601574063
19 0.9650246374100849 0.11618786827585319 0.013142090916574256 0.09915357423029683
24 0.9613188502110317 0.2534060019816431 0.024872718168900687 0.14741912412435096
14 0.6655315103857006 0.6962935233129525 0.020102607835138953 0.3209716384343968
