20 0.6111179175034793 0.7143569096364735 0.2758181508584464 0.24152594075110034
0 0.10283552026436586 0.16535133607551095 0.13445377823173385 0.13699742092507217
31 0.0759231855802889 0.3856334285916898 0.09942538305280313 0.03097896499749614
23 0.30834084061909134 0.9010444512572573 0.11016418803166261 0.044189669921239405
24 0.6881123054157521 0.35993346112034763 0.11741090861733106 0.04549766904157315
16 0.8366148983931949 0.6703926301576408 0.06583198399102008 0.15284691084712143
35 0.4836573091709909 0.2738762802961286 0.07858637618727005 0.04673465002829913
25 0.357339096520376 0.3308371678486144 0.07734678239167186 0.026880332464088774
14 0.23398272720845809 0.5159731929706778 0.20022805422183543 0.0290246773859959
24 0.3996065643395016 0.966253594001034 0.092647429445328 0.036960457138121905
19 0.9086244307901867 0.9484972556094461 0.06185383647636755 0.01897489878722247
