20 0.3447428424590242 0.550477092581124 0.3091266987375385 0.1707011169302195
0 0.9144068003816747 0.16246136095273928 0.15069078111141354 0.09682443507204386
23 0.6840841002383489 0.6824205673587063 0.12346791412870672 0.031231535581127567
24 0.2584504034641254 0.29998441945534005 0.13158976834442404 0.03215597835563999
16 0.09201423463983022 0.5194048541758798 0.07378203290518981 0.10802623651852383
35 0.487595939509631 0.23916255973759404 0.08807668009124114 0.0330302282825794
25 0.6291686820777989 0.2794202939433211 0.08668738958727629 0.01899797082171062
14 0.7674219010735713 0.41026721735899313 0.22440813704099782 0.0205135101965489
24 0.5817968802211941 0.7285078467035611 0.10383578427241202 0.02612220987985181
18 0.15658018389597417 0.7397502203736583 0.07318801931607544 0.03718546211674556
