20 0.6183748476742221 0.47749720176355576 0.3244536369338561 0.18341856366682208
0 0.5495413068352075 0.06130873513239182 0.16313313918483308 0.10393306448239648
16 0.9163958926139646 0.4446198355913762 0.07997393474053871 0.11590491808412429
32 0.8985375459507653 0.956318142921109 0.05228671964592846 0.0173757766350211
31 0.582194116578044 0.22842569814677566 0.12063309090580931 0.023502185259703823
23 0.3002011360378456 0.6194421617555057 0.13366251254300354 0.033524483763033075
35 0.08748918222143531 0.14364116116980558 0.09534906652079322 0.03545523238433834
25 0.24075141729523186 0.18685452649443401 0.09384506395686798 0.02039275855292466
34 0.8621050860887259 0.6940839651242945 0.12273656435123681 0.02167620944086679
19 0.8294908336444231 0.6553603201335783 0.07504743003669256 0.014395302961783596
24 0.725633071894628 0.651301154070818 0.11157869486476102 0.027244546990070062
14 0.3904200396943249 0.3273079328950543 0.24293724927374072 0.022019565375536065
24 0.18946818225780665 0.6689130641408689 0.11240938113894161 0.0280400430102713
