20 0.6965627567186812 0.15871673893268662 0.29181560360823644 0.17783113901329994
0 0.1587999804396991 0.5629395158625026 0.14225209736917438 0.10086869894483197
31 0.13032673034394565 0.4007498343129164 0.10519205526986569 0.02280924613656754
23 0.37622460937499863 0.021262111645967086 0.11655371093749911 0.032536046895326964
24 0.7780228191298656 0.4196722509851003 0.12422074131713634 0.03349910275870127
16 0.9351385625000003 0.1910868349617369 0.06965023906249912 0.1125383889038184
35 0.5617094331029084 0.4830345815018676 0.08314438600613172 0.03440986926735534
4 0.14480895590602266 0.8551306606908766 0.057383807820304375 0.02933594770074588
3 0.15869738437587422 0.9116777883207684 0.20697978681550377 0.03213979292376723
25 0.4280647641185578 0.4410953203145747 0.08183289577038888 0.01979149785848955
14 0.2975537253865487 0.30478304628940267 0.21184128136670188 0.021370339860778298
