20 0.17111044385112661 0.58556885646299 0.17047137093739928 0.2322853624025636
0 0.5579209010730319 0.5362890144173242 0.09659661287187438 0.11679154135400194
16 0.20166705476409352 0.798930392741689 0.10772339445465673 0.05725555919027081
31 0.40260042956554576 0.5596660670410956 0.021843207476665905 0.08636457739726255
23 0.03918512809390251 0.35777946685139683 0.031158049615054306 0.09569270191912893
26 0.5371805570236301 0.8934626714916041 0.031142591298643052 0.18768872139091997
11 0.6536048293039505 0.6424900787632599 0.027950149931209256 0.11553222893757986
35 0.48140017569708277 0.20549307627019014 0.03295251009838507 0.06826304269797345
4 0.8377368915322043 0.5477758982709173 0.028093484033420157 0.047113142709609424
3 0.8918890819918888 0.5363732476388552 0.03077857816464291 0.16993414352668623
25 0.4412371655718398 0.31521776344946 0.01895326971389477 0.06718628552577088
14 0.3106981172700868 0.4223696835906826 0.020465243113733544 0.17392551836346626
