25 0.8896285584773236 0.31858190759842286 0.14389802391372852 0.024682781780505092
14 0.57640384258187 0.47874594509579804 0.07166688589142112 0.07716553151161332
17 0.5957608233019644 0.10824387725836848 0.1699231840650134 0.0815896167617367
32 0.5659391768647097 0.1641459534956468 0.06121228636058973 0.013105457208224203
18 0.6699723171545884 0.27374039587396976 0.09261325768683015 0.03105706356697302
34 0.5242662672318158 0.26348151748158893 0.14346686878589598 0.01686559959778544
19 0.4861434413183752 0.29361120842971544 0.0877230013297533 0.011200547609791833
14 0.05768919875649725 0.478916580788983 0.07166688589142112 0.07716553151161332
32 0.047224533039335104 0.16431658918883196 0.06121228636058962 0.01310545720822387
18 0.15125767332921658 0.27391103156715474 0.09261325768682949 0.03105706356697302
