20 0.6155570241574664 0.8381661940317058 0.13191483641266055 0.23919311771166918
20 0.6153306100181127 0.348177977727933 0.13204799389136346 0.23190456672649384
0 0.3157052558516916 0.39737703314729433 0.07482422929018218 0.11660007981079867
16 0.5916613032659664 0.13516621445952692 0.08344309108729475 0.057161697617827745
32 0.9600467796850025 0.14793054092699404 0.012509292413426465 0.03737214715676196
31 0.4360172857253518 0.37403830356061124 0.01691985998344414 0.08622299612284079
23 0.7175206328555737 0.5755939421106546 0.024135184240093643 0.09553582863729426
24 0.42198066922672695 0.9049367369916932 0.024849577441296677 0.10182027976814456
11 0.2415879967420797 0.29135006890684373 0.021650328774174832 0.11534283184096095
35 0.3749786002346413 0.7276306828712364 0.025525182488117193 0.06815113607059986
4 0.09895836166247846 0.3859089802508383 0.02176135610122165 0.04703590804942981
3 0.05701179857857941 0.3972929380130116 0.023841243718055738 0.16965556296352768
25 0.4060890728407681 0.6180858722283261 0.014681299444238016 0.06707614407408924
18 0.7617650224062528 0.08487512433462702 0.02873627449119076 0.056630729700306914
34 0.7712572895943431 0.17397079092674678 0.015605290514840275 0.08772646238875292
19 0.7433790883100184 0.19728196152628125 0.010363568657177136 0.0536404581901605
24 0.7404567846743131 0.2715147223835118 0.019614087596131813 0.07975132944432106
14 0.5072052858327092 0.5111096109725809 0.015852481755777803 0.1736403945628704
24 0.7531360759458867 0.6547407746485185 0.020186786735827078 0.08034506586324353
