18 0.7786815075359586 0.05005546909053019 0.2092916274889396 0.013384248398755336
23 0.3916287239007138 0.11238759570766615 0.17920106989767537 0.022396559026600718
23 0.35857947646139054 0.7637010091776442 0.17578103212032842 0.02257917685732258
23 0.2959854855157573 0.3125261945012835 0.1773859150304204 0.022040842030705277
34 0.8478154535164715 0.07111256193097726 0.11365623091781718 0.020733491692033812
19 0.6447733326580806 0.07662198233613549 0.07547979650315484 0.012677520145679133
18 0.7789757395137761 0.1722068870545865 0.2092916274889396 0.01338424839875535
34 0.848109685494294 0.1932639798950334 0.11365623091781918 0.02073349169203384
19 0.6450675646358981 0.1987734003001917 0.07547979650315473 0.012677520145679105
25 0.47699006516638065 0.3871245825989765 0.16633573739694385 0.020795801208764342
18 0.7791742348847079 0.4188687817517778 0.2092916274889376 0.01338424839875535
34 0.8483081808652209 0.439925874592225 0.11365623091781918 0.020733491692033812
19 0.645266060006829 0.4454352949973832 0.07547979650315484 0.012677520145679189
18 0.778024331518687 0.4938321921147626 0.2092916274889376 0.013384248398755183
34 0.8471582774992048 0.5148892849552098 0.11365623091781718 0.020733491692033756
19 0.644116156640808 0.5203987053603683 0.07547979650315473 0.012677520145679133
18 0.7785535786316898 0.5688960440442252 0.2092916274889396 0.013384248398755294
34 0.8476875246122018 0.5899531368846722 0.11365623091781918 0.020733491692033867
19 0.6446454037538067 0.5954625572898312 0.07547979650315684 0.012677520145679022
18 0.6808195879676638 0.6477232955614578 0.2092916274889376 0.013384248398755183
34 0.7499535339481807 0.6687803884019046 0.11365623091781918 0.020733491692033756
19 0.5469114130897799 0.6742898088070637 0.07547979650315673 0.012677520145679133
24 0.5256277326279615 0.691834165305673 0.14285304505855356 0.01884862881093985
24 0.6179733672872993 0.782406769676713 0.1470241193237679 0.018988953962254418
18 0.681249027943776 0.8601682112363813 0.2092916274889396 0.013384248398755405
34 0.7503829739242938 0.8812253040768274 0.11365623091781918 0.020733491692033756
19 0.5473408530658939 0.8867347244819872 0.07547979650315484 0.012677520145679355
18 0.7791683990035039 0.927285619217081 0.2092916274889396 0.013384248398755405
34 0.8483023449840168 0.9483427120575272 0.11365623091781718 0.020733491692033645
19 0.6452602241256208 0.9538521324626869 0.07547979650315684 0.012677520145679244
