20 0.6161695892310947 0.84046785613512 0.23855275835271716 0.13483312527616886
0 0.6667790728833888 0.5345228605036503 0.11994274651701042 0.07640240782359792
16 0.3970512492753987 0.8162993208286481 0.05880039721226793 0.08520305702834197
31 0.6427712734771887 0.6573724890222885 0.0886948189459239 0.017276730479372837
23 0.850105066926643 0.9448132516627011 0.09827462979553048 0.024644238994537382
4 0.653104762527674 0.09896195538099008 0.04892290412632405 0.021606866726910895
3 0.6662820467475163 0.12774103463737205 0.17448925463968268 0.02403354326244278
25 0.1656819330086296 0.33802173707453875 0.1275988475010169 0.023687570852624018
25 0.16630229534580793 0.3630773948314769 0.13047016433682956 0.02383846511739174
25 0.21152658168150065 0.5115756220520691 0.12759884750101685 0.023687570852624074
25 0.21186678001389841 0.5362190285563133 0.13047016433683034 0.023838465117391627
26 0.2999683525490946 0.5509272889546349 0.1927528352901691 0.024632012348492438
11 0.5577125498029927 0.4588423341423469 0.11864945602527177 0.02210697342573925
4 0.6549822562445385 0.3132043816975431 0.04838432362588896 0.022220342520229974
3 0.6666925669273813 0.2703730896155966 0.1745192131665293 0.0243440987344416
25 0.8938151468116002 0.6268130359155734 0.06899906894636498 0.01499095464343414
14 0.06108217654935926 0.8100059908845638 0.04507883379005033 0.07290515167009148
19 0.11785642557344751 0.9849192687644914 0.055178211629000856 0.010582155092874301
19 0.4609477175902724 0.9712171087830584 0.055178211629001606 0.010582155092874412
24 0.5373085677132247 0.9682331684701733 0.0820376238803302 0.020027784232774848
14 0.7837721124675789 0.730061973002878 0.17861828108490885 0.016186839311420842
24 0.931520864309606 0.9811798889621152 0.08264838141075637 0.020612562634721776
