20 0.557813859355613 0.41858661280329557 0.21541228735895368 0.37622815346585425
0 0.0690295848680717 0.4984042293081105 0.12206212231084229 0.18916502309730643
16 0.5192016899660861 0.07300901813912611 0.1361222278787783 0.0927357328374332
31 0.2652967812724768 0.46054086481907663 0.027601674462585768 0.13988305222056607
23 0.7245182970072094 0.787532725232711 0.03937216378512809 0.1549916368849722
25 0.2164743447927694 0.8564691012214865 0.023949870054723293 0.10882034012019792
34 0.8121798797544983 0.13596325123754127 0.0254571934464094 0.14232218632217886
19 0.7667016643788803 0.17378190566763713 0.016906277512104495 0.087023083765952
24 0.7619344574568081 0.2942127145051655 0.03199681683174738 0.12938380574743566
14 0.381427056967928 0.6829171880140275 0.025860441001001266 0.28170383160465673
24 0.7826184152695042 0.9159358312116924 0.03293107132524431 0.1303470483419642
