16 0.9187321395824942 0.41706327346321814 0.05605889959304644 0.10047353908536016
25 0.6981501387043687 0.9810599559881811 0.12164970509341311 0.027932965775003593
25 0.6987415773956014 0.9515137085088948 0.12438715024395497 0.02811090400090377
25 0.7418573359117844 0.7764009489773699 0.12164970509341322 0.027932965775003593
25 0.7421816729071411 0.7473408383081368 0.12438715024395564 0.028110904000903547
26 0.8261756158546835 0.7299964961266485 0.18376596676377854 0.029046674400709516
19 0.03001365978817687 0.2181198759608315 0.05260559404501279 0.012478737388231798
14 0.28694843868782394 0.4245720208790207 0.0429770875200966 0.08597154681213404
32 0.29322387327383925 0.07407034772098825 0.03670768940916386 0.014601032427304372
18 0.23083744027042158 0.19617154431366257 0.05553817542956174 0.03460124931419162
34 0.3182142194041741 0.18474193802866107 0.08603399044556148 0.018790276655030413
19 0.341075656808859 0.2183099843446799 0.052605594045012805 0.012478737388231909
14 0.5984272197649037 0.42448452281937293 0.04297708752009621 0.08597154681213415
32 0.6047026543509194 0.07398284966134056 0.0367076894091638 0.014601032427304372
18 0.5423162213475006 0.1960840462540147 0.05553817542956174 0.03460124931419195
34 0.6296930004812522 0.1846544399690142 0.08603399044556193 0.018790276655030747
19 0.6525544378859395 0.2182224862850327 0.05260559404501208 0.012478737388232242
18 0.8694112955693287 0.2122419700945925 0.05553817542956141 0.03460124931419151
34 0.9567880747030797 0.20081236380959117 0.08603399044556148 0.018790276655030858
