20 0.563394439691279 0.633773316310124 0.16625713685699783 0.29899139713958645
0 0.941308689791819 0.08278686520460976 0.09430373768119438 0.1457500997634984
23 0.4348859405204638 0.30555800140881006 0.03041846344501864 0.11941978579661794
24 0.8073658640526857 0.7172364950101082 0.031318839562307965 0.12727534971018062
16 0.5936577530538139 0.8782157402663937 0.10521391489399867 0.07136294985911795
35 0.8666043062892652 0.4956039273595373 0.03217032953709109 0.08518892008824985
25 0.8273946294824622 0.3586729140558994 0.018503383526198958 0.08384518009261144
14 0.69995413439461 0.22495258748621783 0.019979467817772045 0.21705049320358794
24 0.38999848314936486 0.4044915420811401 0.025442152348523428 0.10043133232905432
32 0.12914697335672654 0.8945859781197629 0.015765922903905105 0.04671518394595242
18 0.37904878995766206 0.8157667073793037 0.03621738729900492 0.07078841212538456
34 0.36708533529334575 0.9271362906194501 0.019667923573833956 0.10965807798594107
19 0.4022212612611853 0.9562752538688706 0.013061588062567298 0.06705057273770165
