0 0.4205444681597642 0.8404524702400951 0.025817077562463542 0.26429330775030013
25 0.18231204892383007 0.0505460193861843 0.01940941446151323 0.08325758180647587
24 0.15753713943192543 0.47438958860187824 0.021588797543098948 0.08485121598912893
36 0.1460727147198866 0.5793123725678732 0.0447073242126661 0.08731261428824211
25 0.5284031265792677 0.16071038661836157 0.02746501508824062 0.08194069573912002
25 0.5282695966823724 0.24738360615523772 0.02808305170662062 0.08246267332453966
25 0.5185352947596624 0.7610727526779728 0.02746501508824062 0.0819406957391201
25 0.5184620687665185 0.8463199013578906 0.028083051706620843 0.08246267332453916
26 0.4994986449867102 0.8971991197314839 0.04148908578115085 0.08520773370336887
11 0.4440204929099184 0.5786563146726678 0.02553870323883345 0.07647304970448865
4 0.42308367406424274 0.0748615092198273 0.010414484177913685 0.07686521919015182
