14 0.6161367669305375 0.0722537866709197 0.03954541507791787 0.037826406740580576
18 0.8293487818009943 0.12027015892616116 0.0160453853822784 0.05064102509684354
23 0.7182190343942618 0.9009849345864722 0.01549294644592869 0.09091506809636907
29 0.19103510572133792 0.18336294867285163 0.024194854763386203 0.11154735142992456
4 0.19621876553038317 0.5270257373449303 0.01319828312382737 0.04554361404538487
11 0.013342312696291875 0.6177440582470974 0.013429785983884324 0.10998746021060601
25 0.12381328310750378 0.13225573373005872 0.014837942566749085 0.11954882210002071
25 0.14183728696159162 0.1326328593518244 0.014837942566749085 0.1195488221000206
3 0.2137265092348991 0.5151008995023518 0.014823778699959156 0.16175213866267024
25 0.3211650038021834 0.9564673387522007 0.01470179352854023 0.0839449557950851
24 0.3960081653234086 0.8493168275274008 0.014983200701377042 0.09337070208985476
36 0.4145356444170628 0.7997336405860087 0.015417839430966584 0.19335742261521993
14 0.6289341109536655 0.613321220273872 0.044533196094046046 0.04196506819073764
17 0.8427555013729171 0.6246558416374434 0.04708639118155544 0.09949976084183754
32 0.8104937120173373 0.6071935588727688 0.007563323731764049 0.035843301118524296
18 0.74724538471829 0.6681109235951033 0.01792342092175081 0.05423036910076551
34 0.7531659121118471 0.5827916824315339 0.009733349066853858 0.08400807230320129
19 0.7357776895601236 0.5604685834272716 0.006463976509932912 0.05136684379277545
14 0.6288739525510387 0.3402463138774923 0.044533196094045935 0.04196506819073764
17 0.842695342970291 0.3515809352410656 0.04708639118155544 0.09949976084183754
32 0.8104335536147105 0.33411865247638906 0.007563323731763938 0.035843301118524185
18 0.7471852263156633 0.39503601719872417 0.0179234209217507 0.05423036910076551
34 0.7531057537092205 0.30971677603515474 0.009733349066853747 0.0840080723032014
19 0.735717531157497 0.28739367703089236 0.006463976509932912 0.05136684379277545
19 0.8189905151187056 0.024530061933549896 0.005894842139961276 0.04742036672923011
