20 0.8066471960249847 0.45293718384624554 0.23763485635849868 0.17681744359547158
20 0.3198510853648846 0.4526337003988709 0.23039378779016495 0.17699592666545938
0 0.3687296257652273 0.051018608413586596 0.1158404701703375 0.10029371450459272
16 0.10822702087998604 0.4209075775047075 0.056789308708265374 0.11184635824893097
32 0.12090819212616666 0.9146881102292461 0.03712868040004036 0.01676734145969061
31 0.34554294001949964 0.212283755947825 0.08566128279305019 0.022679226003867292
23 0.5457855125203572 0.5896082749839366 0.09491344538884294 0.03235058082996278
24 0.8729827517344183 0.19346920321432615 0.10115695546998071 0.03330814696121681
35 0.6968317859144205 0.1304680586207 0.06770715472812028 0.03421372180410498
25 0.5880006222463825 0.17216825235822825 0.06663916593679875 0.019678679873954247
18 0.05826356000671412 0.6489130512057752 0.056261799865125695 0.03851784023819205
34 0.14677879880344546 0.6616363995702678 0.08715495449045485 0.02091718907770934
19 0.16993810509939994 0.624268712832484 0.05329100895113681 0.013891232906932838
24 0.24368726490870063 0.6203516836921167 0.07923177680950455 0.026290544123154014
14 0.48172127474474646 0.3077035020200646 0.17250918678070182 0.02124852196254906
24 0.6244167305140006 0.6373468900707896 0.07982164523872726 0.02705818482668687
18 0.9512934091223131 0.6489920849473073 0.05626179986512636 0.03851784023819249
