20 0.232680789526168 0.8015881391843139 0.09450043388921059 0.3674332096186006
13 0.9563466259341035 0.47271534446022906 0.0648327023607338 0.36466652090097373
0 0.447108325594833 0.7236363890393518 0.05354812235288697 0.18474298359633046
29 0.7564919384854503 0.17557052820421726 0.027760965965467954 0.18456016327496494
31 0.3610067598678569 0.7606146359169537 0.01210873457945616 0.13661305879203345
23 0.15954827753031553 0.4412667410714304 0.017272397069214795 0.15136845576298574
4 0.7523797077938452 0.7446983787560763 0.015143595288600209 0.07535397960236412
11 0.960375104047666 0.8942738185906961 0.015409219657161244 0.18197925234845713
3 0.732209327028068 0.724401938386293 0.01684437901698166 0.26875877402943327
11 0.500150503201103 0.8916271635501957 0.015494104853170265 0.18275098031944448
35 0.40468922783207834 0.20037735960661257 0.01826715233714815 0.10797972208588547
4 0.6022237116102437 0.7418065507713991 0.015573561801135005 0.07452442574065499
3 0.6322428606694166 0.7237696306806829 0.017062037895617332 0.2688049179422126
25 0.3824249504800417 0.37394186478109376 0.010506703863137346 0.10627648801349199
24 0.14313397062003508 0.9230545957040461 0.014036864427492635 0.12635924924944364
14 0.3100609128345047 0.5434367202772097 0.011344863030439245 0.2751185472294829
24 0.1340600082578567 0.31586526614130817 0.014446717811813725 0.1272999744846195
