20 0.40799241459461943 0.6940113661716669 0.23498635498863996 0.2425792387781074
0 0.35813955112981793 0.14358353920969233 0.11814958253253682 0.1374561176469195
16 0.6238348989695824 0.6505295816693981 0.057921321506436696 0.15328942849295457
31 0.381788429946889 0.3646031833749209 0.08736881666932361 0.031082689210657433
23 0.17755431115033338 0.8817399125895918 0.09680540775539792 0.04433762640535077
25 0.8065859419649005 0.10229899860260641 0.1256912235350549 0.042616477917890555
25 0.8062508296540835 0.1466351272687243 0.12851961370721 0.04288795286745006
26 0.7194663902631011 0.1730968636103477 0.18987114838383767 0.044315629359118175
25 0.13449770422046692 0.30962345300882177 0.06796752140397744 0.02697033357724976
14 0.9547811782495514 0.6392072068146396 0.04440489773671075 0.13116417912074496
19 0.8988557136793116 0.9538949344289736 0.054353288199331495 0.019038430814412366
18 0.6747943092290325 0.9630192264293438 0.05738329753685578 0.05279007568359373
34 0.5845146470675822 0.9804570297681795 0.08889226255338745 0.028667754673467716
19 0.5608936934700472 0.929243280533806 0.05435328819933227 0.019038430814412366
24 0.48567445074095983 0.9238748522030349 0.08081114777580689 0.03603212966878688
14 0.24289557692147123 0.4953793532149992 0.17594790811187866 0.029121858225457875
24 0.09735569346246453 0.9471673895166626 0.08141277437969863 0.0370842086687182
