20 0.26089259626303213 0.3610590740309442 0.09259352696598688 0.24196982057067695
20 0.2610515206440027 0.8567353790811955 0.09268699272715741 0.23459665954089748
0 0.47136424258768245 0.8069651903485082 0.052520546444196126 0.11795364624309657
29 0.7748108565102498 0.4570392261337042 0.027228239539691335 0.11783692016726599
12 0.6193042335051866 0.13456219769128147 0.06352935580159291 0.25989559040734134
31 0.38691494571261026 0.8305748504610733 0.011876370802878067 0.087223926426091
23 0.1893224044007359 0.6266794283789398 0.01694094382055189 0.09664486810737904
24 0.3967675131994915 0.2935134169735774 0.01744238996519154 0.10300227306561893
16 0.2777471324043842 0.16323502280265306 0.058596747484674694 0.05775310038349846
4 0.7707775385611275 0.8204127293882079 0.01485299324681466 0.04811157901643481
11 0.9747815519444059 0.9159128029144576 0.015113520346042963 0.11618907488251418
24 0.9880811858509505 0.23606909411141003 0.014562156733418652 0.0856044097377967
25 0.8504604897204449 0.40305034401337525 0.016698221933326596 0.12628955170433365
25 0.8301767600100238 0.40344873376638685 0.016698221933326596 0.12628955170433442
3 0.7509942226714525 0.8074539739282302 0.016521139334352952 0.17159556882476257
11 0.5233885532462844 0.9142229817028612 0.015196776615049812 0.11668180335486933
35 0.42975915736195325 0.4728777503292634 0.0179166099682051 0.06894227695367472
4 0.623503000726465 0.8185663715538785 0.015274708802819115 0.04758193019925738
3 0.652946089355931 0.8070502617115471 0.0167346213901578 0.17162503052695166
25 0.40792212627040325 0.5836942254406652 0.010305082680262645 0.06785480577975855
24 0.1732230841902262 0.9342885892969449 0.013767500291357426 0.08067713260536613
14 0.33694673753490856 0.6919123338419995 0.01112715776972717 0.17565612053623703
24 0.16432324903755668 0.5466138100570541 0.014169488685360943 0.08127776148686328
32 0.019047312240462633 0.14998680377704104 0.008780509728145036 0.03780598634431975
18 0.15822504037727353 0.2137742069633496 0.02017053638059718 0.05728813452269921
34 0.1515622379075095 0.1236442623179243 0.010953649546877275 0.08874484586590248
19 0.17113047642094154 0.10006248111441335 0.007274385505208092 0.054263150076282574
