23 0.8655684495925888 0.3080215776041635 0.045160561599731586 0.10799851145833234
23 0.4620077281188964 0.2503805859374964 0.04444329162597682 0.10690457812499998
34 0.9487956856688654 0.58295011331926 0.04180714223213999 0.06849682183313777
19 0.9376864559300269 0.4605833951486032 0.025563030856248337 0.045489157359234644
18 0.7449484566500877 0.5414627123469691 0.026988082122802792 0.12613308750000085
34 0.7024888030397802 0.5831274371245612 0.041807142232140104 0.06849682183313899
19 0.6913795733009416 0.46076071895390125 0.025563030856248226 0.04548915735923459
25 0.3115870721187825 0.3594660126069387 0.04193278353110996 0.10024500440455808
18 0.24757787054582925 0.5415823388905173 0.026988082122802792 0.12613308749999974
34 0.20511821693552135 0.5832470636681064 0.04180714223213999 0.06849682183313899
19 0.1940089871966828 0.46088034549744894 0.025563030856248448 0.04548915735923459
18 0.09642118136859201 0.5408893304619287 0.02698808212280257 0.12613308749999963
34 0.05396152775828417 0.5825540552395208 0.041807142232140104 0.06849682183313777
19 0.04285229801944512 0.4601873370688603 0.025563030856248448 0.04548915735923459
