0 0.7678629356028147 0.6460377173959425 0.08924687058814484 0.13420009185771176
31 0.9113655451477747 0.6191761607018356 0.020181224299093525 0.09923778799043936
4 0.2590772986044609 0.630737970148888 0.025239325481000274 0.05473826820171723
3 0.2926945998807563 0.6454816107948627 0.028073965028302783 0.19523043019119213
25 0.5383268406986641 0.08537620051720253 0.027669829140891222 0.14276625767566606
25 0.5675947539625658 0.0860703040378568 0.027846091137127216 0.14597888198441497
25 0.7410579005419822 0.13667030742854697 0.027669829140891222 0.14276625767566603
25 0.7698442565454906 0.13705094443064483 0.027846091137126994 0.14597888198441583
26 0.7870252099962838 0.23562496804077943 0.028773046308528838 0.2156649647680572
11 0.6794593062590313 0.5240066830814618 0.02582350808861711 0.13275307060940789
4 0.5093372922437969 0.6328386376471913 0.025955936335225194 0.05413566775500411
3 0.45930537714517516 0.6459409286564851 0.02843672982602885 0.19526394982594697
25 0.8756685607941336 0.9000610982250545 0.017511173105228872 0.07720084506640457
