20 0.7207367396447156 0.2877633073890126 0.22242419135717184 0.20563008320263398
0 0.7679245129242918 0.7543511342177063 0.11183340988142643 0.11651909310467345
16 0.5164330044344518 0.324622038622724 0.0548248986586084 0.12994070759667675
31 0.7455398823458692 0.5669967338657246 0.0826981566586995 0.026348239860689793
23 0.9388558249803449 0.12862917532613594 0.09163027589426032 0.037584213111820475
25 0.3434516712847954 0.7893473010899381 0.11897188139638837 0.03612522631450321
25 0.3437688687865436 0.7517643575848847 0.1216490683203465 0.03635535077505703
26 0.42591388846165584 0.7293332168449654 0.17972080397338097 0.03756556660905397
11 0.6662319843288911 0.8697693068708957 0.11062755884117326 0.0337147030863687
14 0.20317882184555036 0.33421981333404255 0.042031051002358266 0.11118552932089643
18 0.14830297119205255 0.038833388107131606 0.054315636976709825 0.0447492032284772
34 0.23375636210587886 0.02405167401858327 0.08414016046720041 0.024301143034462735
19 0.25611456032241253 0.0674646535020243 0.051447609270436345 0.016138537379104423
18 0.46819783937755105 0.05973015432290252 0.05431563697670938 0.04474920322847664
34 0.5536512302913766 0.044948440234353015 0.08414016046720008 0.024301143034462735
19 0.5760094285079113 0.08836141971779543 0.05144760927043701 0.016138537379104534
24 0.6472075167514815 0.09291214042202534 0.07649105497018205 0.030543792037117434
14 0.877007645744142 0.456140113074135 0.16654188786690405 0.02468607849575244
