0 0.8211838310908114 0.47383994151120234 0.2215764756529197 0.05493339938074926
29 0.1638462721452449 0.7912272339502835 0.22135720517402346 0.028479135468588823
31 0.8655346879377793 0.3855109490169808 0.1638505533798531 0.012421984626560745
23 0.4825161847741455 0.17884078426392763 0.18154783635124483 0.01771922982122842
4 0.8464450960158546 0.7870086208411435 0.09037782600283539 0.015535356451284676
3 0.8221020133293544 0.7663164371831206 0.322343077885769 0.01728013904507486
35 0.193599013858398 0.43032347190623566 0.12950838941765064 0.018739719168350044
4 0.8429767041962264 0.6329681252023017 0.08938287822477309 0.015976446093938668
3 0.8213436380438097 0.663763862417332 0.32239842183100265 0.017503428706476365
25 0.4017682801891623 0.40748322306159485 0.12746556973580814 0.01077850976146999
14 0.605056502513164 0.3332471451915077 0.32997084325031445 0.01163835190455409
24 0.33211254661807993 0.1526931396044025 0.15268065475569637 0.014820450922021222
