25 0.36000058398189994 0.927347590214241 0.08950446821835545 0.08095620349897548
18 0.19739672122870477 0.8037702478109525 0.11261882812499979 0.052103687959559
34 0.16019607410585734 0.7217968592420322 0.061157876636731334 0.08071363809523269
19 0.26945207247251585 0.7003491758849985 0.040615319070745115 0.049352457761686175
18 0.1980154787542303 0.5119443622199061 0.11261882812499979 0.052103687959558664
34 0.16081483163138022 0.429970973650986 0.061157876636730224 0.08071363809523269
19 0.27007082999804144 0.4085232902939513 0.040615319070745226 0.049352457761686175
18 0.19773069340294797 0.21972746654880027 0.11261882812500079 0.052103687959558664
34 0.16053004628010098 0.13775407797988087 0.06115787663673122 0.08071363809523302
19 0.269786044646761 0.11630639462284409 0.040615319070746225 0.04935245776168551
