23 0.6306914509575197 0.44940925988283764 0.035355859815254576 0.089465832977693
23 0.27479383680555514 0.4092756273091341 0.03557805584172746 0.08692891303981232
18 0.0920475127253495 0.5686328815770065 0.021089587983630753 0.10350089236870874
34 0.12522721762229275 0.6028216601144176 0.03266980589568941 0.05620636364863707
19 0.13390842279061754 0.5024113333879436 0.019975994808301575 0.037326989080335826
24 0.16155310174233348 0.49188592466940756 0.029699823541535886 0.07064505072917526
24 0.304268542451524 0.5375535689429533 0.02992093417373537 0.07270777016886543
18 0.426797407326679 0.5688452523310576 0.02108958798363103 0.10350089236870974
34 0.45997711222362125 0.6030340308684692 0.03266980589568941 0.05620636364863707
19 0.46865831739194674 0.5026237041419956 0.019975994808301867 0.037326989080334716
18 0.5325544463976104 0.6172692739054527 0.02108958798363103 0.10350089236870974
34 0.5657341512945528 0.6514580524428617 0.03266980589568913 0.05620636364863596
19 0.5744153564628783 0.5510477257163902 0.01997599480830159 0.037326989080335826
18 0.721253566343052 0.6170253178808918 0.02108958798363103 0.10350089236870974
34 0.7544332712399957 0.6512140964183033 0.03266980589568946 0.05620636364863707
19 0.76311447640832 0.5508037696918298 0.019975994808301478 0.037326989080334716
18 0.8274493632749772 0.6166779261423097 0.02108958798363103 0.10350089236870874
34 0.8606290681719209 0.6508667046797216 0.03266980589568946 0.05620636364863707
19 0.8693102733402451 0.5504563779532491 0.01997599480830159 0.037326989080334716
25 0.9820664079765578 0.06476404774928346 0.03252130677798182 0.08622567150643023
