16 0.6914589028474968 0.19634933742947425 0.10358018697563143 0.12107165120442676
25 0.11002340887191289 0.6727451865482037 0.028796654762013527 0.26272957141702435
25 0.1404832281058377 0.6714678432636663 0.028980094848593874 0.26864169254076364
25 0.3210104847269497 0.578349781468299 0.028796654762013485 0.26272957141702435
25 0.35096913577132505 0.5776493036519383 0.028980094848593707 0.2686416925407653
26 0.3688497660594808 0.3962457185360656 0.029944799325618332 0.39688344210788284
14 0.6838081880135121 0.8881189906466318 0.08862979222638578 0.09281857096354118
34 0.9310538314949905 0.8205935892384065 0.019371273142856027 0.18580952103173431
19 0.8964478591616594 0.7712192348435611 0.012864580701141382 0.11361347047221348
18 0.9026132932735234 0.3028686602634636 0.0356711220305429 0.11994703165690002
34 0.914396303674426 0.1141590886620989 0.019371273142856027 0.18580952103173343
19 0.8797903313410937 0.06478473426725151 0.01286458070114127 0.11361347047221515
