20 0.43405576876616503 0.32882041054122196 0.2611019988493344 0.11440126721270405
18 0.7330509238037077 0.20165534657254264 0.06372780134151157 0.024572131596704128
24 0.5215000585004619 0.22055106076848102 0.09037519273356143 0.017310052583562663
8 0.17645236387372343 0.8592458949261879 0.05503919462075291 0.010664111578376878
14 0.2502302580062444 0.42279744377395917 0.19830875171110252 0.01381724378545901
16 0.6756736287918998 0.34962485285156303 0.06441886078816206 0.07226044092807238
19 0.6054156391426078 0.21783086369517768 0.06069844181084749 0.008522354788951692
34 0.6325001832160094 0.1935797659055017 0.09897083831530895 0.01409795478846243
32 0.6623133608376308 0.029666605219923925 0.04086012281813056 0.010188358981513268
23 0.17770692229487722 0.24057503512732303 0.10436419931593266 0.02034537912683909
