20 0.48356424881874643 0.4611125159388086 0.09853966282946225 0.3618768686508417
12 0.8577083997777595 0.6499405130195708 0.050294697731987914 0.3853641912959048
16 0.5016214467183322 0.1617092123166169 0.06233287741633331 0.0857920303002152
8 0.9415827684219089 0.8576652095178712 0.009209272515366518 0.0736066337699226
24 0.764019665136328 0.26767724578110036 0.017472730412818716 0.14671263905480936
36 0.7415264895596438 0.18914283311066465 0.017393668284253594 0.3037814643958322
26 0.6933116815220658 0.2797860635013882 0.01770935052672029 0.2826816601900931
23 0.407313363668452 0.859342992466643 0.01756978435854173 0.13957139908516303
24 0.3712489428385519 0.5178515533421031 0.014948548721169352 0.11915818538377121
18 0.36373003168345797 0.23798733300436653 0.021219907021259976 0.08522633673382873
19 0.37769882262909776 0.06729436195157001 0.007359702413770042 0.08117502459041037
34 0.3567561527498014 0.10351586065214546 0.012174657645135922 0.1323585909999916
32 0.22516648324433375 0.1425234802608189 0.008798423915161058 0.05464426063629524
