20 0.10167895648305664 0.5002528443974303 0.11109623509643207 0.274550092303655
12 0.5234990171710429 0.3569921153507826 0.056703579075635835 0.29236954184241404
16 0.12203712136238054 0.7274052593941573 0.07027574283125682 0.06508901750381957
11 0.9407936219100833 0.9258770995181084 0.018483652658077387 0.13134470943950416
8 0.6180612097937399 0.1993947679160576 0.010382778619863142 0.05584415541959395
24 0.41787184745335143 0.6470090365646131 0.019699220699369913 0.11130849215310046
36 0.39251244343085784 0.706591817658271 0.01961008395412367 0.2304740543405308
11 0.41688461266787324 0.9278776320207485 0.018825680595959238 0.13000177127647372
26 0.3381537872809751 0.6378222735775574 0.019965992505237118 0.21446597619540875
14 0.1931268292791759 0.12453785522218364 0.013452727150003785 0.20120906252223375
23 0.0157116817864828 0.19812186129130374 0.01980864189750975 0.10589054958015104
