20 0.713726932035825 0.18072015004997366 0.23800142708415106 0.1497935143011624
12 0.8379165022236481 0.7494694801990773 0.2534487153530912 0.07645469151876017
3 0.2653371882556295 0.9786573866721452 0.17821651663956783 0.0394642812325845
31 0.21222440933576703 0.3816987095244606 0.08712719230003896 0.017968950678827422
3 0.2638095967695902 0.8024966919089842 0.17764684538218256 0.03854231734667746
1 0.20182777480521985 0.5227071802667114 0.19052770415024867 0.08499537582441219
16 0.516813507308076 0.20816951464229694 0.056424235458937044 0.09475434050200993
4 0.2486037731735014 0.7695455465942324 0.046526361817467055 0.024518036905840868
8 0.9745341710775222 0.8769697788427004 0.04841006816880811 0.01399933036731893
24 0.5865072218687111 0.6070500278750222 0.09649087988549276 0.026560895560425735
36 0.5348562214594703 0.5728573817802639 0.19979288070407353 0.02644071051264052
11 0.3430284235889866 0.6057189173488304 0.11269567177215711 0.025383082092135467
26 0.5944710243313409 0.4995644017768315 0.18591583039443516 0.026920589894645186
19 0.45471816198082643 0.019790492117386926 0.05338769446120495 0.011187735548449096
19 0.17196914685170833 0.019862151846306686 0.05338769446120495 0.011187735548449096
14 0.22773782084787636 0.21493939194795564 0.04517194142711667 0.08126115639241793
