20 0.1988498993055957 0.14978413729750295 0.27059261349567443 0.11283737932696258
20 0.7529746876850839 0.14973342923085453 0.2611019988493346 0.11312885675836659
12 0.3400456088344539 0.5782151291691735 0.288155206104145 0.057592260041937515
24 0.8404189774193809 0.042668288606243276 0.09037519273356132 0.017117524192845623
8 0.4953712827926423 0.6742593379553203 0.05503919462075291 0.010545501641711308
14 0.5691491769251631 0.24266521740235814 0.19830875171110252 0.013663563622021035
19 0.9243345580615266 0.03997834650544363 0.06069844181084738 0.008427566211925974
23 0.49662584121379616 0.06246954939789884 0.10436419931593277 0.020119090784679994
24 0.2412763867332844 0.02117232332119323 0.08910026474642352 0.017117524192845623
18 0.032008546300562324 0.012562447807397514 0.06372780134151157 0.024298831851948255
