20 0.4791489550244574 0.7208452079143561 0.3533621188002336 0.1421607237635235
12 0.2947639696397132 0.18107673535246804 0.3762967985595306 0.07255891105920545
16 0.7715074750320096 0.6947945370592215 0.08377339429315134 0.08992609385222605
8 0.09192691305901998 0.060073267212978614 0.07187471297533621 0.013285988692551057
24 0.6680328070608079 0.3162391455198834 0.1432605769594021 0.025207474130595153
36 0.7447193511978216 0.34868949117669223 0.29663366523357737 0.025093413161677958
26 0.6562089026986445 0.4182477970398223 0.27603032700914976 0.025548840091096425
23 0.0902886073561015 0.8308504657904179 0.13628736616551201 0.025347491447195503
24 0.42374495379535804 0.8828797098539363 0.11635446337474126 0.02156589990665514
18 0.6970241336545597 0.8937270562018903 0.08322101116362102 0.030613432740862256
19 0.8637007995061139 0.8735746285000596 0.07926502401181257 0.010617659851712813
34 0.8283315713631991 0.9037880981029937 0.1292442712117564 0.017564076156836306
