18 0.8743945065126094 0.2926241498890071 0.07993350634809038 0.05607834582106097
35 0.6312938474024476 0.9052077093712751 0.09458879024449096 0.04913815777903996
14 0.09897391346289575 0.6315812217166052 0.06159220629868439 0.1367612655668643
32 0.10882372999834737 0.07246737861102476 0.052149316630342085 0.022581304463786478
34 0.14364101409607044 0.25566727572633036 0.1210176734584244 0.04423671807709384
19 0.17619876712835672 0.30297344243572805 0.07642572264791492 0.019565962588531938
14 0.5266587585744889 0.6312345204691445 0.06159220629868439 0.13676126556686397
18 0.45336212540647713 0.26694997882169835 0.07765830217519915 0.056125314293111295
32 0.5365085751099392 0.07212067736356315 0.05214931663034206 0.022581304463786478
34 0.5725225961117126 0.25532057447886825 0.12101767345842507 0.044236718077094395
19 0.6038836122399498 0.30262674118826677 0.07642572264791492 0.019565962588532604
32 0.9589842539990476 0.27033663983444167 0.05214931663034206 0.022581304463786367
16 0.9444469057245404 0.6204617380728639 0.07698807959912979 0.16059941073731965
