20 0.27079951110167566 0.698153241410215 0.22265274580920183 0.3336889773216135
20 0.7655835601993897 0.6978023749957275 0.22948663684348403 0.33439207588906616
18 0.041393349934580465 0.32997045257972923 0.057360407843600636 0.0736818867084994
32 0.10209508362407475 0.30068667527119314 0.03742243030920098 0.029669796654486214
19 0.1500877339949463 0.3771561127485101 0.05484321683244961 0.025707909491322956
32 0.1522908962713452 0.4249710350317577 0.03538741175382287 0.03187716080419767
24 0.3647915356109963 0.4041060315105198 0.09790094897476592 0.06787807738242768
24 0.5597060272978882 0.4041060315105198 0.09790094897476587 0.06787807738242768
16 0.09166306000735874 0.7607194641220523 0.05524676505082622 0.21101313553644063
14 0.44260661772126253 0.9730239661245152 0.184819158800954 0.04129721088773608
23 0.4757785381455365 0.21812667890000137 0.0953246082122694 0.0628692151795065
18 0.906215544704252 0.2964354134421007 0.05572771780850805 0.07374359904301653
16 0.9564303791232083 0.7594978527241079 0.05943789895122942 0.2110131355364414
