20 0.6774925689709109 0.7574853164145869 0.2672175478560388 0.15701375496291536
24 0.21080455835784928 0.6195802372141188 0.11399727617106747 0.031872142248412616
24 0.43776580205632487 0.6195802372141188 0.11399727617106753 0.031872142248412616
14 0.3014135616258846 0.8867155780920053 0.2152060925677775 0.01939109990492105
23 0.3400394239217171 0.5322536568180058 0.11099734785077309 0.029520231664163732
18 0.8412464788560773 0.5690235127548081 0.0648901578986456 0.03462629716759458
34 0.9408152505489654 0.5618487963950205 0.1011206235429627 0.027291673376777292
19 0.9670200635750363 0.5910341543207659 0.06386023221255954 0.012071145498132152
32 0.9121090095144895 0.35018337148346956 0.04357521727445246 0.0139314490910738
16 0.8997173558709429 0.7864544198139678 0.06921034630131895 0.09908118985471026
