20 0.40952018051678396 0.6558272283651836 0.06763306085978704 0.6599350778256446
20 0.5598159228102728 0.6551333215528885 0.06970892552766228 0.6613255924646214
14 0.720009213899983 0.8072640768346637 0.013355589899822218 0.3576540975587531
14 0.0761259202073356 0.8083944862232412 0.013425798200241812 0.3553759279971678
14 0.17081041239408595 0.8084582675832978 0.013425798200242034 0.3553759279971678
14 0.2640366624154732 0.8075573598807881 0.013425798200241923 0.3553759279971669
32 0.37352197025398687 0.11555609902191483 0.010749290174339898 0.06304330686926829
24 0.4380712243894742 0.07429148239255223 0.02973841987071335 0.1342421456039089
24 0.4972785053542939 0.07429148239255223 0.02973841987071324 0.1342421456039089
16 0.35510564161210606 0.779564144657739 0.016781772932595307 0.41731965838433605
16 0.6177876063494117 0.7771481696997227 0.01805487294817021 0.4173196583843376
23 0.7667908765361799 0.18974934252089226 0.027271775120273123 0.12043281013399931
14 0.904507652854702 0.8069197284133581 0.013425798200242034 0.3553759279971678
