20 0.45696895415845695 0.7827800261484297 0.20059043608485694 0.23588415898228954
20 0.45675803785053887 0.2585928265920401 0.20101308968698672 0.24312416239360912
32 0.21803989971104487 0.9615099216523635 0.017835403186651666 0.039646304241509944
19 0.2640079683414772 0.9106652490258458 0.015453794180094738 0.058102342422902464
32 0.2927509498721979 0.9083311611223659 0.019162315873257785 0.03749035220640662
24 0.2802083714842899 0.6832024100186782 0.04080354482197901 0.10371883323761055
24 0.2802083714842899 0.4767048850143274 0.04080354482197901 0.10371883323761066
14 0.6222019773765448 0.600763070979728 0.024824990047768947 0.19580226454937133
23 0.16841061375683697 0.5656198683990935 0.0377925677689237 0.10098939025767062
18 0.2154843389279068 0.10960361349979858 0.04432948552642346 0.05903940595696444
16 0.49384503689178016 0.05640470080594534 0.1268463142433749 0.06297006917579007
