18 0.9256462723461738 0.8752356769846051 0.10980045862443044 0.04648170980429711
14 0.26202208180937847 0.1717340379198828 0.2677762594712553 0.03581615758120951
19 0.9054305908215138 0.2166406534526186 0.038309825908639406 0.04444191708836431
14 0.26197402246524615 0.42432495594785946 0.2677762594712553 0.03581615758120987
19 0.905382531477384 0.46923157148059613 0.03830982590863807 0.04444191708836431
14 0.2626528576808627 0.6730257044375163 0.2677762594712546 0.03581615758120993
19 0.9060613666930015 0.717932319970253 0.038309825908639406 0.04444191708836431
32 0.9692848424530118 0.9244250129054022 0.04421381462237173 0.03032507283676633
19 0.8553303866044611 0.9633156088955913 0.03830982590863807 0.04444191708836431
32 0.7840767769274648 0.9651009300506042 0.04750322002194152 0.02867600607637366
16 0.28374578455761396 0.9159714765263394 0.3144509470739114 0.04476893029980744
