20 0.18080334445062998 0.24663458042305647 0.35433639907205267 0.2217947390816134
20 0.18117592116222156 0.7395119472506444 0.3550830027404854 0.22860229527568643
32 0.6028636502110285 0.07858026634613997 0.03150565233570202 0.03727822055849114
19 0.5216625708937976 0.12638797394101586 0.027298618461843893 0.05463187495640931
32 0.47088904064492 0.1285826461893747 0.03384959989587455 0.03525104407847092
24 0.49304509228823046 0.34026440059900787 0.07207811809870557 0.09752368134865891
24 0.49304509228823046 0.5344277767109986 0.07207811809870557 0.09752368134865896
16 0.1143657586568227 0.06818844320578894 0.22406983653769738 0.05503386807567853
23 0.6905321493516952 0.4508237075553803 0.06675932629839809 0.09495726868158627
18 0.6073779641692663 0.8796019973258156 0.07830657622931092 0.055512967450864426
16 0.11566295878398121 0.9296233256391111 0.22406983653769827 0.05920885117107055
