14 0.5107955383194986 0.5252666424287072 0.13569668863653683 0.03579718741653104
18 0.15190922419068775 0.8401363202959082 0.05533370196175569 0.04537201591653328
34 0.14044384529697918 0.7705165807185187 0.043612786933552306 0.07070481394185113
19 0.18708278821640023 0.7521938453113132 0.01928999696669087 0.04465187890138034
16 0.49936933377887927 0.7992527464461439 0.15833425684821845 0.04839274607525301
18 0.1524761293702861 0.5700099254624655 0.055333701961756354 0.04537201591653328
34 0.140648504941693 0.49946074439934296 0.043612786933552306 0.07258915072737748
19 0.1868986150256563 0.4815256967057018 0.01928999696669087 0.044651878901381004
23 0.27650574490567004 0.39987705218176645 0.04569312542460624 0.07309694685780299
14 0.5106648899057734 0.030752716285507464 0.13483233375350934 0.035985367774507004
18 0.15151835307705275 0.0735764184986284 0.05533370196175569 0.04537201591653339
