20 0.5926160659634209 0.5668175587059621 0.41188523418816336 0.2480850637572357
18 0.1381537836947006 0.31120767654348724 0.09094840772371626 0.06391235098090853
14 0.6873153823849931 0.033168964291240055 0.22180075320472836 0.04924721667416354
34 0.0776544815794174 0.06984026542552879 0.07174354045449893 0.0967619759764562
19 0.15437608373688738 0.09491556064875306 0.031732268792074914 0.06110763599650104
32 0.10200768270133354 0.37884301343458326 0.036622579629203456 0.041696975150553595
19 0.19639687234850906 0.4323175829210932 0.03173226879207369 0.06110763599650093
32 0.2554166836122855 0.434772399509236 0.03934721472815117 0.03942950835501391
24 0.22966220130764858 0.6715457411872523 0.0837845409917668 0.10908360047403876
24 0.22966220130764858 0.8887241726573454 0.0837845409917668 0.10908360047403876
16 0.6698439789163151 0.36721940091337174 0.26046168933964353 0.0615572791622353
14 0.9318996519216753 0.7582491839695964 0.05097474754588294 0.2059299678881319
