14 0.1157275967220434 0.3164353879130944 0.21475212554309056 0.036428227579322625
34 0.701842218045629 0.06686213340343054 0.06902112932117987 0.07195121290556963
19 0.6280319266843131 0.08550786574890404 0.030528142520945933 0.04543901138201352
16 0.13381058560440756 0.0376194006517607 0.25057809844952417 0.04924582332978461
18 0.6828000541885427 0.27090336110790775 0.0875705238635831 0.04617184312019018
34 0.7015183258846867 0.3426961976064379 0.06902112932117987 0.07386876716648189
19 0.6283233972027001 0.3609474079998067 0.030528142520946044 0.04543901138201423
23 0.48651211353098217 0.44403537157784984 0.07231345072778084 0.07438551483125788
14 0.1159343595018006 0.8196667069851006 0.21338420676615652 0.03661972521924994
18 0.6843158206883249 0.7760880997650175 0.0875705238635821 0.04617184312019018
34 0.7024608064821638 0.846935110392647 0.06902112932117987 0.07195121290557038
19 0.6286505151208485 0.8655808427381223 0.030528142520946933 0.04543901138201356
