20 0.5076794336939758 0.5530107516134303 0.44273642147445125 0.07782662688956532
23 0.14445751114176247 0.9702022351317803 0.19511959210424268 0.014801554848503984
29 0.6139526132637385 0.8780103636826682 0.23286156891770837 0.02388847309370623
24 0.8931136056314187 0.6827605100062313 0.19374145924048114 0.014988325975291872
32 0.8449182251094367 0.3507382469745471 0.07441306334560338 0.00691991750117793
32 0.843141699101359 0.46030921141791975 0.07441306334560349 0.00691991750117793
19 0.7477101597100491 0.47814425777387437 0.10905362731683244 0.005995882441641287
32 0.7433292562604406 0.48929618177856 0.0703665072181785 0.007434743335306027
24 0.3207799080350574 0.4844298153281879 0.19467227161520761 0.015831274514446103
16 0.8638853768315213 0.567603136743942 0.10985606742798903 0.04921481284760476
23 0.10008652222599074 0.44105365768294635 0.18954931709901246 0.014663052378560915
