18 0.8544009651098083 0.6457362263762808 0.07908088228037735 0.08596220115991593
14 0.08725152505262485 0.12615071495634406 0.06093522276483176 0.2096406241913117
34 0.131442176612379 0.7023872242703841 0.11972681827486788 0.06781023231554506
19 0.16365264694565423 0.6298718503013729 0.0756105149396705 0.029992561073210022
14 0.5103743984830278 0.12668217147383332 0.06093522276483171 0.20964062419131113
18 0.4378595960688081 0.6850920280781422 0.07682994695199702 0.08603419888351915
34 0.5557490217531876 0.7029186807878751 0.11972681827486853 0.06781023231554617
19 0.5867755203760572 0.630403306818863 0.07561051493967053 0.02999256107321102
32 0.9380884219563911 0.6799006332362396 0.05159305725295171 0.03461476276356734
16 0.9237061387301453 0.1431957129102372 0.076166873416739 0.24618199145918063
