20 0.7494200482795531 0.3455467312731948 0.1542333066334478 0.18329851844483658
20 0.7495822211140513 0.7528769118201981 0.15455828355602352 0.1889245083568173
18 0.9195966283471625 0.1566884743888186 0.034056267357881476 0.047221864419015214
4 0.07896249989247528 0.11135194968472945 0.025213809474183835 0.03700495883849675
29 0.10535044347509459 0.30154828113284704 0.04734110089204502 0.09640765592134426
24 0.49228781639946684 0.1859720741016419 0.029703189878054648 0.080211432169626
32 0.9331317886670072 0.2066610799898832 0.013713581077486214 0.03080795616219245
19 0.8977870964533385 0.24617095298628539 0.01188236998208847 0.045149590927351047
32 0.8756867153458774 0.2479847028221106 0.014733839746162603 0.029132630376952795
24 0.8853306613695946 0.4229255157816642 0.031373707356604164 0.08059680035024519
24 0.8853306613695946 0.5833885606895035 0.031373707356604164 0.08059680035024519
16 0.7205015161486257 0.19807293315892432 0.0975317012210134 0.04548181135553697
14 0.6223729365957931 0.48698665821957443 0.01908785073177721 0.15215207818486176
23 0.9712915784754121 0.5142953888873285 0.029058577302777944 0.07847583191997332
18 0.9350967506940073 0.868651969127545 0.034084791217102284 0.045877754947450056
34 0.9421592647128079 0.939047724910415 0.02686487049164954 0.07149292492527948
19 0.9134303242003234 0.9575746946294843 0.01188236998208847 0.045149590927351047
16 0.721066153215269 0.9099912516030233 0.09753170122101373 0.048932155665263655
