20 0.9222111723251658 0.4931196714358017 0.0497456653342081 0.7718371127612973
20 0.8116652114852703 0.4923081021640304 0.05127251134316391 0.7734634103173181
14 0.6938393768116806 0.6702349420370632 0.009823342268581392 0.4182997923621937
16 0.9622343120035417 0.637838064838834 0.01234337836269539 0.48808255697994074
16 0.7690257104551864 0.6350124245618496 0.013279772583312699 0.48808255697994274
14 0.5581365491967578 0.6698322041008407 0.00987498208159543 0.41563532448364404
14 0.4801856308509172 0.6708953803674718 0.00987498208159543 0.41563532448364304
14 0.4214701505879135 0.6650742861556513 0.009846921999827618 0.4147017883839621
14 0.24972160101369079 0.6723511987055917 0.00987498208159554 0.41563532448364304
14 0.1828062648755472 0.672117797037397 0.00987498208159554 0.41563532448364404
14 0.11085835707153457 0.6729925873282938 0.00987498208159554 0.41563532448364404
