14 0.06408789552590244 0.5317376037414017 0.10846556058997137 0.04132948001726788
18 0.3509541826931256 0.16820624838563328 0.04422953178228273 0.052384054739997576
34 0.360118730196665 0.24858540226134665 0.03486072822535358 0.08163192155104632
19 0.3228391241877928 0.26973983314057476 0.015418949097388612 0.051552623822502586
32 0.6304873056473832 0.2254116367716969 0.0177951880723638 0.03517708449064891
16 0.07322113004596909 0.21540819273945214 0.12656030226086457 0.05587162501415566
17 0.5755749357663821 0.5214632820634866 0.10116425705096455 0.09474243099941393
18 0.3505010420253294 0.4800794496933353 0.04422953178228317 0.05238405473999752
32 0.5039533639503508 0.5386030674243226 0.01896314212716277 0.035177084490648935
34 0.3599551409203378 0.5615316860116677 0.03486072822535358 0.0838074740216086
19 0.3229863381587482 0.582238513803417 0.015418949097388834 0.05155262382250336
23 0.25136124787134156 0.6765055852083242 0.036523591799375255 0.08439374773582708
