20 0.8576079040914808 0.6579544210051635 0.14732160658514393 0.23161261485584983
18 0.6950574944169428 0.41931662357379895 0.03253009438084786 0.05966867375279988
17 0.5145592161470662 0.14890750526584956 0.07446696763834482 0.1048457485909016
14 0.8914796097991137 0.15973923426787806 0.07933288351140066 0.04597728075817284
18 0.6801643445613005 0.10502484612837633 0.032557339992435486 0.05797028190543038
32 0.5671471813088221 0.16709191421687622 0.013099030556171565 0.03892836311842435
34 0.673418324946663 0.19397562003510135 0.025660967581650596 0.09033713652530317
19 0.7008598274610776 0.21738595601815175 0.011349882032684055 0.057050187328725216
32 0.4747169637750554 0.48153171322242755 0.013099030556171454 0.0389283631184244
32 0.6821288889993982 0.48246108296508383 0.013099030556171454 0.03892836311842429
19 0.7158896696947779 0.5323850271134551 0.011349882032683722 0.05705018732872513
32 0.736999660279581 0.5346768478315602 0.01407356808948812 0.03681145246826245
24 0.7277878910901217 0.7557288207462476 0.029967748686681728 0.10184062498984703
16 0.8852305020024331 0.47160925960524036 0.09316098597957378 0.057469974912026434
14 0.9789616182392051 0.8366752944907299 0.018232461570353187 0.19225654949716953
23 0.6456791644604155 0.8711821010487775 0.027756367199583076 0.09916060854274289
