4 0.8833039908032931 0.7083240860430424 0.09432429020032906 0.008310653856117622
4 0.8830482834002297 0.41413721059928654 0.09392826162915702 0.008439997745241012
4 0.8779790756925547 0.8596694288863407 0.09308146345506041 0.009726411263240808
4 0.8779752450365553 0.5737964925305109 0.09117568045799884 0.009713783293675116
36 0.513584184822913 0.13786484242590613 0.07207845919340361 0.02758402192133648
36 0.5140470883045413 0.1867869301584817 0.07207845919340361 0.027584021921336466
24 0.38967328809501334 0.19689289952467476 0.07343428973636645 0.015296393745538234
4 0.48842206705079705 0.2529018390072807 0.09466511724049687 0.009742746321861617
23 0.30273773675918797 0.4472787333635646 0.0727215463945744 0.01412739454716666
23 0.3026708874756485 0.7412685614376435 0.07070325317128745 0.014027602580947263
29 0.48187643617402376 0.29416753222026576 0.12441540370556226 0.018748273610204924
