2 0.9294849288621229 0.09100401929414575 0.13493711959008858 0.04980956276824011
12 0.6635185563190111 0.8878146238435514 0.215317013011727 0.07922825262425925
12 0.6642016554042284 0.7902506690727624 0.21619326752934387 0.07924024599140422
4 0.6422783505491635 0.37287253530234443 0.08567515077471222 0.01685412180027579
4 0.6376510603262304 0.05404342356108277 0.08316442820018288 0.019397787975168668
10 0.8339758360028782 0.5314908707273134 0.07285175290925738 0.04329834169987745
10 0.8340580302856968 0.7198984310334913 0.07283898404811706 0.0440016235725782
36 0.3052776246501884 0.9245703299931476 0.06574520545674467 0.0550834821568319
36 0.3056998546041423 0.8268761302721184 0.06574520545674467 0.0550834821568319
24 0.1922542962540289 0.8066951724390768 0.06698190444572338 0.030545894806387475
4 0.2823264042555388 0.6948489946985206 0.08634726175074614 0.019455625242368657
24 0.8409059079904124 0.26921955320958185 0.05480458168188562 0.02336969052709381
29 0.7479730901708153 0.28671431623596927 0.11488719141713277 0.037495308509485015
23 0.11295743352930115 0.30669108855602095 0.06633178708793819 0.02821148009817398
10 0.8335966819795422 0.10114193658770804 0.07157029977342877 0.047856031788906406
29 0.27635591249346103 0.6124441125435893 0.1134835063088393 0.0374390724392627
