14 0.7027977575383766 0.09200138398341862 0.07014176041666664 0.05642246429668352
32 0.9857398512883773 0.6707911101620057 0.012062895559210696 0.04815495431511074
32 0.985790649259867 0.08304629626074517 0.012086855537280616 0.048865688344594926
18 0.8869955533168865 0.16316366515663444 0.02868580071271931 0.07539774262899257
18 0.8870324135142535 0.7498218070965142 0.02927095641447397 0.074575735661087
14 0.7025721489172148 0.6786044168458233 0.0700002120339912 0.05687016229652975
36 0.03654547046821749 0.6829833125769625 0.022053479444437918 0.2207399493803266
36 0.036403838245066655 0.2914864090265974 0.022053479444437807 0.2207399493803266
24 0.0744578571161924 0.21061382370548987 0.022468316017583034 0.12240873324132195
34 0.8919384625061354 0.6404624706477893 0.024128097172110285 0.105999709440321
19 0.8692826312402047 0.608980594802304 0.010360684213839955 0.06802229849795904
23 0.8102310728502726 0.44558755709143033 0.02419274898755286 0.11927507224136324
34 0.8923154813169795 0.053454322335961035 0.02424175602897538 0.10685520736651477
