4 0.9045091668231778 0.27644918753678016 0.08761193253858113 0.01601393929555206
2 0.7651413554862255 0.28749979082669236 0.14315839228881289 0.03599744203686306
21 0.2651923049772224 0.12027527920946107 0.10996389789576211 0.03666793998158269
6 0.4149126447695144 0.71264748719752 0.43901062708820926 0.06392215318374883
3 0.7417251946582426 0.8547342679563323 0.1451977244130056 0.06200180048156234
4 0.9043169772526003 0.8492382453436148 0.08668116330781184 0.01601393929555206
2 0.2333644463847056 0.8585690317156307 0.10627047682638635 0.05476532372325804
23 0.7742929431084387 0.7504803208443004 0.07641185646755444 0.026069985847777533
24 0.33537659133415393 0.6159950529118376 0.09141124428643999 0.024363212998325334
2 0.7535039207395722 0.5382008200328556 0.12086780185514534 0.04374105939263462
4 0.9039307420550088 0.5235744268756628 0.08668116330781217 0.01601393929555195
2 0.23297821118711304 0.5329052132476785 0.10627047682638646 0.05476532372325793
23 0.7081620462644121 0.459377334342074 0.07641185646755444 0.026069985847777644
