21 0.8512646236880903 0.7934393551228278 0.022511302826734414 0.12016205226286869
23 0.9057094077406502 0.7934186273806022 0.024058341087891066 0.10564554307343532
3 0.6968435324434137 0.8379626760344377 0.057217540230308894 0.1983316742887793
4 0.6917716007816326 0.6158717266211291 0.014778251740632187 0.11840144408349673
2 0.7052028220822754 0.4344105604442372 0.040456490757887265 0.1706957842574397
23 0.6006341584136214 0.793477019636887 0.024058341087891066 0.1043741662618407
3 0.3753521405993958 0.8368709797416997 0.057217540230309005 0.1983316742887793
4 0.3702802089376151 0.6147800303283919 0.014778251740632187 0.11840144408349673
2 0.3837114302382573 0.43331886415149845 0.040456490757887154 0.17069578425744014
23 0.2791427665696037 0.7923853233441489 0.024058341087890955 0.1043741662618407
2 0.04614794383777726 0.8382814110944872 0.057217540230308894 0.1983316742887794
4 0.041076012175997656 0.6161904616811806 0.014778251740632076 0.11840144408349673
2 0.054507233476639216 0.4347292955042861 0.04045649075788749 0.17069578425744014
