11 0.2173790282552746 0.500263214900162 0.018797896687314464 0.14297710981743472
11 0.7550780535192777 0.500606110368282 0.018797896687314575 0.14297710981743517
12 0.28548082231432886 0.3957310668630002 0.10143038171092245 0.5150261338085627
12 0.8228373777915352 0.39507954885779395 0.10221134158503731 0.5150261338085631
21 0.3190123632504338 0.8162328286171324 0.03970915888083271 0.10331690474938249
23 0.222973648973613 0.8162506506011022 0.04243808081750722 0.09083542021267343
24 0.4417976074430343 0.30057712028358546 0.0392692271388948 0.10517208441117731
2 0.04709104014554172 0.18016244236595463 0.08914984640709755 0.12480987465279647
3 0.053032367053815144 0.7779572644476035 0.10132024012301544 0.17162131496480693
3 0.5914058223932859 0.7779510947492061 0.1009297601859579 0.17052816854736175
2 0.5851633942123358 0.18090435923791665 0.08914984640709744 0.12480987465279647
23 0.761115827566216 0.8162004441751376 0.04243808081750722 0.08974227379522748
24 0.9800379513681572 0.3007130154558059 0.03965970707595223 0.10735837724606812
