11 0.45984866486310777 0.14744627901372304 0.03962210064606431 0.023368458376474832
12 0.6033932423905672 0.1303613403579547 0.21379438665768247 0.08417687828541175
21 0.6740708353089575 0.19908897046135413 0.08369874118994769 0.016886316916777888
23 0.47164097486809636 0.19909188332125957 0.08945074746111403 0.014846318680380943
24 0.9328768806966776 0.11480919328463898 0.08277145554483456 0.01718953110793682
2 0.10091660368985661 0.0951283828917879 0.1879095435877628 0.020399169940706563
3 0.11343969904709628 0.1928331374173527 0.21356223083972248 0.028050123270724564
4 0.1332209381812613 0.22410577447802676 0.05659277015339492 0.016638899474055557
2 0.08296047053495431 0.24945712540716322 0.15124337028056922 0.024166464590149428
23 0.717525224410104 0.92479548468576 0.09314172760172834 0.020001936011821986
34 0.5404377157193375 0.9768153851395334 0.08805430116062007 0.013673004680149758
18 0.45073039216938415 0.968978688529411 0.0578025337448862 0.023813474952077085
19 0.5646758853305495 0.9537298136661814 0.05326626102457643 0.008584632298990869
14 0.5081990504551946 0.8101662449053202 0.04425993977948828 0.05958457985730836
