21 0.936753925895798 0.8611648643971624 0.024655760106271907 0.10462058809006858
3 0.7676224717821855 0.8999296485347156 0.06266816081893145 0.17267994354480476
4 0.7620673810221887 0.7065633960486803 0.016186048071566872 0.10308769264052087
2 0.776778078704671 0.5485719706076009 0.04431043101083698 0.14861841153013688
23 0.6622480621218073 0.8611976574756492 0.026350171333195727 0.09087466841724934
3 0.4155053733384687 0.8989791495542874 0.06266816081893145 0.17267994354480487
4 0.4099502825784725 0.7056128970682529 0.016186048071566872 0.10308769264052076
2 0.4246609802609541 0.5476214716271722 0.04431043101083687 0.14861841153013722
23 0.31013096367809057 0.8602471584952212 0.026350171333195727 0.09087466841724923
2 0.054940737706056064 0.9002071591863674 0.06266816081893134 0.17267994354480476
4 0.04938564694606096 0.7068409067003341 0.01618604807156676 0.10308769264052076
2 0.06409634462854186 0.5488494812592523 0.04431043101083709 0.14861841153013722
