4 0.18656555518149343 0.9022987238285576 0.012564596284602603 0.0949129269167962
2 0.19523589959060544 0.7513169282135259 0.028243726801012392 0.15508825831288076
21 0.06403092631186003 0.20970545682877254 0.028769801980240706 0.1191275560537422
24 0.9152779913905137 0.28686835097157926 0.019115467460574687 0.09902884797697692
2 0.8227014372712539 0.7259607199365561 0.04864684307787348 0.15729753478075603
4 0.8183892375042042 0.9021018177471095 0.012564596284602603 0.09390459358346281
2 0.8257102071681022 0.17523657597355613 0.04296907652006876 0.11512634989525161
23 0.7568967278629172 0.5837108190197596 0.020454607781210443 0.08277951117318394
6 0.528808362158388 0.3719024916037555 0.05015355894470086 0.4755948460122267
3 0.6402901783851542 0.7259494206498778 0.04864684307787348 0.15729753478075603
4 0.6359779786181036 0.9020905184604319 0.012564596284602603 0.09390459358346281
2 0.6432989482820023 0.17522527668687932 0.04296907652006854 0.11512634989525194
23 0.5584921440374886 0.7612311481375902 0.020454607781210443 0.08277951117318394
24 0.4529745030241152 0.28573843371544827 0.019115467460574576 0.09902884797697653
2 0.3919368587971097 0.7387097072379847 0.03431939775629922 0.13094011867640754
4 0.3804609363692628 0.9016720969963745 0.012564596284602603 0.09390459358346315
2 0.3877819060331614 0.17480685522282075 0.04296907652006854 0.11512634989525194
23 0.33009165898890824 0.6895893432232282 0.020454607781210443 0.08277951117318394
