11 0.6177448614072212 0.9165463562864775 0.13538540487137618 0.00995505278732367
11 0.6174201727781166 0.6317899141570825 0.13538540487137662 0.009955052787323782
12 0.7167266299025867 0.8804807811827033 0.48767961342934696 0.053715839647742736
12 0.7173435540314104 0.5959057053445662 0.4876796134293472 0.054129422981076036
21 0.31855239532124036 0.8627230359619578 0.0978310513998577 0.02102930872397435
23 0.3185355196373044 0.9135835383977242 0.08601230055536324 0.02247450029960485
24 0.8068281545397318 0.797698017058293 0.09958772594686705 0.020796328205639703
3 0.35480147075370144 0.718467999890889 0.1614735755271478 0.053450718831813626
4 0.17398406061189287 0.7137299703968418 0.09639763589098838 0.013805350167707342
2 0.9201466096891704 0.7217738858150506 0.11818280166238249 0.04721227282642537
23 0.31858306023534166 0.6285924096513915 0.08497719731052511 0.02247450029960485
24 0.8066994750403725 0.5126549015879468 0.10165793243654231 0.02100311987230641
6 0.7173590611113853 0.2956508124307761 0.488221257853259 0.05510622289049005
3 0.3539126560728882 0.4181414580099356 0.1614735755271478 0.053450718831813515
4 0.1730952459310801 0.4134034285158888 0.09639763589098849 0.013805350167707231
2 0.919257795008356 0.42144734393409744 0.11818280166238249 0.04721227282642548
23 0.3176942455545283 0.32826586777043815 0.08497719731052511 0.02247450029960485
24 0.8058106603595587 0.2123283597069936 0.10165793243654264 0.02100311987230641
2 0.3550609718645383 0.1106098708684568 0.1614735755271478 0.053450718831813515
4 0.17424356172273125 0.10587184137441108 0.09639763589098838 0.01380535016770712
2 0.9204061108000072 0.11391575679261895 0.11818280166238215 0.047212272826425594
23 0.5010874188233736 0.03830694640604693 0.08497719731052511 0.02247450029960496
