11 0.3288666047836597 0.7401341030259576 0.10109174504712914 0.009541584141204873
12 0.4034789973934982 0.7057402926625235 0.36414843381618656 0.05188123608409856
21 0.10570322029493501 0.9614757533181704 0.07305005820385857 0.020155886955885993
24 0.4702967938083019 0.8991514540494822 0.07436176012332152 0.01993258294470257
3 0.1327702612015524 0.8232121404705006 0.12057167864251783 0.05123072092506087
2 0.5549112349881691 0.8263807212284828 0.08824662943512696 0.045251379705839034
23 0.10572611766471557 0.737069402221781 0.06345213631777102 0.021541054600260345
24 0.47020070933631336 0.6259471900203962 0.07590757510129487 0.02013078582010208
6 0.4034905764686335 0.41795605025314014 0.36455287756003263 0.05281746602922366
3 0.13210658680332393 0.5353592249296507 0.12057167864251783 0.05123072092506109
2 0.5542475605899397 0.5385278056876333 0.08824662943512707 0.045251379705839034
23 0.10506244326648712 0.4492164866809312 0.06345213631777102 0.021541054600260234
24 0.4695370349380846 0.33809427447954654 0.07590757510129509 0.02013078582010208
2 0.1329640296521552 0.24060051520938364 0.12057167864251783 0.05123072092506087
2 0.5551050034387719 0.2437690959673664 0.08824662943512684 0.045251379705839145
23 0.24200139863683623 0.17130058760962963 0.06345213631777091 0.021541054600260345
3 0.13297269077938884 0.048500479393630724 0.12057167864251783 0.05123072092506098
2 0.5551136645660044 0.05166906015161349 0.08824662943512696 0.045251379705839034
