21 0.9306610138941449 0.17763550364989017 0.08439856344069974 0.012121610535289373
24 0.6696910383610424 0.11713642383444112 0.08346352457112916 0.012339268675434223
3 0.351711036351394 0.17314411601406987 0.2145179351109574 0.02000714258176295
4 0.33269553336525154 0.19554802757769307 0.0554060876295942 0.011944005324212359
2 0.3830513831245176 0.2138533206569409 0.15167801384478796 0.017219311569829476
2 0.3649788059466909 0.10309586963281114 0.18948069361776076 0.014643263802466278
23 0.8868432937804469 0.6985739517261815 0.09392050458836476 0.014358114885679285
18 0.028062651477268274 0.8095607759675247 0.052537421242368376 0.015379938355565836
32 0.5642469474768859 0.7915670732627156 0.03642557697204518 0.007588594577934926
17 0.5829435317365221 0.8226134120032345 0.1054828095482413 0.04545822717757475
34 0.5381876684247779 0.7359325441296163 0.08879054113687934 0.009814978505780059
18 0.6286450532084271 0.7303070791653328 0.05828583252201758 0.01709417573314309
19 0.513746838532536 0.719360883905324 0.05371163110003274 0.006162360319889593
14 0.570695887746313 0.616305749019969 0.04463000616560442 0.042771971798155506
32 0.26127678050521297 0.7916144343783058 0.036425576972045404 0.007588594577934926
17 0.27997336476484896 0.8226607731188245 0.1054828095482413 0.04545822717757464
34 0.235217501453105 0.7359799052452065 0.08879054113687934 0.009814978505779837
18 0.3256748862367535 0.7303544402809234 0.058285832522017356 0.01709417573314309
19 0.210776671560862 0.7194082450209145 0.05371163110003274 0.006162360319889704
14 0.2677257207746396 0.6163531101355595 0.04463000616560453 0.042771971798155506
