11 0.4312939433616614 0.25123147210032826 0.01573921389300187 0.1271347707794921
21 0.06618228833419063 0.5318857007925194 0.03324791893118478 0.09186904826745645
24 0.1689886423320795 0.0733663590333267 0.03287957028559632 0.0935186678559222
3 0.29425349160860764 0.4978457102894604 0.0845070653467408 0.15163308061967629
4 0.30174444733042133 0.6676437768769206 0.021826640581355305 0.09052298772034639
2 0.2819072943949529 0.8063786296880624 0.05975194484794677 0.13050425610818106
23 0.43634928645366305 0.5318569046543467 0.03553280679779425 0.07979853154644878
24 0.6196496944591092 0.073487196568736 0.03320651363210503 0.09546271217725164
3 0.7690780637524075 0.4986803589786452 0.0845070653467409 0.15163308061967629
4 0.7765690194742207 0.6684784255661047 0.021826640581355305 0.0905229877203465
2 0.7567318665387529 0.8072132783772477 0.05975194484794666 0.1305042561081815
23 0.9111738585974628 0.5326915533435315 0.03553280679779425 0.07979853154644878
