4 0.691022872426593 0.732582983558965 0.06895552936752636 0.016500418527139904
2 0.581332549098762 0.7211966796711023 0.11267372420225985 0.03709098982782355
2 0.7893966215500277 0.7213441609565455 0.1110491708476552 0.03726073130486163
21 0.18784446550399342 0.8935012187826818 0.08654778602651836 0.037781856485007315
6 0.305682812271622 0.2831336399344278 0.3455261094201564 0.06586401142289644
3 0.5629027106182829 0.1367304778876237 0.11427879353591475 0.06388532131292456
4 0.6908716084013158 0.14239346134664388 0.06822296151783946 0.016500418527139987
2 0.7954296081191079 0.12739704792232093 0.09835498216086347 0.045171041971704795
2 0.16279414673702297 0.13277921981093632 0.08364085545625821 0.05642901134632505
23 0.5885353644089382 0.24415150207825823 0.060140438180100286 0.026861952549328605
24 0.2430834549748977 0.38272222884731466 0.07194580187053834 0.0251033305246689
2 0.5721732319808324 0.46287973274503075 0.0951297730676196 0.04506984655545876
4 0.690567619529725 0.4779504535827958 0.06822296151783969 0.016500418527140015
2 0.7951256192475191 0.4629540401584732 0.09835498216086325 0.04517104197170457
2 0.16249015786543136 0.46833621204708825 0.0836408554562582 0.05642901134632505
23 0.5364866209638485 0.5440977565967375 0.060140438180100286 0.02686195254932866
