11 0.7288031051701187 0.17008683775934294 0.009518775573536531 0.11531570917436346
21 0.9496156519158161 0.42465009544246113 0.020107705552804167 0.08332845835314512
3 0.8116825496964676 0.39377462666958585 0.05110825705033961 0.13753653794900284
4 0.8071521629292513 0.5477874458607244 0.013200334821712123 0.08210753408805294
2 0.8191492936687097 0.6736248374808806 0.03613683357736386 0.11837195089209385
23 0.7257457303439601 0.424623976332209 0.02148956203946273 0.07238007509615085
3 0.5245177287744404 0.3945316823901781 0.05110825705033961 0.13753653794900278
4 0.5199873420072243 0.5485445015813162 0.013200334821712012 0.08210753408805294
2 0.5319844727466826 0.6743818932014733 0.03613683357736375 0.11837195089209429
23 0.43858090942193284 0.42538103205280126 0.02148956203946284 0.07238007509615085
2 0.23046362154752853 0.39355359431638576 0.05110825705033961 0.13753653794900278
4 0.22593323478031346 0.5475664135075229 0.013200334821712012 0.08210753408805305
2 0.23793036551977098 0.6734038051276809 0.03613683357736397 0.11837195089209429
23 0.161329351145224 0.26917428396702603 0.02148956203946295 0.07238007509615077
3 0.03882278900464209 0.3935437145380841 0.05110825705033961 0.13753653794900278
4 0.03429240223742591 0.5475565337292219 0.013200334821712012 0.08210753408805294
2 0.04628953297688426 0.6733939253493786 0.03613683357736386 0.11837195089209451
