24 0.3013450614913208 0.11900805897829952 0.14427452605123037 0.011914821602658221
2 0.46551154138730233 0.1625072031615848 0.17121354599806704 0.02704928498052539
24 0.3011586411909671 0.2823175545927257 0.1472736713503754 0.012033298566133999
21 0.41462607275037244 0.990248376060068 0.1771640577209499 0.01811075861109923
2 0.46422389960612265 0.334573018514721 0.17121354599806704 0.0270492849805255
24 0.2998709994097881 0.45438336994586187 0.14727367135037595 0.01203329856613411
2 0.46588748530428403 0.5107668139646012 0.1712135459980666 0.0270492849805255
2 0.4659042893716496 0.6255957682932347 0.17121354599806704 0.02704928498052539
24 0.3015513891753164 0.7454061197243753 0.1472736713503754 0.012033298566133888
2 0.4665265571899932 0.7864452408189433 0.17121354599806693 0.02704928498052539
