11 0.6144160652283264 0.6970609324263192 0.10698287238087778 0.020721705715157634
11 0.6146726373618148 0.10433286554813376 0.106982872380878 0.020721705715157746
12 0.5361997027110095 0.6219894838148206 0.38536920501759575 0.11181094115748691
21 0.850840881086479 0.5850262673969633 0.07730705460268483 0.0437730623916206
23 0.8508542164171418 0.6908937486162514 0.06796776197731502 0.046781266885560946
24 0.46500059582990894 0.4496749704595866 0.07869519602794384 0.043288107279735755
2 0.3749001025628705 0.8847764856678373 0.09338920690803654 0.09827359478180486
3 0.8222011232813071 0.8782271131609722 0.12841594895968067 0.1116895274903319
3 0.822196506793695 0.28475559387522414 0.1275980002417323 0.11125908516596061
2 0.3754552431593735 0.29163688287608097 0.09338920690803643 0.09827359478180486
23 0.8508166493711402 0.09767717533680803 0.06714981325936609 0.046781266885560835
