11 0.21228874491245403 0.5445812549497142 0.023892126689576798 0.12855925000391188
11 0.8957042060230019 0.5442729371758586 0.023892126689576854 0.12855925000391222
12 0.298846125161512 0.6385723460419521 0.1289180151545825 0.463090725357279
21 0.3414647136913014 0.26047412328823655 0.050470340937538494 0.0928983933460833
23 0.21939950784546208 0.2604580984791209 0.053938800719051744 0.08167554590551307
24 0.49752475906009663 0.7241309366637789 0.0499111876935352 0.09456649606719314
3 0.6876768002618664 0.29489551424511146 0.12828172519635261 0.15333205071065292
4 0.6990480710475796 0.12319494831213351 0.03313284040249731 0.0915372508880814
2 0.6797426740438788 0.8317358562594643 0.11330945478342103 0.11222400493990947
23 0.9033782168366604 0.26050324207221504 0.05393880071905166 0.08069263274024652
