2 0.15733755262491944 0.8479165039165655 0.03021448583134667 0.20757966881877876
21 0.01697750615998983 0.12299038067851095 0.030777268893263487 0.15944765194885496
24 0.9276219323719208 0.22626994668503686 0.020449285068371403 0.1325463042153383
2 0.8285856754905869 0.8139781943766213 0.052041267828134896 0.2105367003988582
23 0.7581893190160294 0.6235821731495244 0.021881866417465257 0.1107971918779539
6 0.5141856596396223 0.3400848733773343 0.05365311762157243 0.6365654092779034
3 0.6334463287633475 0.8139630707159904 0.05204126782813501 0.2105367003988582
23 0.5459406830940599 0.8611863059687745 0.021881866417465257 0.1107971918779539
24 0.43306035069963167 0.22475759589606153 0.020449285068371292 0.13254630421533786
2 0.3677636903237233 0.831042223533918 0.03671409812712423 0.17525831268996073
23 0.30160312566075104 0.7652965055449361 0.021881866417465257 0.1107971918779539
