11 0.1021849733001205 0.9602889742533661 0.0157069309553034 0.06205747192097877
12 0.09070146217078134 0.7354646099700988 0.05657884632188526 0.33485198741449995
21 0.13689621423206694 0.6247669774251913 0.011350009043309961 0.13109179464295706
24 0.08024820520569165 0.21941621023351537 0.011553812147839793 0.12963944855463694
32 0.7117321999049292 0.8745441721932468 0.007105542356341532 0.05657790916696892
17 0.7408022829966674 0.9035845809913319 0.04256458232643545 0.16384083145415118
23 0.6246743093507299 0.5567072459239151 0.013444148640389564 0.1458817188151743
34 0.6596390884373866 0.834067681613609 0.009190205746685165 0.13791361973988014
19 0.6441222977550924 0.7961050419368277 0.005770095083921345 0.08342741661771313
14 0.5476271406550475 0.8845609677286173 0.04004932061593225 0.06932141217410759
32 0.7117479508715913 0.05563551841864345 0.007105542356341532 0.05657790916696892
17 0.7408180339633297 0.08467592721672806 0.04256458232643545 0.1638408314541514
18 0.6543874635853355 0.1556616670614009 0.016006045450335238 0.09053228012510794
14 0.5476428916217095 0.06565231395401327 0.04004932061593214 0.0693214121741077
