12 0.8195190564302016 0.08374651428883045 0.33312148618755155 0.08761175885137706
21 0.7093935046736399 0.1552786104854793 0.1304143176680581 0.017575371714123822
24 0.3061375734881225 0.06755975390091729 0.128969477244277 0.017890958715414795
23 0.6416855030509232 0.9105979501445853 0.14512780812362314 0.020818125239649432
34 0.917612551476071 0.9647405492390266 0.13720088785491957 0.014230938628412404
19 0.8798461011516245 0.9407129592158878 0.08299626717782826 0.008934932610078383
34 0.10293598376748636 0.9647649394481346 0.13720088785491957 0.014230938628412293
18 0.24271251115927484 0.9566084624251989 0.09006441304435797 0.024785195975558838
19 0.0651695334430401 0.9407373494249957 0.08299626717782838 0.008934932610078494
14 0.15316832266742914 0.7913155958233362 0.06896316198199337 0.062015959109567254
