11 0.4594106859280921 0.05135834389822448 0.13226412752563843 0.021799385665672265
11 0.45909348291579694 0.6749125967363157 0.13226412752563876 0.0217993856656723
12 0.5561104539970516 0.13033405580429924 0.4764362794021574 0.1176259262359329
12 0.556713155091205 0.7534911561797821 0.4764362794021577 0.11853158317023949
21 0.16711602885850269 0.16921962928038448 0.09557558047421255 0.046049581147389135
23 0.16709954223932622 0.05784626628235592 0.08402930803535491 0.04921423423271144
24 0.6441347100546659 0.31161018162417575 0.0972917553198499 0.0455394048298679
3 0.20252939073632514 0.4851065695819949 0.1577508417974154 0.11704536970470125
2 0.7548406359787572 0.4778674033247069 0.11545812611973394 0.103384539035968
23 0.16714598680052123 0.6819144314203107 0.08301806884227092 0.04921423423271143
24 0.6440089972296437 0.9357921863037664 0.09931423370601677 0.0459922332970214
