11 0.5766563232920215 0.3067218021285725 0.10407177381269084 0.012641336872791953
12 0.6534681741874108 0.3522890514143075 0.374882968146369 0.06873577521406482
21 0.3469144263353751 0.013473393487461042 0.07520346128016275 0.026703884093935707
24 0.7222556562108142 0.09604484606354319 0.07655383014963246 0.026408035816685313
3 0.37477936187189304 0.19665439167294518 0.12412594581338576 0.06787392867531883
4 0.23578366564043468 0.20267093706221143 0.07410158405225642 0.017530603387564736
2 0.12221613306714157 0.18673823962515262 0.10683001463730923 0.04799124459216045
2 0.8093644006454167 0.19245644129305756 0.0908480039989743 0.05995209247800051
23 0.34693799868431024 0.3107821253104024 0.06532260745639007 0.028539047999498246
24 0.722156739316749 0.4580043577719195 0.07814521336958702 0.026670628409277974
6 0.6534800945958268 0.733565105908009 0.37529933426815143 0.06997615605141583
3 0.37409612337575754 0.5780214289820924 0.12412594581338576 0.06787392867531894
4 0.23510042714429985 0.5840379743713582 0.07410158405225642 0.017530603387564625
2 0.12153289457100597 0.5681052769343 0.10683001463730946 0.04799124459216031
2 0.8086811621492804 0.5738234786022043 0.0908480039989743 0.059952092478000485
23 0.34625476018817497 0.6921491626195495 0.06532260745639007 0.028539047999498246
24 0.7214735008206132 0.8393713950810664 0.07814521336958724 0.02667062840927803
4 0.23598314608618126 0.9745542755033932 0.07410158405225642 0.017530603387564625
2 0.12241561351288655 0.9586215780663359 0.10683001463730957 0.04799124459216064
2 0.8095638810911621 0.9643397797342405 0.09084800399897408 0.059952092478000596
