11 0.4313468630797751 0.3237014797051868 0.015007617267322082 0.1026748372514466
12 0.05643600826728138 0.24838852900005165 0.0809786527352905 0.36985098199675304
12 0.48544366028457364 0.24792066036544042 0.08160214519760212 0.36985098199675326
21 0.0832064784493099 0.550359592810066 0.03170247546327794 0.07419401884687205
24 0.18123414513825165 0.18005650024839137 0.0313512485512156 0.0755262619597045
3 0.3006763820740367 0.5228686832539042 0.08057897311328677 0.12245982573535374
4 0.30781914010526357 0.6599986654419874 0.020812085679960624 0.07310693191732687
2 0.28890406588664475 0.7720418016049004 0.056974530326120154 0.1053960547092917
2 0.2956926344496726 0.09411700070552852 0.07117428064285236 0.08962856770368607
23 0.43616722163106814 0.5503363368684993 0.033881156230560094 0.06444579393348548
24 0.6109473845407838 0.1801540893989121 0.031662994782371556 0.07709628433106899
6 0.9380892274912922 0.24790889996250648 0.08307470787511051 0.37026175931153193
3 0.7534299627990921 0.5235427507635143 0.08057897311328688 0.12245982573535374
4 0.7605727208303183 0.6606727329515969 0.020812085679960624 0.07310693191732676
2 0.7416576466117003 0.7727158691145111 0.05697453032611999 0.10539605470929192
2 0.7484462151747274 0.09479106821513937 0.07117428064285236 0.08962856770368607
23 0.8889208023561235 0.5510104043781094 0.033881156230560094 0.0644457939334856
