4 0.6334105705158655 0.8061449590980738 0.07663503147806294 0.013029036729255705
2 0.5115041554949119 0.7971541222098205 0.12522207399740704 0.029287734004824983
2 0.7427400968038591 0.7972705761701704 0.12341659590725484 0.02942176502562399
21 0.07419373312392769 0.9332089843946618 0.09618651857703553 0.02983325514034396
24 0.13649695159654196 0.05049623936422153 0.07995832736888153 0.019822055719046633
2 0.49103092932232373 0.1464948131795924 0.12700589815244334 0.050445035468483085
4 0.6332515837030026 0.1509664100280823 0.07582087834581219 0.013029036729255622
2 0.7494540938302019 0.13912496364348204 0.10930866926926563 0.03566789314950203
23 0.3761748608326597 0.2147319420469868 0.06683821319783756 0.021210696311070337
6 0.20515560806985367 0.4512514152529812 0.38400697543446616 0.05200744590529932
3 0.4910218060003654 0.3356487611476006 0.12700589815244334 0.05044503546848311
4 0.6332424603810447 0.34012035799609164 0.07582087834581219 0.01302903672925565
2 0.7494449705082429 0.32827891161149053 0.10930866926926586 0.03566789314950192
23 0.5195091404916041 0.420470395663839 0.06683821319783767 0.02121069631107031
24 0.13558462861479348 0.5298884134979975 0.07995832736888131 0.019822055719046383
2 0.5013247752176768 0.5931822663594265 0.10572427215635694 0.03558798737057067
4 0.6329046166003209 0.6050823872568832 0.07582087834581241 0.013029036729255594
2 0.7491071267275211 0.5932409408722824 0.10930866926926563 0.035667893149501584
23 0.46166378524752527 0.6573135254605776 0.06683821319783756 0.02121069631107031
