11 0.6272800327403061 0.02384554664366423 0.12539795697102873 0.011558842133322145
11 0.6275807689295587 0.3544771195079835 0.12539795697102907 0.011558842133322034
12 0.535600197986402 0.06572139582076048 0.45170324850423127 0.06236962513526001
12 0.5350287846539669 0.39614238373151484 0.4517032485042314 0.06284983800415211
21 0.9044009234592882 0.08633996792031995 0.0906140066244584 0.024417194454542157
23 0.9044165542157208 0.027285683524655102 0.07966713084226273 0.02609521079779964
24 0.4521455071339643 0.16184071555882756 0.09224109042619649 0.02414668006460341
3 0.8708259601488939 0.2538349299767133 0.14956159044727624 0.06206179254782418
2 0.34718661015128754 0.24999645575417456 0.10946439826105925 0.054818313876836444
23 0.9043725207109814 0.358189751735201 0.07870838767286348 0.02609521079779953
24 0.45226469388337076 0.4928051457130759 0.09415857676499412 0.024386786499049462
6 0.5350144215389081 0.7447692550392535 0.4522049355526087 0.06398400335615673
3 0.8716492065335817 0.6025449931186041 0.14956159044727624 0.06206179254782418
2 0.34800985653597627 0.598706518896065 0.10946439826105919 0.054818313876836444
23 0.9051957670956692 0.7068998148770917 0.07870838767286348 0.02609521079779953
24 0.45308794026805904 0.8415152088549663 0.0941585767649945 0.024386786499049684
2 0.8705856025626271 0.9596208562727158 0.14956159044727635 0.06206179254782418
2 0.3469462525650206 0.9557823820501763 0.10946439826105892 0.054818313876836666
