11 0.7260392940695366 0.4072325716371634 0.13419781360057503 0.016143328844308635
21 0.4297931637833347 0.032746428169798225 0.0969728842823151 0.03410158171455302
24 0.9137858023069272 0.13819240477033556 0.09871414940347345 0.03372377546860486
3 0.46572426486989715 0.2666735136904503 0.1600571406541027 0.08667684134888687
4 0.2864929723609113 0.27435680476187807 0.0955520425936991 0.02238705432601168
2 0.14005062772692828 0.2540103195213098 0.1377544925586357 0.06128611640485351
23 0.42982355970696146 0.41241771407882466 0.08423178329902925 0.03644513562098084
24 0.9136582515751062 0.6004244839114378 0.10076619618709892 0.034059113306442734
3 0.46484324680909095 0.7536895275514558 0.1600571406541027 0.08667684134888698
4 0.2856119543001058 0.7613728186228831 0.0955520425936991 0.022387054326011624
2 0.13916960966612163 0.7410263333823155 0.13775449255863592 0.061286116404853375
23 0.42894254164615514 0.8994337279398301 0.08423178329902925 0.03644513562098084
