11 0.31265484761194823 0.27368351166620913 0.011238065234984385 0.18285120418883127
21 0.051958943410772056 0.6773336174745 0.023739577110789514 0.13213038416156087
3 0.21480564452580733 0.6283757028465944 0.06033947563327968 0.21808582511435504
4 0.22015431375709293 0.8725872647512682 0.01558459097013043 0.13019441660177322
23 0.316264448182813 0.6772922015148175 0.025371025738029962 0.11476999955485268
3 0.5538384293396776 0.6295761338298442 0.06033947563327968 0.21808582511435504
4 0.5591870985709628 0.8737876957345172 0.01558459097013043 0.13019441660177322
23 0.6552972329966833 0.6784926324980673 0.02537102573802985 0.11476999955485268
2 0.9010048494429461 0.6280252212666195 0.06033947563327957 0.21808582511435504
4 0.9063535186742302 0.8722367831712913 0.015584590970130319 0.13019441660177322
23 0.9826262129000412 0.4308022510712205 0.025371025738030073 0.11476999955485273
