21 0.9139867556311767 0.12286796979762826 0.02176383826543271 0.07147570350118915
23 0.9666237568583604 0.12288029923050385 0.023259508718866617 0.06284088337988827
3 0.7646930572393849 0.0963842702898603 0.05531769089967764 0.11797315108556705
4 0.7597895338302805 0.22849009364777656 0.014287555154160136 0.07042844518759717
2 0.7727747852990348 0.3364282011150658 0.03911317476463261 0.10153456132554606
23 0.6716782161118324 0.12284556590564479 0.023259508718866617 0.06208463337988798
3 0.45387645503399976 0.09703364136054071 0.05531769089967775 0.11797315108556705
4 0.4489729316248957 0.22913946471845648 0.014287555154160136 0.07042844518759717
2 0.4619581830936494 0.3370775721857465 0.03911317476463261 0.10153456132554634
23 0.3608616139064473 0.12349493697632521 0.023259508718866617 0.062084633379887955
2 0.13560314363272802 0.09619467788345157 0.05531769089967764 0.11797315108556705
4 0.1306996202236252 0.22830050124136658 0.014287555154160025 0.07042844518759717
2 0.14368487169237826 0.3362386087086574 0.03911317476463283 0.10153456132554634
