11 0.7256899418713091 0.5493581064876154 0.011020353639103808 0.12046102953122484
12 0.6859657254736895 0.6382663118547196 0.059921870458755855 0.43391965604343496
21 0.9813354641645289 0.28343638323858394 0.023279677554215228 0.08704652604869223
24 0.9093520484040144 0.7178864682125172 0.023021765541298533 0.08860955143303917
3 0.8216435423146373 0.3156894975997502 0.05917053745219214 0.14367333885486389
4 0.8163984912142161 0.15480471534758983 0.01528267546240658 0.08577112484788729
2 0.8253031946292072 0.8187131251565058 0.0522645086639395 0.10515477628227732
23 0.7221502689867801 0.2834636677684537 0.024879520626868823 0.07560963225267192
24 0.5938061641194983 0.7177719738548197 0.02325068620550519 0.09045154618369522
6 0.3535802351632209 0.6382801094928074 0.06100319877176008 0.43440159163321457
3 0.4891787358043568 0.31489866249005016 0.05917053745219225 0.14367333885486389
4 0.4839336847039359 0.15401388023789037 0.01528267546240658 0.08577112484788729
2 0.4928383881189271 0.8179222900468051 0.0522645086639395 0.10515477628227743
23 0.3896854624764997 0.28267283265875354 0.024879520626868823 0.07560963225267203
24 0.261341357609218 0.7169811387451193 0.02325068620550541 0.09045154618369544
2 0.14873786443002607 0.3159203922889199 0.05917053745219214 0.14367333885486389
4 0.14349281332960656 0.15503561003676097 0.015282675462406359 0.08577112484788729
2 0.1523975167445965 0.8189440198456758 0.05226450866393961 0.1051547762822771
23 0.06869772664876056 0.44584943564599394 0.024879520626868934 0.07560963225267192
