21 0.065237519942073 0.210948138131271 0.019661215791795292 0.12059900518018818
23 0.017685823079650213 0.2109689412471047 0.021012388281671894 0.10602970868461148
3 0.20010783025394094 0.16626291423452794 0.04997340288132163 0.19905288037710223
4 0.20453762019773258 0.38916146710024846 0.012907222595441109 0.11883199478925488
2 0.1928068846480477 0.5712824920632382 0.03533441849598101 0.1713164962001943
23 0.2841364303999456 0.21091033665534248 0.0210123882816719 0.10475370868461098
3 0.4808961826163438 0.16735858033196688 0.04997340288132168 0.19905288037710223
4 0.48532597256013515 0.3902571331976866 0.012907222595441081 0.11883199478925488
2 0.4735952370104507 0.5723781581606778 0.0353344184959809 0.1713164962001945
23 0.5649247827623485 0.21200600275278147 0.021012388281671845 0.10475370868461109
2 0.7684208453119219 0.16594302013789647 0.04997340288132157 0.19905288037710223
4 0.7728506352557123 0.3888415730036149 0.012907222595441081 0.11883199478925488
2 0.7611198997060283 0.5709625979666074 0.03533441849598118 0.1713164962001945
3 0.955806310712251 0.165928721404209 0.04997340288132157 0.19905288037710211
4 0.9602361006560425 0.3888272742699283 0.012907222595441081 0.11883199478925477
2 0.9485053651063577 0.570948299232919 0.03533441849598107 0.17131649620019496
