21 0.9215636143855744 0.8485293944882712 0.015483065557680531 0.11166004632198778
4 0.8986837518895572 0.05741577201862924 0.0152562084813469 0.07330274425331273
2 0.875302201065644 0.12403700687712732 0.021994414778269578 0.20067135459996288
23 0.2561632437335049 0.7905581630104144 0.01833977699683398 0.12425765872531447
32 0.13738211370364628 0.3637603420158799 0.009692994755009288 0.04819136068425456
17 0.09772628606869771 0.3884960884478767 0.058064290176397915 0.139554690508514
34 0.20844470553752104 0.3292836852168521 0.012536779267886988 0.1174706716810926
18 0.2156301733910596 0.44895960579344985 0.021834577407039868 0.07711267223045692
19 0.22961186817695295 0.2969482509788861 0.007871250156497589 0.07106096326951228
14 0.36124531777841484 0.37229234706259984 0.05463310683461886 0.059045893112901426
18 0.21556967852072534 0.04812739373800584 0.02183457740703998 0.07711267223045659
