6 0.044297026157381826 0.6661542128164124 0.05075016689837909 0.5707138152146717
2 0.8496404193321464 0.21221278959204465 0.02857970359718709 0.18610590997545684
21 0.9824061578340848 0.8621465552537488 0.029112036769721628 0.14295306726449075
23 0.01426013712622738 0.19895982497581072 0.020697928134708995 0.0993354134078207
24 0.12103297647859376 0.7695510822823808 0.019342857902354404 0.11883461757237235
2 0.21471078661385395 0.2426402395244085 0.049225527703895794 0.18875704173690733
2 0.2116662255171583 0.9035092122800085 0.0434802205615584 0.13815161987430202
23 0.28129828420011027 0.41334012062456443 0.02069792813470911 0.0993354134078207
6 0.5120999036793289 0.6675101135237692 0.05075016689837919 0.570713815214672
3 0.39929194151893643 0.24265379866842252 0.04922552770389582 0.18875704173690733
2 0.39624738042224106 0.9035227714240206 0.04348022056155826 0.13815161987430236
23 0.4820630146481744 0.2003157256831677 0.020697928134709054 0.09933541340782082
24 0.5888358540005403 0.7709069829897379 0.019342857902354238 0.11883461757237201
2 0.6505995791834311 0.22734145476269418 0.03472764845869569 0.15712814241168904
2 0.654803957709345 0.904024877180891 0.0434802205615582 0.13815161987430224
23 0.7131804663262659 0.2862858915804021 0.020697928134709054 0.09933541340782082
