21 0.9489512963852362 0.4937954402327051 0.018202374546954836 0.07898331915107748
23 0.9489481565077091 0.6848208014937995 0.016003386327260283 0.08441126873091043
27 0.061735673176836314 0.9038004439564531 0.017970785237882425 0.07612338554359643
32 0.027068338022940175 0.6442871772995307 0.011395386808578545 0.034088411626420956
23 0.16668587710053095 0.45278918572880633 0.021560813571469994 0.08789430632839146
34 0.11061173632599153 0.6198999333665719 0.014738628535573062 0.08309349546143019
18 0.11905919633821993 0.7045533231954011 0.025669409882480565 0.054546052970526504
19 0.13549651260132806 0.5970272944376818 0.00925368706653018 0.05026534491051571
14 0.2902488995641884 0.6503223357989322 0.06422838355639615 0.04176642204543257
32 0.02704307769111436 0.15089150953235952 0.011395386808578545 0.03408841162642107
34 0.11058647599416566 0.12650426559940098 0.01473862853557295 0.08309349546143019
18 0.11903393600639389 0.21115765542823067 0.025669409882480565 0.054546052970526726
19 0.1354712522695023 0.10363162667051096 0.009253687066530292 0.05026534491051571
14 0.29022363923236244 0.15692666803176075 0.06422838355639604 0.04176642204543268
