4 0.04496797453460799 0.2352095624536213 0.07072740592515014 0.013793855288300239
2 0.15747689289441746 0.2447281711991785 0.1155689804986777 0.031006955692868376
21 0.5610760193224564 0.10068674133404448 0.08877171200578649 0.03158449950953146
2 0.1763718832164421 0.9335818859634873 0.11721529358394667 0.05340621365376874
4 0.04511470540472351 0.9288478015397946 0.069976014062195 0.013793855288300128
2 0.5867616093387633 0.9368850192765552 0.08579008514678277 0.047172962024738196
23 0.2823739507090441 0.8613391637695722 0.061685802758603914 0.022455787143651817
6 0.4402097064708631 0.6109357414703035 0.3544047246515094 0.055060339274427994
3 0.17638030324163279 0.7333243965036018 0.11721529358394678 0.05340621365376874
4 0.0451231254299137 0.728590312079908 0.069976014062195 0.013793855288300239
2 0.586770029363953 0.7366275298166693 0.08579008514678299 0.047172962024738085
23 0.15008899453558583 0.6435236402276676 0.061685802758603914 0.02245578714365193
24 0.5044176125632205 0.5276826663091558 0.0737945162654986 0.02098563184576807
2 0.16687156719739038 0.4606733957735129 0.09757422119783676 0.037677040750774826
4 0.045434925578718866 0.44807472489831224 0.06997601406219522 0.013793855288300128
2 0.5870818295127589 0.4561119426350736 0.0857900851467831 0.047172962024738085
23 0.20347517892573136 0.39277756234544176 0.061685802758603914 0.022455787143651817
