4 0.13698642221277246 0.18040497235430547 0.0904923248412195 0.015019419946734947
2 0.28093618899093964 0.19076929611080073 0.1478649695695411 0.033761880133395206
21 0.7973219206125676 0.033929987617576984 0.11357914933343083 0.034390737906570545
2 0.30511142318377654 0.9408266954144591 0.14997134822932356 0.058151280687376405
4 0.13717415732604354 0.935671994242333 0.08953095497820573 0.015019419946734835
2 0.8301854015375411 0.9444233074806371 0.10976430072204812 0.05136421341043573
23 0.4407359862496538 0.8621653088733058 0.07892402709114532 0.024450952275182125
6 0.6426792682791591 0.5895138943842562 0.45344385318425995 0.059952373044957485
3 0.30512219620230824 0.7227766094295791 0.14997134822932356 0.058151280687376405
4 0.13718493034457457 0.717621908257452 0.08953095497820573 0.015019419946734835
2 0.8301961745560713 0.726373221495757 0.10976430072204846 0.05136421341043562
23 0.27148372725511954 0.6249971821517939 0.07892402709114521 0.024450952275182125
24 0.7248302056630794 0.4988639004871225 0.09441654546845979 0.022850175745029677
2 0.2929562243320036 0.4259009504297272 0.12484153780654739 0.04102459287550375
4 0.13758386368564862 0.4121829053516528 0.08953095497820607 0.015019419946734835
2 0.8305951078971463 0.4209342185899577 0.10976430072204846 0.05136421341043551
23 0.3397887905707304 0.35197266761276114 0.07892402709114532 0.024450952275182125
