11 0.19430802537551678 0.6177955044631828 0.007047824982176043 0.14342391328561455
12 0.2197127749772983 0.5119391724479746 0.038321715384832616 0.5166355904767148
21 0.030815549761445835 0.9344085562065609 0.01488800617626504 0.10363977007672431
24 0.07685096137465977 0.4171414237844717 0.014723064216382073 0.10550074717496222
3 0.13294300892680425 0.8960071919202974 0.03784121687208042 0.17106106907407215
2 0.13060255871500848 0.2970946853605351 0.033424617930212674 0.1251999055110865
23 0.19657174537954586 0.934376070563185 0.015911150654587508 0.09002271840083753
24 0.2786513971058784 0.4172777436291053 0.014869465396323112 0.10769387217496207
6 0.432282610668477 0.5119227446351262 0.03901325514370968 0.5172093950382961
3 0.34556356955048806 0.896948779972784 0.037841216872080474 0.17106106907407226
2 0.3432231193386921 0.2980362734130228 0.033424617930212674 0.1251999055110865
23 0.40919230600322964 0.9353176586156715 0.015911150654587536 0.09002271840083764
24 0.49127195772956206 0.4182193316815924 0.014869465396323167 0.10769387217496235
2 0.563285047172774 0.8957322829310048 0.03784121687208042 0.17106106907407226
2 0.5609445969609776 0.29681977637124224 0.033424617930212785 0.12519990551108612
23 0.614472958296604 0.7410355156839886 0.01591115065458759 0.09002271840083753
6 0.7918974480791536 0.5106939596190841 0.03901325514370979 0.5172093950382965
3 0.7051784069611646 0.895719994956742 0.03784121687208042 0.17106106907407226
2 0.7028379567493688 0.29680748839698123 0.033424617930212674 0.12519990551108645
23 0.7688071434139063 0.9340888735996293 0.01591115065458759 0.09002271840083764
24 0.8508867951402384 0.41699054666555 0.014869465396323056 0.10769387217496201
2 0.8983665201628384 0.9095968066213085 0.02669623949361688 0.14239737906059313
2 0.9015985586402812 0.29635245505481755 0.033424617930212674 0.1251999055110865
23 0.9464744233764746 0.8561784107552606 0.01591115065458759 0.09002271840083764
