21 0.2584228165508293 0.041371578949566445 0.276372720204598 0.015644866998617113
4 0.6668283621047361 0.15221576907860496 0.2723233213920424 0.010270564290916773
23 0.25833618816849324 0.21555431396052716 0.2400605824022335 0.016720025021404794
4 0.6693392635780318 0.3756453104655509 0.2723233213920423 0.010270564290916773
23 0.2608470896417908 0.4389838553474732 0.2400605824022335 0.016720025021404794
4 0.6660952714666175 0.6044350839124034 0.2723233213920423 0.010270564290916662
4 0.6660625035352523 0.7535418693069005 0.2723233213920423 0.010270564290916662
23 0.25757032959901144 0.8168804141888228 0.2400605824022336 0.016720025021404794
2 0.19225815099015575 0.9530261944674587 0.3797263441615817 0.02805339488014924
4 0.6648490812894858 0.9624068539349826 0.2723233213920433 0.010270564290916662
