6 0.3744752223955693 0.05368239991709926 0.4701903591257237 0.046882288173405146
4 0.8977271474214149 0.8057520847169095 0.0938343709291054 0.011745069267102837
2 0.7484610540292813 0.7976472643670944 0.15332589174114353 0.026401526967128608
21 0.2130042584557183 0.920294380473458 0.11777383382585882 0.02689328884150821
23 0.7593796896506104 0.025934745604731854 0.08183883490985233 0.019120453994701046
24 0.28929030152872043 0.12456998819681508 0.09790352015905668 0.01786865923202252
2 0.7233929844827316 0.21110822754899095 0.1555100627946111 0.04547384799587112
4 0.8975324789090742 0.21513916366586788 0.0928374959291054 0.011745069267102837
2 0.17892706942840209 0.20829570496196897 0.11381809591916923 0.04016641431528578
23 0.5827595597127169 0.2726208183713178 0.08183883490985233 0.019120453994701136
6 0.37335814510825827 0.485832098187994 0.47019035912572416 0.04688228817340523
3 0.7233818135970382 0.3816216942922185 0.15551006279461121 0.04547384799587112
4 0.8975213080233815 0.3856526304090964 0.0928374959291054 0.011745069267102837
2 0.17891589854271023 0.3788091717051968 0.11381809591916953 0.040166414315285615
23 0.7582626123632994 0.4580844438756265 0.08183883490985233 0.019120453994701136
24 0.2881732242414091 0.5567196864677093 0.09790352015905637 0.01786865923202241
2 0.7359970969284622 0.6137761443998659 0.12945216278235738 0.03208091169208127
4 0.8971076413486884 0.6245035486686473 0.09283749592910562 0.011745069267102837
2 0.17850223186801595 0.6176600899647477 0.1138180959191695 0.04016641431528567
23 0.6874349188684188 0.6715874850217118 0.08183883490985233 0.01912045399470108
