11 0.9523708339560641 0.7377522393000391 0.006439926331422319 0.09682627057256676
12 0.9291573296029538 0.666288048910025 0.035016338316599005 0.3487835209969383
23 0.9503023674294716 0.9514775159920236 0.014538760301631148 0.06077483098790726
24 0.875302362213227 0.6023815990745015 0.013586923906613313 0.07270472383119797
6 0.7349223584457852 0.6662769584034607 0.03564823044128729 0.3491708996039131
21 0.07597022983406332 0.5463660315958077 0.020449047930429787 0.08746073735591198
30 0.3337012829444873 0.12099746356566393 0.06285502130844045 0.08826343417659521
3 0.8141615900872898 0.9262101468170694 0.03457728441950214 0.1154842660415678
2 0.8163001685827045 0.5218810284644879 0.03054163201709459 0.08452314296107089
23 0.7560210465361324 0.9521131872510863 0.014538760301631148 0.06077483098790726
24 0.681021041319888 0.6030172703335646 0.013586923906613424 0.0727047238311983
2 0.6152193234728562 0.9253888829913957 0.03457728441950192 0.1154842660415678
2 0.6173579019682709 0.5210597646388133 0.0305416320170947 0.08452314296107089
23 0.5684465421494643 0.8209522468752666 0.014538760301631148 0.06077483098790726
6 0.4063255124020671 0.6654473988989598 0.0356482304412874 0.34917089960391334
3 0.48556474404357186 0.9253805873125684 0.03457728441950203 0.1154842660415677
2 0.4877033225389866 0.5210514689599873 0.030541632017094478 0.08452314296107111
23 0.42742420049241453 0.9512836277465851 0.01453876030163126 0.06077483098790726
24 0.35242419527617036 0.6021877108290633 0.013586923906613202 0.07270472383119797
2 0.30903975650888904 0.9347488989848496 0.02439359889039383 0.09613325168647635
2 0.3060864922397431 0.5207442734547292 0.030541632017094478 0.08452314296107089
23 0.2650813220360515 0.8986858469233827 0.014538760301631148 0.06077483098790726
