4 0.8090303408427948 0.114094107743832 0.01464758638483521 0.11083791465451376
2 0.7989226051191749 0.2904084194016543 0.0329260422521086 0.18110977816403517
21 0.9518790660104444 0.9228942987368697 0.03353933148624866 0.1391154010292024
2 0.0674342660988963 0.32001902504053165 0.056711638017839294 0.18368973860303062
4 0.07246135309523133 0.11432405175840904 0.014647586384835098 0.10966039787599013
23 0.14414824430834988 0.4861363589970592 0.02384562366005827 0.09666869090022834
3 0.2800861183016571 0.3200322201806795 0.05671163801783918 0.18368973860303062
4 0.28511320529799333 0.11433724689855607 0.01464758638483521 0.10966039787599025
23 0.37544483473613727 0.27883073975878736 0.02384562366005827 0.09666869090022834
24 0.49845545337109104 0.8341041109631677 0.022284477318096907 0.11564442649660356
2 0.5696120704474013 0.3051309459100045 0.04000895308725072 0.15290993724627444
4 0.5829904999090425 0.11482587330624733 0.014647586384835098 0.10966039787599058
23 0.6417101216826919 0.36249298173931743 0.02384562366005827 0.09666869090022834
