11 0.9313256623574965 0.5135484706472248 0.020958005868049856 0.15880848529894998
11 0.3318384157692967 0.513167607514815 0.020958005868049745 0.1588084852989503
12 0.8553981358232352 0.6296551125846952 0.11308597820577415 0.5720532489707565
12 0.25629271300610423 0.630378770991862 0.11395667996016012 0.5720532489707568
21 0.818013409042718 0.1625926021242231 0.044272228892577536 0.11475683883927945
23 0.9250881510127525 0.1625728067717862 0.04731473747285242 0.10089332141269258
24 0.681118632403424 0.7353451362940107 0.04378174359082043 0.11681743631829733
3 0.5143185962615207 0.20511314389448032 0.11252782911960757 0.1894101802896302
2 0.5212783561018608 0.8682688605004456 0.09939425858194817 0.13862965316106457
23 0.32510682733626267 0.1626285723867849 0.04731473747285231 0.09967913456148103
24 0.08102786299216863 0.7351941939054889 0.044217094468013474 0.1192458100207191
