23 0.1870942022476575 0.21250631584567214 0.07588678350601644 0.06047325508969284
18 0.4011933574277489 0.03004163204455102 0.12223280481978027 0.03170191993850041
19 0.3198364554064387 0.10471886393525796 0.040472270940955735 0.03566218442425495
34 0.42070851299866474 0.08444997267613266 0.07824025930337491 0.053600235199269514
18 0.3996194170453471 0.4021149246258968 0.12223280481978033 0.02701087029433835
19 0.31826251502405145 0.4744466316945142 0.040472270940955735 0.03566218442425445
34 0.4191345726162818 0.4541777404353894 0.07824025930337608 0.05360023519927004
18 0.4014855556554856 0.5996514352040473 0.12223280481978033 0.02701087029433835
19 0.32012865363418935 0.6719831422726645 0.040472270940956956 0.035662184424254506
34 0.4210007112264197 0.6517142510135403 0.07824025930337486 0.05360023519927004
18 0.598549792886059 0.7653484125154504 0.12223280481978038 0.036635680412108296
19 0.5190693614530035 0.8424925246429408 0.04047227094095701 0.035662184424254395
31 0.6180649484569942 0.8222236333838169 0.07824025930337497 0.0536002351992696
32 0.7391055441238042 0.6379727796025607 0.051610530241815944 0.025761789865017204
32 0.738404515344638 0.43909458776929433 0.051610530241815944 0.02576178986501665
33 0.7533946555580451 0.07059866215511731 0.07498049320923728 0.023954474197255826
