12 0.7600694580843482 0.13830324876447347 0.30816457741477277 0.08646659654052435
14 0.08614660697601625 0.7288918187766044 0.04255727077778697 0.06354515372471892
14 0.5927690257789244 0.7286302124259303 0.04255727077778715 0.06354515372471892
14 0.8277746648301891 0.7287136236682505 0.042557270777786926 0.06354515372471903
18 0.03581603163707732 0.9010786644056026 0.04607206641609142 0.028324082405575157
19 0.13886673661656362 0.8826142253133609 0.04844582832328505 0.009378332919403709
34 0.11146008628158721 0.9058563181696446 0.07376333307987282 0.01813002291168664
18 0.5473313356082303 0.901223592962197 0.03811611497475054 0.028324082405574824
19 0.6464040648670468 0.8827591538699587 0.04844582832328481 0.009378332919403931
34 0.6189974145320698 0.9060012467262422 0.07376333307987282 0.01813002291168697
18 0.773760403120372 0.9473970981747559 0.05347188960614657 0.028324082405575157
19 0.8805110196948824 0.928932659082514 0.04844582832328492 0.009378332919403598
31 0.853104369359905 0.9521747519387971 0.07376333307987282 0.01813002291168686
32 0.5991600879282263 0.9796830164289455 0.03545274530013298 0.011524497094447916
23 0.28689104838755985 0.8520845775596928 0.08322181499804035 0.017584669783922258
33 0.09215220801177115 0.9829256184537696 0.0329655616695783 0.017374661995201213
