23 0.7517442660906493 0.13646880029854602 0.093978996792219 0.05513553267783
18 0.4859807749710888 0.4844477680511875 0.15137440067085373 0.02890372347456216
19 0.5878959450239649 0.4158466158185364 0.050121289178534645 0.0325144319049796
34 0.4652987611183613 0.4338110878076473 0.09689356615715972 0.04886916563339416
18 0.4866016037153042 0.3028280862563699 0.15137440067085384 0.02890372347456216
19 0.5873548532383839 0.2347423026633889 0.050121289178534645 0.03251443190498016
34 0.4624338282731768 0.25322214329216564 0.0968935661571595 0.04886916563339416
32 0.06783718748283418 0.4459746617195385 0.06391502751801048 0.023487903947543742
24 0.2981965556559793 0.7316400408984711 0.09653134185782763 0.05647451703669504
33 0.050431784176460714 0.2658508563113261 0.09285663728561178 0.02184011250798612
