18 0.32136577445844317 0.9015631336885613 0.3489699923862464 0.01200811882038777
19 0.09387260884868356 0.8775902743522228 0.11554678879326297 0.010879422200019584
31 0.3802293864825831 0.8837449533081241 0.2233729540416997 0.016564944211530763
32 0.7188037308312565 0.04698167966862349 0.14734609397281806 0.00796158095793198
32 0.7214745754212525 0.22191960550366602 0.14734609397281795 0.00796158095793198
32 0.7172246492408885 0.5286538141718669 0.14198884206441542 0.007961580957931869
32 0.7190441132478786 0.5902338008415224 0.14198884206441897 0.00796158095793198
32 0.7172246492408885 0.6515620981923644 0.14198884206441542 0.00796158095793198
32 0.7191480039413596 0.9407729193600112 0.14198884206441897 0.00796158095793198
24 0.19041710070148263 0.31875021449673624 0.22253790260354173 0.01914289331444463
24 0.19400408498385166 0.4673878832825743 0.22253790260354173 0.019142893314444853
33 0.7583371134386556 0.7129275280254612 0.21406644626148663 0.00740303708032064
33 0.7616000089977775 0.16086391222379698 0.21406644626148663 0.007403037080320529
