14 0.7000552101805844 0.8230571532023945 0.16436198415335912 0.06720677909957518
14 0.699923057543881 0.39183927050071654 0.1643619841533599 0.06720677909957451
18 0.2543747293663603 0.8947467818611284 0.07326132852980427 0.05738431582342729
19 0.3021337112491865 0.7382289925692566 0.02425741880115051 0.07750346020914711
34 0.24201714414976855 0.7810110796647912 0.046894001569650956 0.11648763986375954
18 0.25494869001122766 0.46301472134610655 0.07326132852980427 0.057384315823427734
19 0.30270767189405384 0.30772539740077276 0.02425741880115051 0.07750346020914645
34 0.24259110479463813 0.3492790191497702 0.046894001569650956 0.11648763986375954
18 0.25448650533214245 0.033622274047134804 0.07326132852980427 0.055242707607473074
32 0.05135187652154427 0.38140574496165275 0.029808554984676938 0.05598725619179368
33 0.04272089445438493 0.8129383839612263 0.04494023150681847 0.05205947610195805
