14 0.749148458947051 0.4232911433361155 0.050095089956140315 0.13548464743949323
14 0.1527921799871702 0.42273337233216834 0.05009508995614054 0.13548464743949323
18 0.8083936749364292 0.7904107851395541 0.054232432423369614 0.06038978732179434
19 0.6870904465657424 0.7510427472335065 0.05702663924401452 0.019995547334104913
34 0.7193514113511944 0.800597222623258 0.08682842528590196 0.038655029034956656
18 0.2062778743209392 0.7907197873725045 0.04486730877101641 0.060389787321793675
19 0.0896572077764281 0.7513517494664641 0.0570266392440143 0.01999554733410558
34 0.12191817256188087 0.8009062248562151 0.08682842528590196 0.03865502903495732
32 0.14526912159002153 0.958003155239522 0.04173219834222308 0.02457138482224419
23 0.5128478065105845 0.6859504731589752 0.09796221027444596 0.03749228141512628
33 0.7420791352186162 0.9649167083016965 0.038804480341680714 0.03704452372556766
