32 0.07065320638103928 0.932043405873001 0.010985357698632625 0.05013594366347829
32 0.22770277676019562 0.6075700278974229 0.010985357698632625 0.05013594366347829
32 0.31203185975517994 0.9311346249865349 0.010985357698632625 0.0501359436634784
32 0.7352624993017356 0.9325807037647886 0.010985357698632736 0.048313086520619275
32 0.8202303196652575 0.9319616134143581 0.010985357698632736 0.048313086520620496
32 0.9048508601090373 0.9325807037647886 0.010985357698632736 0.048313086520619275
32 0.9893128093894683 0.6097188951111577 0.010985357698632625 0.048313086520619164
17 0.9103941065769787 0.6906535934058913 0.030433131080393916 0.33262724431818125
17 0.8257376327067925 0.6904005389460426 0.030433131080393916 0.33262724431818225
17 0.23301348079386291 0.33612290242250464 0.030433131080393916 0.332627244318181
17 0.07611305306820543 0.6908589826363108 0.030433131080394138 0.332627244318181
33 0.9895226358039512 0.9185917873754186 0.010214681080714438 0.07283819340325903
33 0.2277874573228787 0.917481555379977 0.010214681080714327 0.07283819340325914
