24 0.31898507501194234 0.26586039024175656 0.11683009390352017 0.021954593960074265
26 0.13030235875559515 0.15745470563910907 0.22383412072102638 0.029355783040268757
35 0.11587722205024348 0.2083477360367335 0.08791406656115364 0.02879490481770075
14 0.4094215936545139 0.48340519538322335 0.059282835712288984 0.07453624862768615
18 0.47265873334475084 0.6855161111013017 0.05061847945996645 0.033223160612353086
19 0.3345950065458071 0.6638579681544388 0.06836549765173672 0.011000457363312344
34 0.37233291743357116 0.6911201323041747 0.10275328931213734 0.021265884432748683
18 0.09182957952800663 0.6852558266228153 0.05061847945996689 0.033223160612353086
32 0.39955256448234755 0.8679202219347415 0.04938613864952979 0.01351783307444654
17 0.4244420864845984 0.9430254363389494 0.1368161940928626 0.09306794263263063
33 0.40049586707496826 0.781498664142779 0.04592145926897617 0.020379872427510715
