24 0.6950295530767538 0.61970098851877 0.10659000599165791 0.024822942719032293
26 0.8671743420118275 0.7422697822847871 0.20421519380523923 0.03319109076697613
35 0.8803351241055548 0.6847276213750655 0.08020845116535535 0.03255693428854256
14 0.6125197412474753 0.3737341422782947 0.05408673059009628 0.08427434520270838
14 0.9595556468480289 0.3736663828326883 0.05408673059009572 0.08427434520270871
18 0.5548252990599684 0.1452176097983639 0.04618179998538774 0.03756373788216749
19 0.6807878227131879 0.16970537043507988 0.06237330263843699 0.01243765762688398
34 0.6463576171621999 0.13888142806035797 0.09374702491027664 0.02404425388616449
18 0.9022750051318187 0.14551190021939692 0.04618179998538807 0.03756373788216749
32 0.9679523486762796 0.04112043627727496 0.04505747311052721 0.015283926302743223
33 0.6206631332264234 0.03669501901358746 0.04189647080715342 0.02304248517687324
