18 0.2366157967757231 0.04874289507395824 0.058384507027583465 0.06100858840174905
19 0.19855499895339423 0.21514601842636938 0.019331582799384295 0.08239841559077732
34 0.2464639872931602 0.16966190477743243 0.03737146485244214 0.12384475396041805
18 0.23615838752617357 0.5077422436215078 0.058384507027583465 0.06100858840174961
19 0.19809758970384472 0.6728393143423363 0.019331582799384295 0.08239841559077676
34 0.24600657804360893 0.6286612533249811 0.03737146485244214 0.12384475396041805
18 0.2365267186114216 0.964254213907783 0.058384507027583465 0.05873172071952404
32 0.3984117867823198 0.5945054711460324 0.02375547676939771 0.059523293424959656
32 0.557162484523888 0.1368550670186443 0.02375547676939771 0.059523293424959545
17 0.6891481486620619 0.10685664313172083 0.16355234873882474 0.1648995181435029
17 0.5173670070737317 0.5644698277842124 0.16355234873882474 0.1648995181435028
33 0.4052901173186001 0.13571813915701192 0.035814437369418695 0.05534744301366068
