18 0.055132090216436114 0.837148217551527 0.0095013375379773 0.19453220852169284
19 0.08104733073853293 0.9639635566786908 0.012832540132989914 0.06441118864645912
34 0.07396373926861655 0.8043348848913003 0.01928729774793396 0.12451854033813714
18 0.12661559531810368 0.838672266242579 0.009501337537977411 0.19453220852169295
19 0.15232743420085565 0.9654876053697429 0.012832540132989817 0.06441118864645912
34 0.14544724437028395 0.8058589335823583 0.019287297747933974 0.12451854033813703
18 0.19771172183809738 0.8374450184138591 0.009146743390745532 0.19453220852169295
19 0.2238564685652677 0.9642603575410258 0.012832540132989817 0.06441118864645723
34 0.2163660738166617 0.8046316857536413 0.019287297747933974 0.12451854033813892
18 0.2680911661543323 0.8374450184138764 0.011407494141804642 0.19453220852169284
19 0.2953662882570318 0.9642603575410278 0.0128325401329899 0.06441118864645723
34 0.2878758935084259 0.8046316857536422 0.019287297747934085 0.12451854033813703
18 0.6251954095765191 0.8330476342181652 0.011407494141804642 0.19453220852169295
19 0.6522703725273564 0.9640194697754783 0.012832540132989956 0.06441118864645723
34 0.6451802960824736 0.8064690462031707 0.019287297747933918 0.12451854033813703
18 0.696875636448818 0.8338454652000933 0.011407494141804642 0.19453220852169284
19 0.72374719776031 0.9633241092680507 0.012832540132990067 0.06441118864645723
34 0.7164537196760838 0.8027873027170187 0.019287297747933807 0.12451854033813714
18 0.8307610261563678 0.836350374574639 0.009719485294438113 0.19453220852169284
19 0.8567885830441735 0.9658290186425734 0.012832540132989956 0.06441118864645712
34 0.8494951049599475 0.8052922120915346 0.01928729774793403 0.12451854033813903
18 0.9018417869299808 0.833380434829142 0.009719485294438113 0.19453220852169295
19 0.9278693438177867 0.9628590788970773 0.012832540132989956 0.06441118864645912
34 0.9205758657335608 0.8023222723460384 0.01928729774793403 0.12451854033813703
18 0.9614655353231826 0.5197547977047403 0.01318283909911111 0.19453220852169284
19 0.9892247691133205 0.6462470587939431 0.012832540132989956 0.06441118864645923
31 0.9819312910290947 0.48869663522163465 0.019287297747933918 0.12451854033813703
32 0.9156311887258395 0.2960618148838179 0.009270021107166015 0.08213760983165597
32 0.8440676426481313 0.29717749472810806 0.009270021107165793 0.08213760983165597
32 0.6403796724442969 0.29568864093538694 0.009270021107165793 0.08213760983165597
32 0.28323545653185506 0.2980577487210367 0.009270021107165793 0.07915122685292941
32 0.21153515238083392 0.2970434943171401 0.009270021107165932 0.07915122685293141
32 0.14012790124405422 0.2980577487210367 0.009270021107165849 0.07915122685292941
24 0.5276355084486772 0.5917249353536416 0.02228891799440047 0.1240530435789956
24 0.35457009163696984 0.5897253824132571 0.022288917994400748 0.1240530435789956
33 0.06867741511461661 0.2751397367639835 0.008619683748029128 0.11933065727767977
33 0.711469518595161 0.2733208460480474 0.008619683748029017 0.11933065727767977
