32 0.7479081262762233 0.7986447564617629 0.010740195394817076 0.07072448026782674
32 0.6648365488173005 0.7977384835153152 0.010740195394817187 0.0707244802678284
32 0.5821045009665206 0.7986447564617629 0.010740195394816965 0.07072448026782674
32 0.49952750497012577 0.3260143521589191 0.010740195394816965 0.07072448026782674
32 0.19195827924891187 0.7976867356793989 0.010740195394817131 0.0707244802678284
32 0.038554652672329444 0.3249369313988507 0.010740195394817076 0.0707244802678284
17 0.18683625441653418 0.4441379117033155 0.02975394914270227 0.48692581392585454
17 0.5766849641775882 0.4444929028945557 0.02975394914270235 0.48692581392585454
17 0.6594521435217067 0.4441224619552333 0.02975394914270224 0.4869258139258563
33 0.03836329948314815 0.7777872692608963 0.009986718112626282 0.10662625270058845
33 0.4993223612913888 0.7781666849412021 0.009986718112626414 0.10662625270058845
