32 0.6808745542213952 0.9016130091523175 0.010225520570291358 0.08732647094102552
32 0.6017838028070681 0.9004939960775957 0.01022552057029158 0.08732647094102752
32 0.5230163105947072 0.9016130091523175 0.010225520570291469 0.08732647094102552
32 0.44439644008457724 0.31803650055303156 0.010225520570291413 0.08732647094102552
32 0.1515660651438555 0.9004301008623563 0.010225520570291524 0.08732647094102752
32 0.005513606929442049 0.31670616412158553 0.01022552057029148 0.08732647094102763
17 0.1466894899643856 0.4638885952017464 0.028328126986677638 0.6012276481807499
17 0.5178564803607598 0.46432691765853595 0.02832812698667775 0.6012276481807499
17 0.5966574205500517 0.4638695187522365 0.028328126986677638 0.6012276481807521
33 0.005331423468132912 0.8758593981953791 0.00950815024646969 0.13165588948476403
33 0.44420112697995684 0.8763278785893714 0.009508150246469727 0.13165588948476414
