14 0.264736097270533 0.7645379829134733 0.05728172733381498 0.1040181319591239
14 0.632272014172385 0.764454348790448 0.057281727333814536 0.10401813195912435
18 0.20363354457405933 0.4824846157450393 0.04890983880308991 0.046364167345434026
19 0.3370368924093256 0.5127093669568887 0.0660578015284713 0.015351551046569933
34 0.30057283505363785 0.47466399386354535 0.09928482385012422 0.02967733973576292
18 0.5716077058569049 0.4828478525020345 0.0489098388030903 0.046364167345433915
19 0.7039640072786661 0.513072603713884 0.06605780152847085 0.015351551046569933
34 0.6685469963364827 0.4750272306205419 0.09928482385012416 0.02967733973576292
18 0.9375877664239611 0.48255535428727886 0.047084501842656334 0.046364167345433915
32 0.6411647237035702 0.3539995648574479 0.04771909599469337 0.018864643316874652
32 0.27427199465629715 0.2279328342979673 0.04771909599469332 0.018864643316874652
17 0.25022262529547246 0.12312068924706449 0.13219792593782925 0.1298798063514196
17 0.6170855159451493 0.25953512521426797 0.1321979259378292 0.1298798063514196
33 0.273360533501402 0.3485373611962841 0.0443713678168588 0.028440876734538323
