14 0.3484785379783392 0.6065689348845307 0.07063490228078273 0.049728092960124926
14 0.3483858205230327 0.8811725937026751 0.07063490228078262 0.049728092960124703
19 0.1773144905952035 0.07618494132118608 0.010424675848427989 0.0566088616671353
34 0.15147927167644187 0.044160320600096406 0.02015279406299053 0.08619231960615178
18 0.15662887118389396 0.5534750771392875 0.03148420730206458 0.04453861053826169
19 0.17715339232361338 0.6692413798263295 0.010424675848428322 0.05660886166713508
34 0.15131817340485215 0.6372167591052391 0.020152794062990753 0.08619231960615181
18 0.10530377654679335 0.8180570278219731 0.031484207302064915 0.062481805070918606
19 0.12582829768651677 0.9427949277753387 0.010424675848427989 0.05660886166713508
31 0.09999307876775593 0.9107703070542479 0.020152794062990753 0.0861923196061517
32 0.06941571038821076 0.614036879300748 0.012810288092588773 0.04142646795143745
23 0.21125033871808258 0.24915107851879706 0.019546595751550044 0.09724453840430353
33 0.06581133045152598 0.021599100204230774 0.0193131573417733 0.03852019843441566
