20 0.24096899599936078 0.6767556491885208 0.30484841551973985 0.3631562580540897
14 0.9270736739966365 0.7650678371797388 0.04831234654133032 0.18056668681636723
16 0.617580250952841 0.7429675723987409 0.048398062861432334 0.22426429426166417
18 0.5595672586596201 0.2742362571149099 0.049527198765130565 0.08048427641302436
19 0.6771169198696609 0.32842354823457287 0.05571423118237617 0.02664899530267162
34 0.6463343815680349 0.26323983425659364 0.08373844573836065 0.05151735383708134
18 0.8707767845820567 0.27456634563736254 0.049527198765130565 0.08048427641302436
34 0.955777715319652 0.26171657770862566 0.08373844573836065 0.05151735383708145
32 0.6254918163062 0.051913434189816754 0.04024706672862044 0.03398298998316762
24 0.13599758116507527 0.17439323909877774 0.09677039129241527 0.05132476274835207
33 0.9341381234380659 0.04265915285438582 0.03742353798076625 0.049370958556786526
