18 0.9586887507907424 0.8832176148286935 0.012802255389140482 0.12913861300169005
19 0.930053581027279 0.9674029388255243 0.013461863445233369 0.042758839920670755
34 0.9376691920524161 0.8614347527519592 0.02049695405268237 0.08266061293633398
18 0.8165516584851694 0.8825568388672713 0.010591498847513536 0.12913861300168883
19 0.7890218669925192 0.9667421628640867 0.013461863445233258 0.04275883992067209
34 0.7966374780176566 0.860773976790523 0.02049695405268237 0.0826606129363352
18 0.7536327799691649 0.6720369591693331 0.014858478035157385 0.12913861300169005
19 0.7239694988826938 0.7562222831661651 0.013461863445233258 0.042758839920670866
31 0.7315851099078313 0.6502540970926034 0.02049695405268248 0.0826606129363352
18 0.5346157229407212 0.8834176020469175 0.010097240240707572 0.12913861300168883
19 0.5070751363231618 0.9676029260437637 0.013637368434013641 0.04275883992067209
34 0.5146029948539093 0.8616347399702136 0.02049695405268248 0.08266061293633387
18 0.4586489318048029 0.8844293292853278 0.010097240240707683 0.12913861300168883
19 0.43132450372382936 0.968614653282174 0.013637368434013641 0.04275883992067209
34 0.43863620371799095 0.8626464672086276 0.02049695405268248 0.08266061293633398
18 0.38309381477135995 0.8836146308679573 0.009720406739293974 0.12913861300168883
19 0.3553093278313358 0.9677999548648053 0.01363736843401353 0.042758839920670755
34 0.363269503435255 0.861831768791259 0.02049695405268248 0.0826606129363352
18 0.3083003286513193 0.8836146308679689 0.012122946736064177 0.12913861300168872
19 0.27931457171291035 0.9677999548648066 0.013637368434013752 0.042758839920670755
34 0.2872747473168296 0.8618317687912596 0.020496954052682592 0.08266061293633398
32 0.2922062221525582 0.5255468105916486 0.009851416159183168 0.052543893532311925
32 0.3684034094907514 0.5248735061144856 0.00985141615918328 0.05254389353231326
32 0.44428916418314796 0.5255468105916486 0.00985141615918328 0.052543893532311925
32 0.5200326979672976 0.17441179270563767 0.00985141615918328 0.052543893532311925
32 0.8021497665077488 0.5248350606883669 0.00985141615918328 0.052543893532313146
32 0.9428588421045618 0.17361133603925916 0.00985141615918328 0.05254389353231326
17 0.806847930400165 0.262170256434949 0.02729173209692115 0.3617556188206207
17 0.4492602201402436 0.2624339928284411 0.027291732096921262 0.3617556188206207
17 0.3733422411773893 0.2621587782322778 0.02729173209692115 0.361755618820622
24 0.032477943983113045 0.7204953666895644 0.023686829227498873 0.08235159672616943
24 0.21639763780740134 0.7191679798506085 0.023686829227499095 0.08235159672616943
33 0.9430343603172866 0.5100509938294229 0.00916029109111105 0.07921667926625642
33 0.5202208654705294 0.5103328761003845 0.00916029109111105 0.07921667926625642
