16 0.09201698347716786 0.6314722060336855 0.04665473641187823 0.17121252572664647
14 0.6900567157500677 0.6475161127787389 0.04657210764361597 0.13785198670926957
14 0.39068013354733827 0.6476028666084102 0.04657210764361641 0.13785198670926935
19 0.9300935042846992 0.3138863384670596 0.05370737208318255 0.020344931897739116
18 0.7393789835743174 0.2743118045255458 0.039765460707829936 0.06144498521854547
19 0.6317685429672594 0.3143677248143677 0.05370737208318199 0.020344931897739116
34 0.6605638486046435 0.2639473782148578 0.08072213808740802 0.03933045292938475
18 0.4418240115180831 0.27392416576244205 0.038281396009295254 0.06144498521854547
19 0.33240174391208727 0.313980086051265 0.0537073720831821 0.02034493189773856
34 0.3637509088976764 0.263559739451755 0.08072213808740802 0.03933045292938531
18 0.1472685327331547 0.2739241657624475 0.047743200181823986 0.06144498521854547
19 0.03311536304089607 0.3139800860512655 0.05370737208318255 0.02034493189773845
34 0.06446452802648517 0.26355973945175526 0.08072213808740836 0.03933045292938475
32 0.08388591091299075 0.10355318676000475 0.038797343913352766 0.025000723535535507
32 0.38396951662223877 0.10323282414587093 0.0387973439133531 0.025000723535536173
32 0.6828266225806308 0.10355318676000475 0.038797343913352766 0.025000723535535507
33 0.9818646777364244 0.09631429857464519 0.03607552031765182 0.037691807070234895
