18 0.8734852557542561 0.898272904131429 0.15392279125453812 0.028048536740358565
19 0.9738273591039954 0.8253681737195202 0.050965081925649414 0.035649871361309926
34 0.847521844390051 0.8455359279452589 0.09852477097462176 0.05428028431944498
18 0.6225625708617641 0.7316503607949281 0.15392279125453978 0.039348403193450454
19 0.7229046742115234 0.6530956971564765 0.05096508192564797 0.035649871361309926
31 0.5965991594975812 0.6732634513822152 0.09852477097462176 0.05428028431944498
18 0.8745112159077739 0.15164671265501256 0.15392279125453812 0.026739635054976563
34 0.8485478045436216 0.09864876145856477 0.0985247709746202 0.05428028431944509
32 0.44710980297536 0.8601336377183294 0.06262807511932278 0.026088640716822153
33 0.42982437084018904 0.11352607510996016 0.0944198803375581 0.024258394861812027
