23 0.270271022211116 0.5550142820052868 0.08250481695130851 0.08020470992258355
19 0.41411460640337966 0.9614203792043059 0.044001829453248376 0.04729818417597487
18 0.5030416153429595 0.7970142704907617 0.13289264244941235 0.042045748800609295
19 0.4145896346570002 0.6979710535722712 0.044001829453248376 0.04729818417597553
34 0.5242586740159902 0.7248533595020477 0.08506353773099473 0.07108913369329095
18 0.5013304127179065 0.30353942020915803 0.13289264244941235 0.03582408477104093
19 0.41287843203196295 0.2076070353054631 0.04400182945324849 0.04729818417597498
34 0.5225474713909577 0.23448934123523896 0.08506353773099617 0.07108913369329162
18 0.503359295974278 0.04154990920067447 0.13289264244941235 0.03582408477104093
32 0.8696607230781821 0.2544938851035643 0.056111448576858014 0.03416744939801308
33 0.885958142961363 0.7432241308577145 0.08151948971004297 0.031770435566753186
