20 0.7576813367588096 0.6934040743669904 0.34094670177640163 0.2879408563396535
14 0.8405926140794904 0.045352260863681104 0.1695237654738787 0.04563283824576081
16 0.8198439357396443 0.3376805024613501 0.21054895725723188 0.04571380055147045
18 0.3797788331260642 0.3924759674509135 0.07556209752495513 0.046780312110930033
19 0.4306521907392353 0.28144586728277404 0.025019222036227196 0.05262419819242925
34 0.3694549187731324 0.3105211387542258 0.048366705751177186 0.07909412857976239
18 0.3800887344165651 0.09852680178972145 0.07556209752495513 0.04678031211092992
32 0.1710526125947372 0.3302077298082616 0.03190469142221353 0.038014876473083326
24 0.28604191703819143 0.7925535451852566 0.048185892960436294 0.09140329396023084
33 0.16236429557238202 0.03867962122320506 0.04635157762025577 0.03534794679863962
