24 0.14250431081046122 0.7399432976152274 0.03341761204542279 0.12216480138769914
35 0.054962925648833295 0.5275611134680628 0.043829412642871865 0.09192840750001907
14 0.4736344566895081 0.8345093376570031 0.11345340499081447 0.06198981451193686
14 0.4737256770936043 0.4367649892289713 0.1134534049908148 0.0619898145119363
14 0.47365427792405185 0.03827972113721029 0.11345340499081458 0.06198981451193675
18 0.7812723107028663 0.9006340179723651 0.05056976659579404 0.05292982555402881
19 0.7483059338279952 0.7562660114109125 0.01674405899548448 0.07148720987327717
34 0.7898023252771509 0.7957271145766567 0.032369310817989216 0.10744522033095627
18 0.7808761254789756 0.5024154050772307 0.05056976659579404 0.052929825554029364
19 0.7479097486041044 0.3591805035386123 0.016744058995484368 0.07148720987327661
34 0.7894061400532586 0.3975085016815232 0.032369310817989105 0.10744522033095638
18 0.7811951556114415 0.1063547915868549 0.05056976659579404 0.05095446089821709
32 0.9216756403047257 0.029347552946952515 0.020575816715087236 0.05164121347370976
32 0.921411979038226 0.42714137206508607 0.020575816715086792 0.0516412134737092
33 0.9273696480757343 0.825176043653734 0.03102069077461811 0.048018329555230777
