19 0.10013810405531381 0.04261679175109251 0.053110980111991 0.03021352734140359
34 0.2317617457045838 0.025524472187343716 0.10267318238407797 0.04600293891002816
18 0.20552589137188043 0.29735815456309966 0.1604037508863082 0.023771340521887563
19 0.10095885735478366 0.3591454480793509 0.053110980111992556 0.03021352734140348
34 0.23258249900405215 0.34205312851560177 0.10267318238407963 0.04600293891002827
18 0.46701374194405626 0.4385719816136826 0.16040375088630976 0.033348060184478445
19 0.3624467079269388 0.5051476349612267 0.05311098011199111 0.030213527341403368
31 0.4940703495762048 0.4880553153974773 0.10267318238407952 0.04600293891002816
18 0.20445673289610938 0.9301293256384204 0.1604037508863082 0.022662036747472802
34 0.23151334052822592 0.9750454778254393 0.10267318238407785 0.04600293891002827
32 0.6498539947940987 0.3296814624615918 0.06526504670329436 0.022110314273201315
33 0.6682173620504712 0.013482999717996103 0.09839545424650786 0.020559167492855246
33 0.6678672345981189 0.9624368454346672 0.09839545424650786 0.020559167492855357
