0 0.7858922309121805 0.3954041887435123 0.10582201158335136 0.24288029033304526
31 0.6120051175598462 0.3505654661818745 0.017129133381174166 0.16025932769247386
11 0.8971586750967477 0.17125694461876706 0.029740022123124876 0.23856421724865862
14 0.3679016737591782 0.10721313222799417 0.08887511101533507 0.09394996109421327
16 0.35702390045275983 0.7090653943408419 0.11038311883936325 0.09411664819420396
18 0.12631385965447905 0.8218795869664136 0.03961444454297913 0.0963124072872088
19 0.15298490069084691 0.5932882042673029 0.013116663199235212 0.10834393745500126
34 0.12090140888886058 0.6531490572967624 0.025356895129516666 0.1628408529583344
18 0.1264763295684766 0.21669012825219447 0.03961444454297902 0.0963124072872088
32 0.01688633502583703 0.6936802741727182 0.016726463007312953 0.0782659221504659
33 0.01233136812936847 0.09347534473289615 0.024300437140602038 0.07277518458543464
