31 0.24235284699390303 0.9420895218793082 0.019480749848378665 0.08491738963407569
24 0.2245392206053697 0.3233544772877397 0.030857529406600803 0.09836063052906668
26 0.07217331456528506 0.4822086759006202 0.041260017838008096 0.18844857957762895
35 0.14370427455214024 0.4943533682003465 0.04047169461609412 0.07401588692097127
14 0.5303018885059401 0.24721490828351586 0.10476187754003696 0.049910916831302055
14 0.5303861206257592 0.5674576005840267 0.1047618775400374 0.049910916831301666
14 0.5303201912597987 0.8882968421726136 0.10476187754003718 0.049910916831302
18 0.8143719804651595 0.1939748164119561 0.04669567824575871 0.042616293368868796
19 0.7839311176511825 0.31021229228312563 0.01546131698868014 0.0575577167729695
34 0.822248520991363 0.27844030113129475 0.029889537261963417 0.08650920313411559
18 0.8140061465096976 0.5145993613532591 0.04669567824575882 0.042616293368869185
19 0.7835652836957205 0.6299245210479555 0.01546131698868014 0.05755771677296906
34 0.8218826870358997 0.5990648460725971 0.029889537261963417 0.08650920313411548
18 0.8143007361315047 0.8334863994208779 0.04669567824575871 0.041025834326138044
19 0.783859873317527 0.9507532781236272 0.015461316988679807 0.05755771677296906
34 0.8221772766577061 0.9171566546188503 0.02988953726196386 0.08650920313411559
32 0.9440191816501247 0.8954885511199169 0.0189995284069856 0.04157877114243547
32 0.9437757191527645 0.5752060276387726 0.018999528406985156 0.04157877114243491
33 0.9492769784070112 0.2547295824993834 0.028644233360832216 0.038661816811012994
