24 0.5797701286471606 0.297016086968943 0.09100031123777585 0.023255982516599105
26 0.7267372783842473 0.18218450728207397 0.17434698518746616 0.031095887192771315
35 0.7379731841853546 0.2360942915985722 0.06847728313776935 0.030501762147156386
14 0.5093280784119603 0.5274561576961627 0.04617608632011616 0.07895448661408488
14 0.805607031832841 0.5275196397941634 0.04617608632011583 0.07895448661408522
18 0.4600719389933744 0.7415474741150048 0.039427319035143904 0.03519250885496372
19 0.5676113724524156 0.7186055151505063 0.053250676742339076 0.011652524504940587
34 0.5382168772371162 0.7474836813322128 0.08003572534856951 0.022526448790963993
18 0.7567041710479132 0.7412717609183941 0.03942731903514429 0.03519250885496361
19 0.8633995568879045 0.7183298019538956 0.05325067674233874 0.011652524504940587
34 0.8348491092916545 0.7472079681356011 0.08003572534856951 0.022526448790963993
32 0.8127756446181842 0.8390734634723298 0.0384674345263345 0.014319121101184273
32 0.5170151793657904 0.9347638378615891 0.03846743452633433 0.014319121101184384
17 0.7933648546904775 0.9107762636941739 0.10656771580702562 0.09858467210354105
33 0.5162804300674567 0.8432195241420045 0.03576875568910043 0.021587917213437002
