18 0.9444748583589385 0.2723689727149605 0.023365642586221202 0.1442115741406886
19 0.8922122591722038 0.17835760143774268 0.024569505938200287 0.04774961934358818
34 0.9061116573548071 0.29669431396153434 0.03740938513907699 0.0923086970960953
18 0.6850577169172886 0.2731068739463279 0.01933074829403103 0.1442115741406872
19 0.6348125648766487 0.17909550266912727 0.024569505938200287 0.047749619343589594
34 0.6487119630592524 0.2974322151929175 0.03740938513907699 0.09230869709609674
18 0.5702232613745648 0.5081984746184733 0.02711849409278344 0.14421157414068864
19 0.5160842364345509 0.4141871033412541 0.024569505938200065 0.04774961934358812
31 0.5299836346171547 0.5325238158650423 0.03740938513907688 0.09230869709609679
18 0.17049101738624473 0.2721456431400352 0.018428667402754062 0.14421157414068714
19 0.12022616295546873 0.17813427186280018 0.02488982346939217 0.04774961934358962
34 0.13396540237247667 0.2964709843865754 0.0374093851390771 0.0923086970960953
18 0.0318425655197353 0.2710158278643342 0.018428667402754284 0.1442115741406871
32 0.658772546821774 0.6725816672439058 0.017980009142674724 0.058676777004538994
33 0.9159037291641414 0.6890913191936412 0.016718623485843298 0.08846279009544078
33 0.144218686105195 0.6887765358374255 0.01671862348584352 0.08846279009544089
