17 0.10304589682925414 0.8679357575671026 0.11716513180466626 0.10785166419024272
14 0.683960296884319 0.8554878911347705 0.09383520412780999 0.046732424709514775
14 0.6843466030599712 0.2991624123116115 0.0938352041278101 0.046732424709515
14 0.6842234322044314 0.041101142578897354 0.0938352041278101 0.046732424709514775
18 0.4296971963855055 0.9107562337616948 0.04182531473247786 0.05059204539322948
19 0.4569630744229054 0.7975955628892124 0.013848700212184317 0.053198689277548894
34 0.42264217975681023 0.8276909895909593 0.0267720557909078 0.08100001119614264
18 0.4294831847749443 0.3490578448914785 0.041825314732477414 0.04185556171065552
19 0.4567490628123391 0.24026541586028233 0.01384870021218465 0.05319868927754856
34 0.4224281681462444 0.2703608425620301 0.026772055790908134 0.08100001119614264
18 0.3613001679285854 0.10041456593666559 0.04182531473247775 0.05871784091001986
32 0.313624530177202 0.2921443440650457 0.017017875855845355 0.038930897592917124
32 0.199870460162761 0.8481994861825717 0.017017875855845244 0.0389308975929169
17 0.22855285524059654 0.31071058209772645 0.11716513180466581 0.10785166419024261
23 0.5020452807124023 0.6350490725107346 0.025966749342406836 0.09138643368115273
33 0.3088362779648817 0.8488931003244233 0.025656637200598964 0.036199704552824286
