23 0.14770372766725792 0.8949404316907079 0.026911058271034127 0.07277347956730795
19 0.9904939244794626 0.7680293226140829 0.015869943195385372 0.03881187008184084
18 0.9341398618468459 0.6925332886333488 0.011750260310524396 0.11721812564768674
19 0.9023421492903761 0.7689476596458706 0.01586994319538526 0.03881187008184073
34 0.9108508483205815 0.6727611522868056 0.023852512166730233 0.07503040251144155
18 0.8462156100937874 0.6917937931468126 0.01131173536412533 0.11721812564768674
19 0.8138825224028113 0.768208164159336 0.01586994319538526 0.03881187008183962
34 0.8231458590407225 0.672021656800271 0.023852512166730344 0.07503040251144277
18 0.7591776759165885 0.691793793146823 0.014107595390777106 0.11721812564768674
19 0.7254466582122872 0.7682081641593372 0.015869943195385372 0.03881187008183962
34 0.7347099948501981 0.6720216568002716 0.023852512166730455 0.07503040251144166
18 0.31754850513598254 0.6891440872853047 0.014107595390777217 0.11721812564768674
19 0.2840650233316019 0.7680630138390703 0.015869943195385483 0.03881187008183962
34 0.29283328816967263 0.6731287842506285 0.023852512166730233 0.07503040251144166
18 0.22890189917125403 0.6896248315949279 0.014107595390777217 0.11721812564768674
19 0.19566996323610925 0.7676440145589536 0.015869943195385594 0.03881187008183973
34 0.20468977394341387 0.6709102977910241 0.023852512166730233 0.07503040251144166
18 0.06332645523490249 0.6911342000642056 0.012020042634784178 0.11721812564768674
19 0.031138295677757888 0.7691533830282173 0.015869943195385372 0.03881187008183962
34 0.04015810638506251 0.6724196662602837 0.023852512166730455 0.07503040251144266
32 0.0468702239931878 0.36624797759257804 0.011464192347432678 0.0494931751549722
32 0.21076534077508519 0.045934514719250974 0.011464192347432678 0.0494931751549722
32 0.2987701972812547 0.3653508477431178 0.011464192347432678 0.0494931751549722
32 0.7404488018561954 0.36677838704985544 0.011464192347432678 0.047693687975483234
32 0.8291202372989179 0.36616723375519983 0.011464192347432789 0.047693687975484234
32 0.9174292554305665 0.36677838704985544 0.011464192347432678 0.047693687975483234
24 0.43820038488860996 0.5437316918156558 0.027564602081265765 0.0747499108745231
24 0.6522295876359825 0.5425268329926036 0.027564602081265988 0.07474991087452298
33 0.2108537124317319 0.3518728174904901 0.010659923134916705 0.07190437041090958
