23 0.22890645221942635 0.6484331933941279 0.02787982026645397 0.09447601062055222
14 0.42392783056787 0.8771967886368155 0.10074840678948593 0.04831234654133032
14 0.4242234158533867 0.3021430852845131 0.10074840678948538 0.04831234654133032
18 0.15024919874461878 0.9334936780513954 0.044906747546756276 0.049527198765130453
19 0.1801386696247465 0.8168271129267679 0.01486898755591104 0.05571423118237695
34 0.14307958363310364 0.8484927473137999 0.028744456757821335 0.08373844573836053
18 0.15082744403245596 0.35221191490829656 0.044906747546756165 0.04219847707905522
19 0.1807169149125783 0.23920971062671986 0.01486898755591104 0.05571423118237606
34 0.14365782892093382 0.2708753450137511 0.02874445675782189 0.08373844573836142
18 0.15014184890456617 0.04360505318655977 0.044906747546756165 0.04219847707905522
32 0.026362191808551483 0.2944394162607822 0.018961039597680918 0.04024706672862033
33 0.020855008665315422 0.8701323391953861 0.027546860962922137 0.03742353798076614
