14 0.19734443769585502 0.9592225048372078 0.1539968139815261 0.05839040592737221
14 0.1967104547379151 0.2641147560280565 0.1539968139815261 0.058390405927372435
19 0.5698789184020487 0.8868882194379191 0.022727671669545813 0.06646976015108785
34 0.626204350639349 0.9244913224781663 0.04393672219138467 0.10120646560206215
18 0.6149772958573363 0.32645722125150334 0.06864124474864541 0.052296949148152416
19 0.5702301416608309 0.1905251755157506 0.022727671669546368 0.06646976015108763
34 0.6265555738981304 0.22812827855599882 0.043936722191385336 0.10120646560206215
32 0.8051177004749521 0.2553459438748207 0.027928736201860094 0.048642691401042715
23 0.49589265492694307 0.6837924970510467 0.042615100647523385 0.11418390961021452
33 0.8129758981747511 0.9509825619107313 0.04210616285323532 0.04523016848428163
