18 0.5484240607455766 0.20483845474012227 0.026160042956770102 0.1792747804023444
19 0.4863348599936566 0.08413892001083373 0.02942800556813474 0.059359330713401756
34 0.5025940578559815 0.2293324476166858 0.044230269271577694 0.1147523803116165
18 0.3840445931060942 0.204103198737169 0.026160042956770102 0.1792747804023444
19 0.32242183972259725 0.08477974243924732 0.029428005568135185 0.05935933071340176
34 0.3391474849533417 0.2327254269078456 0.044230269271577694 0.1147523803116165
18 0.07701418813765287 0.20179475284297968 0.022289045224087478 0.1792747804023444
19 0.017326933620504137 0.0824712965450794 0.02942800556813474 0.059359330713401756
34 0.03405257885124824 0.23041698101368394 0.04423026927157814 0.11475238031161833
32 0.04649901497984915 0.6986795636819396 0.021258319080342702 0.07569544435466335
32 0.5136030068006725 0.7000516446281728 0.021258319080342702 0.07569544435466335
24 0.7721516535575449 0.42723388310546756 0.051113684122497505 0.11432339310221162
33 0.3505774197629765 0.7206651026616033 0.0197669439334498 0.10997139004021472
