23 0.9291486958979331 0.3989955635266409 0.137197720849484 0.04548342472956751
18 0.06324754358322086 0.5276182787800179 0.07192321887856165 0.07326132852980427
19 0.2339527363481898 0.4782939496839144 0.08090800497285633 0.024257418801149733
34 0.18925044558458823 0.5376278431766905 0.12160466797146935 0.046894001569650956
18 0.5151848913052087 0.5273178135865033 0.07192321887856168 0.07326132852980427
19 0.6846076551296033 0.4785558242339873 0.08090800497285744 0.024257418801149733
34 0.6386229354254379 0.5390143972139434 0.1216046679714693 0.046894001569650956
32 0.6076485339812848 0.9296242616338015 0.05844664470667871 0.030933234471857696
32 0.15898294771081248 0.7299890534938848 0.05844664470667865 0.030933234471857585
33 0.6071979983777597 0.738412822401777 0.054346326473360795 0.04494023150681847
