18 0.4679939765637867 0.4107461430401487 0.15037851645591394 0.033118947989520864
19 0.3699623821727226 0.5010792671457434 0.049791543854993126 0.044730568463564824
34 0.4933595462188961 0.47638789116489183 0.09625610848507304 0.06723000929279832
18 0.4668158468190589 0.6599172179659614 0.15037851645591382 0.03311894798952131
19 0.36878425242799484 0.749541342071554 0.049791543854993126 0.0447305684635646
34 0.49218141647416375 0.725558966090704 0.09625610848507293 0.06723000929279832
18 0.4677645416866551 0.9077380018356536 0.15037851645591405 0.03188293410488441
32 0.8855091409061582 0.9559225311560497 0.06118598128433839 0.032312645002121165
32 0.8847250955610407 0.707017255764989 0.06118598128433694 0.03231264500212094
33 0.9024413219094207 0.4579612755423779 0.09224573835610117 0.030045754778844413
