19 0.9335365455121198 0.4998891277302411 0.046063246602467744 0.04263839248427459
34 0.9595953277978351 0.39421944358927774 0.07013562817430541 0.08242776613933023
18 0.5451603694216827 0.41528203087046206 0.03624155194320544 0.1287748422608389
19 0.45096006947067674 0.4992302131095398 0.046063246602467633 0.04263839248427581
34 0.4770188517563926 0.393560528968578 0.0701356281743053 0.08242776613933145
18 0.3298671576888267 0.20535516491815192 0.050842124543549305 0.12877484226084024
19 0.22836657143765277 0.2893033471572464 0.046063246602467633 0.04263839248427448
31 0.25442535372336905 0.1836336630162863 0.0701356281743053 0.08242776613933145
32 0.49588057213381753 0.05856791967234348 0.03370916766242171 0.05239588256461658
23 0.7927921179265824 0.6386915262497349 0.0791289388505958 0.07994832966549459
33 0.9779536382838897 0.043825498072156965 0.031344304538287515 0.07899353369085849
