18 0.28549428724634157 0.9620270718622639 0.10366228798775123 0.025852223723365264
19 0.21632556911736062 0.9037661661657699 0.034323422521354785 0.027184202700312965
34 0.3029798500018153 0.9195812434865405 0.06635341718698917 0.04139050704042113
18 0.2842198738109807 0.6113890693188607 0.10366228798775134 0.025852223723365375
19 0.2166425389019601 0.5535646631826143 0.034323422521354785 0.027184202700312965
34 0.30170543656645443 0.5689432409431375 0.06635341718698928 0.04139050704042124
18 0.28475029260994544 0.3243646507317054 0.10366228798775023 0.021387934348189086
19 0.21717295770093725 0.2687723892830467 0.034323422521355784 0.027184202700312854
34 0.3022358553654305 0.2841509670435702 0.06635341718699017 0.04139050704042113
18 0.4537390395783584 0.1973094659711545 0.10366228798775123 0.030004455205559832
19 0.3861617046693369 0.13740894409381266 0.034323422521354785 0.027184202700312854
31 0.4712246023338286 0.15278752185433653 0.06635341718699028 0.04139050704042124
32 0.5719011077467531 0.2952822022003444 0.04217809140689088 0.01989344898987233
32 0.8538357982814111 0.579422956439819 0.04217809140689088 0.01989344898987222
32 0.5686345120645214 0.9301324457392572 0.036818001792757515 0.01989344898987233
27 0.4440282565012468 0.8429391096500871 0.12096351650579007 0.04636664915381061
17 0.7827476853107211 0.3047694355310282 0.2903888640873009 0.05511153640679933
23 0.10490818181710687 0.4705044073251863 0.06435749893707621 0.046697904985707694
33 0.5837685899872659 0.5797773889960334 0.06358889900284526 0.018497826161117836
