19 0.961875746284081 0.6122711018971586 0.0201095891153259 0.03401489737509533
34 0.9732520917061467 0.5279728145487497 0.030618742033154844 0.06575698197631952
18 0.792324403306408 0.5447755527168856 0.015821783574424764 0.10273049214066932
19 0.7511998741801067 0.6117454509076106 0.0201095891153259 0.03401489737509633
34 0.7625762196021727 0.5274471635592026 0.030618742033154733 0.06575698197632063
18 0.698334979056085 0.37730580572122235 0.022195878704438288 0.10273049214067032
19 0.6540234023647787 0.4442757039119606 0.020109589115325788 0.03401489737509533
31 0.6653997477868449 0.3599774165635542 0.030618742033154733 0.06575698197632063
18 0.3711631098711099 0.5454602946620424 0.01508345061331462 0.10273049214066932
19 0.33002245478072845 0.6124301928527918 0.0203717618246555 0.03401489737509644
34 0.3412677138481299 0.5281319055043946 0.030618742033154733 0.06575698197631952
18 0.2576824641664457 0.5462651293640586 0.015083450613314842 0.10273049214066932
19 0.21686471083273406 0.613235027554808 0.020371761824655277 0.03401489737509644
34 0.22778706814346594 0.5289367402064139 0.030618742033154733 0.06575698197631952
18 0.14481678511063267 0.5456170321960829 0.0145205295207671 0.10273049214066932
19 0.10331178705318589 0.6125869303868339 0.020371761824655277 0.03401489737509544
34 0.1152028496339268 0.5282886430384399 0.030618742033154733 0.06575698197632052
18 0.03308884488186675 0.545617032196092 0.01810948972414017 0.1027304921406692
32 0.009047160743183902 0.2607720695493115 0.01471623389816834 0.0417989624953673
32 0.12287197670186417 0.26023645205511886 0.014716233898168452 0.041798962495368186
32 0.23623156861711625 0.2607720695493115 0.01471623389816834 0.0417989624953673
32 0.7708105815886739 0.2602058685026559 0.014716233898168452 0.0417989624953683
23 0.560702181403118 0.7233607095516152 0.0345449043388093 0.06377900456460706
23 0.9004316923414033 0.7230011052104626 0.03454490433880919 0.06377900456460806
33 0.9812666826860703 0.2484450602598106 0.013683818051522967 0.06301731339383099
33 0.34965979643483114 0.24866929918996883 0.013683818051523078 0.06301731339383099
