23 0.6132746815019194 0.8420442649985285 0.02038215660988496 0.06693787035672205
18 0.017636104635766967 0.6558678834127502 0.008899525371464432 0.1078185589683911
19 0.041719362552816816 0.7261546869384188 0.012019730489249585 0.03569959748093854
34 0.03527496209731011 0.637681248565694 0.018065645491346982 0.06901381363080705
18 0.08422902160650961 0.655187687092587 0.008567391122233828 0.1078185589683911
19 0.10871776710144077 0.7254744906182571 0.012019730489249578 0.03569959748093743
34 0.10170181194343746 0.6370010522455323 0.018065645491346982 0.06901381363080805
18 0.15015065083169704 0.6551876870925966 0.01068494652821625 0.1078185589683911
19 0.17569817402961901 0.7254744906182582 0.012019730489249675 0.03569959748093743
34 0.16868221887161577 0.6370010522455329 0.018065645491347065 0.06901381363080705
18 0.48463600743443624 0.6527504576445018 0.010684946528216221 0.10781855896839121
19 0.5099960495073894 0.7253409797104655 0.012019730489249758 0.03569959748093732
34 0.5033550565993228 0.6380194006078894 0.018065645491346982 0.06901381363080716
18 0.551776027998125 0.6531926517028819 0.010684946528216277 0.1078185589683911
19 0.5769455518369122 0.7249555794292262 0.012019730489249869 0.03569959748093743
34 0.5701140406946812 0.6359788116474043 0.018065645491346816 0.06901381363080705
18 0.6771811530984788 0.6545809859081136 0.009103855707650266 0.1078185589683911
19 0.7015601315269802 0.7263439136344452 0.012019730489249647 0.03569959748093732
34 0.6947286203847493 0.6373671458526193 0.018065645491347038 0.06901381363080816
18 0.7437596775850877 0.6529349108133217 0.009103855707650266 0.1078185589683911
19 0.768138656013589 0.7246978385396537 0.012019730489249647 0.03569959748093843
34 0.7613071448713583 0.6357210707578279 0.018065645491347038 0.06901381363080694
18 0.7996068737768005 0.47910938080333476 0.012347841612986965 0.1078185589683911
19 0.8256078451579663 0.5492171198504167 0.012019730489249647 0.03569959748093843
31 0.8187763340157356 0.46189554074784006 0.018065645491346816 0.06901381363080705
18 0.9922197772688532 0.6533971695897969 0.009103855707650488 0.1078185589683911
32 0.756675662376602 0.3551286002304179 0.008682860461222686 0.045524382807639485
32 0.6896449320773284 0.355746960521475 0.008682860461222464 0.045524382807639596
32 0.5655124693476995 0.06111901118044294 0.008682860461222575 0.045524382807639485
32 0.49885850317239316 0.3549217703297545 0.008682860461222464 0.045524382807639596
32 0.16433570592619054 0.35623483714491416 0.008682860461222519 0.04386919412839252
32 0.09717687977321873 0.35567269142577335 0.008682860461222588 0.04386919412839363
32 0.03029254473531374 0.35623483714491416 0.008682860461222512 0.04386919412839252
23 0.8810353924092725 0.8420789839385869 0.02038215660988474 0.06693787035672205
24 0.3932555242283195 0.518998490113457 0.02087714391797979 0.06875581424779242
24 0.23115202441236332 0.5178902473281024 0.020877143917979984 0.06875581424779231
33 0.5654455375708993 0.3425245255219132 0.00807371529565859 0.06613845391569517
