19 0.9873456026380296 0.09433886702217358 0.009925638558206717 0.03682878182948396
18 0.9612526855520882 0.3481725461169247 0.010955383933436647 0.11122887835182066
19 0.9393814930747157 0.2756625590247629 0.009925638558206828 0.03682878182948279
31 0.9449965999834234 0.36693442732169923 0.015112718851945761 0.07119673231012813
18 0.7997680474861579 0.16610746685010014 0.007444850222435573 0.11122887835181951
19 0.7794619502241424 0.09359747975792618 0.01005504108044164 0.036828781829483945
34 0.7850123558717328 0.18486934805485256 0.01511271885194565 0.07119673231012702
18 0.7437565662889618 0.16523605214840373 0.007444850222435573 0.11122887835181955
19 0.7236098460340117 0.09272606505622974 0.01005504108044164 0.036828781829483945
34 0.7290008746745367 0.18399793335315281 0.015112718851945761 0.07119673231012702
18 0.6880486187267316 0.1659377631940222 0.0071670050974370625 0.11122887835181951
19 0.6675626900130851 0.09342777610184655 0.010055041080441529 0.03682878182948285
34 0.6734318496748058 0.18469964439876962 0.015112718851945539 0.07119673231012816
18 0.6329022333280121 0.16593776319401224 0.008938434716121768 0.11122887835181955
19 0.6115305898050232 0.09342777610184544 0.010055041080441751 0.03682878182948285
34 0.617399749466744 0.18469964439876907 0.015112718851945761 0.07119673231012705
18 0.353090302065926 0.16845208262465008 0.008938434716121768 0.11122887835181955
19 0.3318754948725917 0.09356550998239077 0.01005504108044164 0.036828781829482835
34 0.3374309818750046 0.18364908550426978 0.01511271885194565 0.07119673231012702
18 0.2969246779270662 0.16799590189289076 0.008938434716121879 0.11122887835181951
19 0.2758692477407975 0.09396310054016563 0.010055041080441751 0.036828781829482835
34 0.2815841117502747 0.18575421864112074 0.01511271885194565 0.07119673231012702
18 0.19201769305666755 0.16656365444029153 0.007615781669373489 0.11122887835181952
19 0.17162358939377542 0.09253085308757968 0.01005504108044164 0.03682878182948285
34 0.1773384534032525 0.18432197118853866 0.015112718851945761 0.07119673231012813
18 0.13632178544985446 0.1682617951706852 0.007615781669373489 0.11122887835181955
19 0.11592768178696228 0.09422899381797281 0.010055041080441751 0.036828781829483945
34 0.12164254579643918 0.1860201119189318 0.015112718851945761 0.07119673231012705
18 0.0896031129773393 0.3475854563002094 0.010329520681384374 0.11122887835181955
19 0.06785213980844507 0.2752601975265775 0.01005504108044164 0.03682878182948396
31 0.07356700381792192 0.36534377304845705 0.015112718851945539 0.07119673231012702
32 0.12551698763935504 0.4754877700785956 0.007263600353720312 0.046964326789389665
32 0.18159118559362863 0.47484985094621557 0.00726360035372009 0.046964326789389665
32 0.28543353158292945 0.7787969325048472 0.007263600353720201 0.046964326789389665
32 0.341192549529838 0.4757011420442435 0.00726360035372009 0.046964326789389665
32 0.6210358015614238 0.47434654270208365 0.007263600353720312 0.04525678421031243
32 0.6772171574151462 0.4749264691860635 0.007263600353720201 0.04525678421031354
32 0.7331688891986217 0.47434654270208365 0.007263600353720201 0.04525678421031243
32 0.7890157593233511 0.7767840033630274 0.007263600353720201 0.04525678421031243
17 0.7368341250616568 0.7009692616514157 0.02012261300402418 0.31158513153892886
17 0.6808586338289293 0.7012063077999358 0.02012261300402418 0.31158513153892986
17 0.18520127690026816 0.7007768654136748 0.020122613004024292 0.31158513153892886
17 0.12918885777126715 0.7018390181668817 0.020122613004024292 0.31158513153892875
24 0.42953415522968147 0.30643464766884243 0.017464662783024276 0.07093057236268602
24 0.5651409686595354 0.30757794436224956 0.017464662783024387 0.07093057236268607
33 0.789154498111861 0.4874505154755812 0.006754023232238615 0.06823042447750549
33 0.2854895230018648 0.4884905138168098 0.006754023232238504 0.06823042447750549
