0 0.19826519011699734 0.32031514138964245 0.11436158725882628 0.053827478340899126
31 0.17652430229500227 0.4088854903485523 0.07585395724291821 0.00844625956667966
24 0.7292203027183408 0.40116204471774 0.08786236947095605 0.013378884539000102
2 0.72155718523411 0.11460304610115093 0.12255422567733965 0.023817464553116785
2 0.7213496226180957 0.04826010594144678 0.123481008083004 0.02378309872731136
4 0.6788204214243331 0.0825980936793804 0.044342709936884495 0.014607421572256987
11 0.092183681713705 0.26336843166646917 0.11321027715084131 0.015199285000038032
26 0.5873209857308088 0.33510083036289373 0.16833502018100177 0.01788908656484056
35 0.5764725249573259 0.3661144751047588 0.0661159975123291 0.017547293635587324
14 0.7972333167385343 0.5337314211015569 0.04458380748149149 0.04542155806541015
14 0.5111708789528563 0.5337679415822048 0.044583807481491045 0.04542155806541037
14 0.22457556298538284 0.5337393566179552 0.04458380748149149 0.04542155806541026
18 0.844790968590962 0.6568955575178881 0.0380677563097942 0.020245823296101695
19 0.7409597914580947 0.643697326917851 0.051414446509844725 0.006703555948590734
34 0.7693406833901077 0.6603105854962553 0.07727587275034298 0.012959192639265815
18 0.5583874341934763 0.6567369430615562 0.03806775630979453 0.020245823296101695
19 0.4553711995893468 0.6435387124615193 0.05141444650984428 0.006703555948590734
34 0.48293714899262263 0.6601519710399228 0.07727587275034287 0.012959192639265815
18 0.2735359584811863 0.6568646681455904 0.03664705069526941 0.020245823296101806
19 0.16878524909810633 0.6436664375455532 0.05141444650984428 0.006703555948590512
34 0.1987960260875951 0.6602796961239568 0.07727587275034298 0.012959192639266037
32 0.21815144202096093 0.713106633673814 0.037140971266806044 0.008237616612240428
32 0.5042494597118353 0.7130010757531251 0.0371409712668056 0.008237616612240206
32 0.7898112882313878 0.7680505869717468 0.0371409712668056 0.008237616612240206
17 0.8085295166008968 0.8138188664315298 0.10289296698609374 0.05671456557240917
17 0.522990912055828 0.7542508266336279 0.10289296698609374 0.05671456557240917
17 0.2367714051613889 0.7542939736518041 0.10289296698609374 0.05671456557240928
33 0.7905207013470205 0.7153862541454667 0.034535350320510805 0.012419266811450225
