18 0.7323671834124399 0.5842082357597747 0.14699379100513776 0.020466386548531723
19 0.8313330398624996 0.5356325669362136 0.04867083386468629 0.023023086709187734
34 0.7122836844300486 0.5483529982049737 0.09408957228122894 0.0346036812536461
18 0.7329700460515174 0.455605475783003 0.14699379100513776 0.020466386548531834
19 0.8308076066816461 0.407394733430032 0.04867083386468629 0.02302308670918818
34 0.7095016596093228 0.4204800911693792 0.09408957228122894 0.03460368125364599
18 0.7348628232316404 0.21539933542534 0.14699379100513776 0.017437900087080238
19 0.8327003838617516 0.1687028363031004 0.0486708338646864 0.023023086709187734
34 0.7113944367894232 0.18178819404244712 0.0940895722812305 0.034603681253646434
18 0.7326186565429208 0.08787208815503422 0.14699379100513776 0.017437900087080127
19 0.8304562171730328 0.041175589032794446 0.048670833864687846 0.023023086709187734
34 0.7091502701007043 0.05426094677214094 0.09408957228122894 0.034603681253646434
32 0.32660619452635753 0.06313227905069974 0.06206539649658893 0.016631508456974364
32 0.32744923235082124 0.19152569995482321 0.06206539649658893 0.01663150845697403
32 0.3263242142116267 0.5569658817911144 0.06206539649658893 0.01663150845697392
24 0.5500172341096649 0.7592421760185497 0.0937378303571188 0.039988941107600984
33 0.3094225042485245 0.4294223342851522 0.09016946771786094 0.015464726724404798
