14 0.5558315573661836 0.08521995861320797 0.08172261204119236 0.0454039109635922
14 0.5561679977247399 0.625730164627013 0.08172261204119224 0.04540391096359231
14 0.556060726214696 0.8764552444174927 0.08172261204119224 0.0454039109635922
18 0.3343896698401255 0.0315227896061126 0.036426349802867186 0.04915380998907415
19 0.3581359684017813 0.14146651833004614 0.012061059228619442 0.051686351956949594
34 0.3282453406168873 0.11222664723687731 0.023316220700766777 0.07869733529257339
18 0.3342032836326804 0.5772531640770083 0.03642634980286685 0.040665687882760704
19 0.357949582194332 0.6829528317477858 0.012061059228619775 0.05168635195694937
34 0.32805895440943833 0.6537129606546164 0.02331622070076711 0.07869733529257339
18 0.2748215805146964 0.8188279886133734 0.036426349802867186 0.05704860462996908
19 0.29856787907635257 0.9327191146577508 0.012061059228619553 0.05168635195694948
31 0.2686772512914595 0.9034792435645809 0.02331622070076711 0.07869733529257339
32 0.23330008883161896 0.6325487225722548 0.014821146064094681 0.03782416639044295
32 0.13422981112183086 0.09230116810689931 0.014821146064094792 0.037824166390442726
17 0.15920977751232823 0.6145102872930116 0.10204102714143404 0.10478564698082105
23 0.3973987982618772 0.29939212185829966 0.022614866160359126 0.08878849158653801
33 0.22912992176543073 0.09162727209282612 0.022344784430481934 0.035170615961857776
