18 0.5167907940275801 0.2660869599546734 0.319685797220967 0.017334891041017042
19 0.7251936240616954 0.30069412122222305 0.10585055476865346 0.015705507352772208
31 0.4628667858096617 0.291809241692896 0.204628370485753 0.02391311306146282
32 0.15415084580030503 0.804417944074048 0.1300736944785903 0.011493318852380363
32 0.15248406408760778 0.7155212255128225 0.13007369447859352 0.011493318852380585
32 0.15415084580030503 0.6269878450383599 0.1300736944785903 0.011493318852380474
32 0.1523888914942791 0.20948380899299207 0.13007369447859352 0.01149331885238053
24 0.6334647892805275 0.892861292476731 0.2038633932941536 0.02763463409874889
33 0.11579057213717292 0.0451184495485315 0.19610282839338988 0.01068700627296288
33 0.11648837859815475 0.5384008602030815 0.19610282839338988 0.010687006272962929
