19 0.8073533755887523 0.8711611106697894 0.018992006689984242 0.07429913093811502
34 0.7602859504067674 0.9131934253662196 0.036715002483641346 0.11312741948307425
18 0.7696676549046602 0.24471780740853133 0.05735893224918176 0.058456926331468484
19 0.8070598816234462 0.09277453513178863 0.018992006689984797 0.0742991309381148
34 0.7599924564414618 0.13480684982821972 0.03671500248364201 0.11312741948307414
32 0.6107799391263261 0.16523044207161447 0.023338191104691264 0.05437223918626166
32 0.4547784353298591 0.9418363016155629 0.023338191104691153 0.05437223918626144
17 0.49411326320950066 0.1911606927855266 0.1606794091122956 0.15062936753493017
23 0.8691787852178869 0.6441430555979251 0.035610611080615584 0.1276334566556484
33 0.604213364887849 0.9428050271357933 0.03518532554611631 0.050557760445170574
