18 0.44947263599821446 0.978891939898684 0.13406178593137186 0.021727519768195536
19 0.3620779008226031 0.9196293467647418 0.04438894232233992 0.029345265158852274
34 0.4720859297669924 0.9358280001729856 0.08581189730047578 0.04410591050136725
18 0.4484223385131787 0.815424505551853 0.13406178593137197 0.021727519768195758
19 0.3610276033375672 0.7566270483129449 0.04438894232233981 0.029345265158852052
34 0.4710356322819525 0.7723605658261548 0.08581189730047567 0.04410591050136725
18 0.4492680958144959 0.6528429228819517 0.13406178593137197 0.020916639056625108
19 0.3618733606388826 0.5930554983137271 0.04438894232233859 0.02934526515885194
34 0.4718813895832677 0.6101844235120388 0.085811897300477 0.04410591050136725
18 0.4492680958144839 0.49190023859740317 0.13406178593137197 0.026086490820996566
19 0.36187336063888126 0.42952788814699383 0.04438894232233859 0.029345265158852385
34 0.47188138958326703 0.4466568133453054 0.08581189730047567 0.044105910501367473
32 0.820986595456177 0.45726849677813847 0.05454703316844112 0.021198548736161782
32 0.8216855684324695 0.6212317040213358 0.05454703316844245 0.021198548736162004
32 0.820986595456177 0.7845247619161271 0.05454703316844112 0.021198548736161782
24 0.619983973996729 0.29414149616288054 0.08549110041367725 0.05096997179600549
33 0.8367805333151432 0.9479166889600145 0.08223666997142154 0.019711366771500538
