14 0.047806696942658156 0.8588768593694809 0.04900999775492476 0.15876451720076812
14 0.3622688352305245 0.8587492072869686 0.04900999775492443 0.15876451720076878
14 0.6773167547687758 0.8588491219143299 0.04900999775492476 0.15876451720076845
19 0.10966694404696814 0.4745068665936414 0.05651876881677864 0.023431314755290922
34 0.07846845454047718 0.416437612924854 0.08494766517140595 0.04529699222826966
18 0.3103647158414674 0.4289287655836007 0.04184704619614599 0.07076636068513587
19 0.423608193953227 0.4750612805911602 0.05651876881677831 0.02343131475529081
34 0.39330555282218926 0.4169920269223749 0.08494766517140584 0.04529699222826977
18 0.6234956701894541 0.4284823209400261 0.040285295800395415 0.07076636068513598
19 0.7386458182296989 0.4746148359475868 0.0565187688167782 0.023431314755290256
34 0.7056556319723006 0.4165455822788013 0.08494766517140595 0.04529699222827033
18 0.9334701180804528 0.42848232094003247 0.050242392971125205 0.07076636068513587
32 0.6843786494751531 0.2318966271896717 0.04082825180773442 0.02879340295733568
32 0.36987739898103295 0.23226558970502093 0.04082825180773397 0.028793402957335013
32 0.05596556943517117 0.03984794832476107 0.040828251807734084 0.028793402957335013
33 0.055185727219611125 0.22392854201166584 0.03796395008157227 0.04340975922640056
