18 0.8355411917545537 0.2044516971595927 0.013274344579269015 0.29117878345604004
31 0.8158441293184361 0.25356719509056297 0.018311675682863404 0.186381254646259
32 0.08423097246533667 0.5383004419120005 0.008801109533651652 0.1229448300027971
32 0.42330952765069013 0.5347543251627795 0.008801109533651652 0.11847476630852499
32 0.4913829681676129 0.536272476659058 0.008801109533651652 0.11847476630852793
32 0.5591781793636217 0.5347543251627795 0.008801109533651541 0.11847476630852499
32 0.8788855501563392 0.5363591625243191 0.008801109533651763 0.11847476630852782
24 0.19127212427440765 0.09518879103117339 0.021161462998574798 0.18568449198129916
24 0.3555832593018652 0.0981817524387552 0.02116146299857502 0.18568449198129913
33 0.6270144385682239 0.5690583557991329 0.00818366861680575 0.17861595197614483
33 0.016737110750119577 0.5717808992274449 0.00818366861680564 0.17861595197614488
