18 0.9677997028434613 0.33874348847874625 0.02295372632937087 0.12769572347094366
19 0.9051925871267126 0.25549878262711634 0.031001384083658823 0.04228108751932377
34 0.9223054219649265 0.3602829666216324 0.04659505594550384 0.08173703066888882
18 0.7951068786374524 0.3377430654552903 0.022953726329371205 0.12769572347094366
19 0.7329911490593191 0.2544983596036604 0.0310013840836586 0.0422810875193238
34 0.749612597758918 0.35928254359817263 0.04659505594550395 0.08173703066888882
18 0.6233498997178638 0.33854866109704784 0.022097083042989185 0.12769572347094366
19 0.5601883333670761 0.255303955245416 0.0310013840836586 0.04228108751932247
34 0.5782839404825202 0.3600881392399282 0.04659505594550384 0.0817370306688901
18 0.45332431146874175 0.3385486610970364 0.027558698718815222 0.12769572347094366
19 0.387431937280042 0.2553039552454147 0.031001384083658712 0.04228108751932247
34 0.40552754439548605 0.3600881392399276 0.04659505594550406 0.08173703066888882
32 0.41673810501215214 0.6926157236049061 0.022394902476717382 0.05195681092301241
32 0.5899546813769951 0.6932815051270171 0.022394902476717715 0.05195681092301363
32 0.762463288083671 0.6926157236049061 0.022394902476717493 0.05195681092301241
24 0.24440492713444906 0.5011579193655994 0.053846494956770075 0.08143146715380989
33 0.9350763436835005 0.7076596700012957 0.020823790440783307 0.07833157670462221
