18 0.5259252564352022 0.8271615212557051 0.13687146407963557 0.02468008259736887
19 0.6151516177971125 0.7719588766067442 0.045319249496758696 0.025951669580399628
34 0.502838031359861 0.7866401888768659 0.08761035023791086 0.03951385936604446
18 0.5252249130509403 0.5531508042669597 0.13687146407963424 0.020418204327364187
19 0.6144512744128343 0.5000790987530009 0.04531924949676025 0.025951669580399406
34 0.5021376879755842 0.514760411023123 0.0876103502379122 0.03951385936604446
18 0.3020990525327663 0.4318563079842172 0.13687146407963569 0.0286440516949803
19 0.391325413894678 0.3746716787864526 0.04531924949675892 0.025951669580399406
31 0.27901182745743003 0.38935299105657484 0.0876103502379122 0.03951385936604446
32 0.14608266911282014 0.5253869554171214 0.05569023446239185 0.018991479010482815
23 0.7631602267978108 0.25423950698286507 0.08497502105164723 0.04458061962111659
23 0.7626811132295086 0.6926645769342878 0.08497502105164845 0.04458061962111648
33 0.13041332878926853 0.7969831161112426 0.08396019299477475 0.017659133791092407
