31 0.11826087751717418 0.3846320340888423 0.021300668019261948 0.1346364700672238
14 0.42181192724343575 0.18018777678456488 0.11051926520656963 0.07892889173321982
16 0.4353388134455982 0.6858136597805329 0.137265214591191 0.07906892827943313
18 0.7222347046969086 0.7805906995153882 0.04926192780452354 0.08091362123838186
19 0.6890683454771149 0.588547357654798 0.01631102298697995 0.09102150559446343
34 0.7289652738601884 0.6388374347638498 0.03153217346924808 0.136805251467903
18 0.7220326677564419 0.27216118332815176 0.04926192780452343 0.08091362123838186
19 0.6892444335366466 0.08156057402570788 0.01631102298697995 0.09102150559446465
34 0.7298976119197205 0.13329338369289406 0.03153217346924808 0.13680525146790312
32 0.8583116049355433 0.6728883698718475 0.02079993352418008 0.06575247529501349
33 0.8639758633391259 0.168646437871532 0.03021843153044701 0.06113961728253092
