24 0.3536370014165503 0.6675233274843037 0.11760040221497198 0.017145017757697056
26 0.5435637795383239 0.7521806612035107 0.22530995008841787 0.02292483397469347
35 0.5580840270351395 0.7124367282709732 0.08849371974727116 0.0224868269177958
14 0.26260419803567614 0.49763589736247704 0.05967371155215015 0.058207649325593636
14 0.6454877686103528 0.49758909642870697 0.05967371155214962 0.05820764932559386
18 0.19895011017165742 0.3398012662455214 0.050952227676185985 0.02594498808319967
19 0.33792414725718756 0.3567147762880206 0.06881625917471518 0.008590595534573087
34 0.2999374149789546 0.33542491370570693 0.10343078352738211 0.016607183302759454
18 0.5822902254421384 0.340004530401252 0.05095222767618646 0.02594498808319967
19 0.7201734932968962 0.3569180404437512 0.06881625917471468 0.008590595534573087
34 0.6832775302494347 0.3356281778614383 0.10343078352738211 0.016607183302759454
18 0.9635529698570495 0.33984085092352834 0.049050667853668295 0.02594498808319967
32 0.6547518220560271 0.2679021401529191 0.04971176154172452 0.010556491663131884
32 0.27253829772985677 0.19735628525414056 0.04971176154172452 0.010556491663131884
17 0.24748466898912944 0.13870431305198966 0.13771827888907923 0.07267961921821786
17 0.6296671089186829 0.21504065463182076 0.13771827888907928 0.07267961921821775
33 0.2715887755597023 0.2648455381041634 0.046224238121299 0.015915269273697352
