19 0.9757281977660459 0.2605806652323518 0.011984660128055769 0.06306928888298935
34 0.9825081291013367 0.41688373969086 0.01824777297594371 0.12192440408109251
18 0.8746811197681074 0.38572866267077477 0.009429267682780518 0.19047945417749096
19 0.8501722398661591 0.26155530977547226 0.011984660128055769 0.06306928888299129
34 0.8569521712014498 0.4178583842339786 0.01824777297594371 0.1219244040810944
18 0.8186664842222577 0.6962454852252336 0.013228020771121174 0.1904794541774928
19 0.79225822777614 0.5720721323299065 0.011984660128055769 0.06306928888298946
31 0.7990381591114311 0.72837520678841 0.01824777297594371 0.1219244040810945
18 0.6236827064257061 0.38445903698079653 0.008989245286027403 0.19047945417749096
19 0.5991642159744008 0.26028568408544855 0.012140906523650852 0.06306928888299124
34 0.6058660241118944 0.416588758543935 0.0182477729759436 0.12192440408109251
18 0.5560519377370403 0.3829667393041414 0.008989245286027514 0.19047945417749096
19 0.5317258862155534 0.25879338640879346 0.012140906523650852 0.06306928888299129
34 0.5382352554232288 0.4150964608672742 0.01824777297594382 0.12192440408109251
18 0.48878766914115646 0.384168419469763 0.008653762649639019 0.19047945417749096
19 0.464052042148409 0.2599950665744123 0.01214090652365063 0.0630692888829894
34 0.47113872814553914 0.416298141032893 0.01824777297594382 0.12192440408109445
18 0.4222014558291699 0.384168419469746 0.010792666035674081 0.19047945417749096
19 0.39639637714340537 0.2599950665744104 0.012140906523650852 0.0630692888829894
34 0.4034830631405354 0.416298141032892 0.01824777297594382 0.12192440408109256
18 0.08434400955149035 0.3884741914947133 0.010792666035674081 0.19047945417749096
19 0.05872830206795304 0.2602309358448442 0.01214090652365074 0.06306928888298935
34 0.06543624566062994 0.414499058926062 0.01824777297594371 0.12192440408109256
18 0.016527121777775933 0.3876929819915754 0.010792666035674081 0.19047945417749096
32 0.06997813076227821 0.9146382057507669 0.008770396084329057 0.08042640962682979
32 0.4078733951385318 0.9123184543773182 0.008770396084329057 0.07750224296016006
32 0.47570927808870306 0.9133115784811338 0.008770396084329168 0.07750224296016195
32 0.5432679026616936 0.9123184543773182 0.008770396084329057 0.07750224296016006
32 0.8618595827459448 0.9133682854846588 0.008770396084329168 0.07750224296016195
24 0.17664573842001846 0.6247693341328926 0.021087615318471253 0.12146860517109981
24 0.3403834728211685 0.6267272297203523 0.021087615318471475 0.12146860517109981
33 0.9872845642840209 0.9351747841016012 0.008155109866301191 0.11684460191772816
33 0.6108674319970281 0.9347590077519328 0.008155109866301302 0.11684460191772816
