14 0.7345890269705027 0.21590614196541888 0.062131667634388266 0.17652646835059654
16 0.3365677369233334 0.2375119085671517 0.06224190235268873 0.21924633242792646
18 0.26196063928308116 0.6957552598256991 0.06369401763387494 0.07868342341238865
19 0.4131343454616693 0.6427804210030337 0.07165079616589337 0.026052718299341637
34 0.37354673327513876 0.706505635356721 0.10769109040036301 0.0503646419612086
18 0.6621889083183428 0.6954325571049538 0.06369401763387494 0.07868342341238865
19 0.8122269165564222 0.6430616769741964 0.07165079616589443 0.026052718299341526
34 0.7715036064293924 0.707994808711705 0.10769109040036295 0.0503646419612086
32 0.3467423358445868 0.9131035617559107 0.05175938558692139 0.03322261327097964
33 0.7436741999363684 0.9221507765554369 0.04812821131622558 0.04826627273709938
