0 0.20710007661614815 0.6940080631160368 0.10432827990879856 0.12481399039538565
31 0.3787668988901554 0.717736021330365 0.0163705185421138 0.08278684580813123
24 0.36379733645721624 0.1145247950618824 0.02593091956142679 0.09589280108926923
11 0.09672611047458152 0.8097851932551142 0.029459215047283993 0.12355745301946652
26 0.23575766090936823 0.26939340446225346 0.0346725815136566 0.1837204790147493
35 0.2958682272845883 0.28123339122040947 0.034010119338331535 0.07215885750001494
14 0.6207429603839616 0.04029553782478967 0.08803594687699234 0.0486586716061439
14 0.6208137442855093 0.35250346723604037 0.08803594687699279 0.048658671606143566
14 0.6207583409814101 0.665292978748928 0.08803594687699257 0.0486586716061439
19 0.8338785958630968 0.10171234229752746 0.012992814877182846 0.05611361635214229
34 0.8660783708588364 0.0707374978771046 0.025117473802113488 0.08433872133505171
18 0.8591519462944154 0.30097142038740676 0.039240402577337186 0.04154706737036706
19 0.8335711697322836 0.4134031172940641 0.012992814877182735 0.05611361635214185
34 0.8657709447280222 0.3833176993969406 0.025117473802113488 0.08433872133505171
18 0.8593995027233846 0.6118577083959813 0.039240402577337186 0.039996512317955424
19 0.8338187261612523 0.7261824073463319 0.01299281487718229 0.05611361635214196
34 0.8660185011569907 0.6934287098793093 0.025117473802113932 0.08433872133505171
18 0.8593995027233812 0.9196101172339979 0.039240402577337186 0.04988223244803469
32 0.9684075354810919 0.6723042505541843 0.01596612730509772 0.04053557616753556
32 0.9682029433910355 0.3600574893109181 0.015966127305097277 0.040535576167535226
33 0.9728258900089819 0.04762167182735583 0.024070990953008353 0.037691807070234895
