19 0.8950448352618119 0.8795645010757361 0.04945350155240946 0.04730196666224207
34 0.9230215439237558 0.762337195231855 0.07529761040793415 0.09144330306081938
18 0.4780841726111185 0.7857035029969189 0.03890893016622543 0.14285959063311826
19 0.37695073058371853 0.8788335176683958 0.04945350155240913 0.0473019666622434
34 0.4049274392456631 0.761606211824516 0.07529761040793415 0.09144330306082082
18 0.24694538049472425 0.5528158860810748 0.05458410490995447 0.1428595906331197
19 0.13797435109546402 0.6459459007525702 0.04945350155240924 0.04730196666224207
31 0.16595105975740898 0.5287185949086926 0.07529761040793415 0.09144330306082082
32 0.42517738224286666 0.38997378588650594 0.036190162402375825 0.05812668222012152
33 0.942731026061584 0.37361891192379915 0.03365124535230546 0.08763345143829615
