23 0.46439487822769965 0.677190063586045 0.04985494644953081 0.06363600231222
18 0.14974347358376194 0.49723361892661166 0.026135479536153472 0.10250015471434493
19 0.21177437461666615 0.5662434425947027 0.029400373638023725 0.03393863078905257
34 0.19553044360679406 0.48322920595906965 0.04418873850230853 0.06560954479700054
18 0.313968594305273 0.49765400072202226 0.026135479536153472 0.10250015471434493
19 0.37553348594850383 0.565877053089668 0.02940037363802428 0.03393863078905257
34 0.358823545548962 0.4812892738531375 0.04418873850230853 0.06560954479700054
18 0.6207107078136502 0.4989738520740812 0.022268116543125882 0.10250015471434493
19 0.68034191796036 0.5671969044417147 0.029400373638023836 0.03393863078905257
34 0.6636319775608187 0.48260912520518073 0.04418873850230898 0.06560954479700154
18 0.7835624038583601 0.49740897350862867 0.022268116543125993 0.10250015471434493
19 0.84319361400507 0.5656320258762627 0.029400373638023947 0.03393863078905368
34 0.826483673605529 0.4810442466397288 0.04418873850230909 0.06560954479700043
18 0.9201651701301083 0.33215779699689235 0.030202936527540913 0.10250015471434482
19 0.983763790269016 0.3988073067636248 0.029400373638023836 0.03393863078905357
31 0.9670538498694753 0.31579307012799146 0.04418873850230853 0.06560954479700054
32 0.8151550239352566 0.21429266030873811 0.02123835821735698 0.0432787854494151
32 0.6511972282267047 0.21488051852265794 0.021238358217356423 0.0432787854494151
32 0.18453183170336568 0.21409603277985634 0.021238358217356423 0.043278785449415214
33 0.3474043430724817 0.2023103112585003 0.019748383422714122 0.06287601896918105
