18 0.05855777443390172 0.4033532257859154 0.023655721161372448 0.10756486824140665
19 0.1200445460945291 0.4734746485973805 0.030066574387408312 0.03561559842804207
34 0.1030353603807982 0.3852093830208121 0.04577918920715843 0.06885142818697099
18 0.19908476380427753 0.22800254951986804 0.033185861448172704 0.10756486824140776
19 0.2653366056083025 0.2981239723313469 0.03006657438740834 0.03561559842804107
31 0.2483274198945714 0.20985870675478024 0.0457791892071584 0.06885142818697099
18 0.6882512647160546 0.40407019088143264 0.022551812833331297 0.10756486824140665
19 0.7497621468891249 0.4741916136929232 0.03045855829231059 0.03561559842804218
34 0.7329489531278447 0.3859263481163661 0.0457791892071584 0.06885142818696999
18 0.8579202846071721 0.4049129001576613 0.02255181283333163 0.10756486824140665
19 0.9189483846790737 0.47503432296915193 0.030458558292310478 0.03561559842804218
34 0.9026179730189618 0.3867690573925981 0.04577918920715851 0.06885142818696999
32 0.8899922947816072 0.10598487282222041 0.022002773834128964 0.04376597249514924
32 0.0907238677998136 0.10539202702042799 0.02200277383412924 0.04376597249515035
23 0.4048645400616806 0.5903423900011031 0.05164933654547654 0.06678036948529442
33 0.7204016467701018 0.0933125603283203 0.02045917154201471 0.06598283402412874
