0 0.4221770087356245 0.5844811794420812 0.0734327127884471 0.18374974844568093
31 0.5428419088009246 0.5505586903836694 0.011886361949413726 0.12124331335896588
2 0.14287407934735102 0.24726271323010918 0.032339046879697936 0.19538095140706702
2 0.052794488920043 0.24693180843127904 0.032292385403649454 0.19685846576583743
4 0.09941816679872875 0.1791300190935729 0.019833769037977372 0.07069295903550421
11 0.34496625913310475 0.41490381412257515 0.020637393583936292 0.18048444708079137
14 0.7122317910294097 0.36645181993165005 0.061672807042511435 0.0710773265869834
16 0.719780167695439 0.8217798402212129 0.076597786614928 0.07120343279613861
18 0.8798760107989965 0.9071287974693547 0.027489518341910935 0.0728646222670245
19 0.8613682649445356 0.7341892435425407 0.009102002003558374 0.08196701027354814
34 0.8836318545653967 0.7794766428239903 0.017595825002683196 0.12319635210722157
18 0.8797632685977018 0.4492760394368696 0.027489518341910824 0.0728646222670245
19 0.8614665269525004 0.2776357001697473 0.009102002003558263 0.08196701027354936
34 0.8841521249918824 0.3242223141108785 0.017595825002683196 0.12319635210722157
32 0.9558106851354083 0.8101403121359046 0.011606938250414478 0.05921165314524779
33 0.9589714980028315 0.3560585723241021 0.01686272066160832 0.055057665825106294
