23 0.1581607132669856 0.5129820913461536 0.05756928403904693 0.09961635641416566
18 0.32058076202429636 0.8135524335176063 0.09272833469086783 0.05222192440150719
19 0.2588617329046817 0.6905381565944531 0.030703102093138868 0.05874558710036748
34 0.3353853628022325 0.7239266866610798 0.059354679471525784 0.08829457130386242
18 0.31938673828592257 0.20064370765189993 0.09272833469086783 0.044494454255964544
19 0.257667709166319 0.08149316580153199 0.030703102093138784 0.05874558710036659
34 0.334191339063873 0.11488169586815777 0.05935467947152673 0.0882945713038632
32 0.576396123202626 0.13972786480029936 0.03915281604551557 0.04243686960878923
32 0.8297881120882193 0.7464165428691234 0.03915281604551557 0.04243686960878923
17 0.764745013559879 0.16081946766873417 0.2597596127028392 0.1175643844175075
33 0.5877679537093485 0.7467436672191501 0.056881753469076535 0.03945971546940075
