18 0.5712212233299818 0.1843358250724333 0.07445450977621793 0.05975067936253767
19 0.6197580387939615 0.3473079561907741 0.02465249076859588 0.08069947918684384
34 0.558662374510514 0.302761659318104 0.047657747523554006 0.12129125387875994
18 0.571804531868088 0.633871269526219 0.07445450977621793 0.059750679362538195
19 0.6203413473320677 0.795564276933216 0.02465249076859588 0.08069947918684317
34 0.5592456830486224 0.7522971037718889 0.047657747523554006 0.12129125387875994
32 0.3648918093639147 0.7188455645244647 0.030294036336218855 0.05829600902444487
32 0.16244588699966733 0.27063125120382686 0.030294036336218966 0.058296009024444984
17 0.21319484277079503 0.6894292127783526 0.20856920042752392 0.16149952807868828
33 0.35612025755624777 0.2695177651537746 0.04567215710139205 0.054206258621626424
