19 0.8702378462768875 0.9748658743435845 0.05096508192564797 0.018675793637616844
34 0.7439323315629414 0.985431096647944 0.0985247709746202 0.02843565347731647
18 0.7691081513771517 0.8174033884483076 0.15392279125453823 0.014693704745553426
19 0.8694502547268912 0.7792110009757245 0.050965081925649414 0.018675793637616844
34 0.7431447400129466 0.7897762232800842 0.09852477097462176 0.02843565347731658
18 0.5181854664846597 0.7301153249602433 0.15392279125453967 0.02061333266992249
19 0.618527569834419 0.6889631235254774 0.05096508192564797 0.018675793637616844
31 0.4922220551204768 0.6995283458298373 0.09852477097462176 0.02843565347731647
18 0.7701341115306695 0.42627051351776185 0.15392279125453812 0.014008014255386558
19 0.8704762148804457 0.38806314984772183 0.050965081925649414 0.018919273670390035
34 0.7441707001665171 0.39850663213569526 0.0985247709746202 0.02843565347731647
18 0.771340008643118 0.32088093499929127 0.15392279125453823 0.01400801425538667
19 0.8716821119928941 0.28297345048333067 0.050965081925649525 0.018919273670389813
34 0.7453765972789703 0.293117053617225 0.0985247709746202 0.02843565347731658
18 0.7703689539638279 0.21606247656498034 0.15392279125453812 0.013485228926537252
19 0.8707110573136063 0.17751674725120647 0.05096508192564797 0.018919273670389813
34 0.7444055425996825 0.18855998784733863 0.09852477097462176 0.02843565347731647
18 0.7703689539638416 0.11230063721053118 0.15392279125453812 0.016818299520243718
19 0.8707110573136078 0.0720883725999048 0.05096508192564797 0.018919273670389924
34 0.7444055425996833 0.08313161319603679 0.0985247709746202 0.02843565347731669
32 0.34358104696782366 0.08997310336089032 0.06262807511932134 0.013666979759205167
32 0.342778522439488 0.1956823131062025 0.06262807511932278 0.013666979759205389
32 0.34358104696782366 0.3009594688607297 0.06262807511932134 0.013666979759205167
32 0.3427326985982555 0.7974234827201158 0.06262807511932289 0.013666979759205278
33 0.32511128557446384 0.9928742545549789 0.0944198803375581 0.012708174226701563
33 0.3254472664630846 0.4063003668400817 0.0944198803375581 0.012708174226701563
