18 0.5628894651262357 0.8801571532269848 0.05144969631423901 0.05693034745030867
19 0.44077687806515814 0.9184863952643056 0.05787689080313385 0.01885009879441768
34 0.4727543023267364 0.8723788615912144 0.08698892145094017 0.03644066871664031
18 0.23959971731032187 0.88039064050065 0.051449696314239124 0.05693034745030867
19 0.11840450548030224 0.9182828962366026 0.05787689080313463 0.01885009879441779
34 0.15129930497293081 0.8713013899607713 0.08698892145094017 0.03644066871664031
32 0.1734565939912066 0.5677639610716162 0.04180933734100667 0.024037781208517073
32 0.4944059135599179 0.7228976720047521 0.04180933734100689 0.024037781208517073
17 0.19366868198625475 0.4376180789946006 0.11582590923203528 0.1594788157689908
33 0.17377888101258226 0.7163516797276352 0.03887620766208977 0.03492242149471325
