18 0.7893518012631875 0.26605469084008915 0.23934591100836566 0.03731137494102321
19 0.9504951591478398 0.35461086992861857 0.07924936822993423 0.04197238327680353
34 0.7566503971609693 0.33142080756197817 0.15320343968304828 0.0630844591219285
18 0.7903334257697482 0.5005047626476083 0.23934591100836555 0.03731137494102321
19 0.9496396108795389 0.5883956602347942 0.07924936822993434 0.04197238327680408
34 0.7521205033429287 0.5645403163668157 0.15320343968304817 0.0630844591219285
18 0.7934153823300533 0.9384140801897284 0.23934591100836555 0.03179027361719711
32 0.1300351374926984 0.9819370617445582 0.10105936288188044 0.030320176275448585
32 0.12820330167442878 0.31571903587678873 0.10105936288188044 0.030320176275448585
33 0.1006827163418384 0.5482381037160764 0.14682044220028667 0.028193067486850687
