14 0.05175687716221822 0.4374178946163866 0.06704083643513109 0.04349528333829361
14 0.8498435517208734 0.4372388307275027 0.06704083643513137 0.04349528333829361
19 0.1348073529910311 0.5426375571059221 0.07631713202532314 0.006419266044070171
34 0.09163341987074725 0.5585462669744726 0.11620001606162683 0.012409608557871987
18 0.7782651657235826 0.555375266768866 0.060044645318249046 0.019387221799235688
19 0.9343352923090763 0.5427367575683262 0.07631713202532286 0.006419266044070393
34 0.8911613591887915 0.5586454674368765 0.11620001606162678 0.01240960855787221
32 0.85991144715607 0.6090790451723147 0.05584901605304904 0.007888269003578863
32 0.06221258895784151 0.6618072888219263 0.055849016053048775 0.007888269003578863
17 0.833276918027706 0.6485121837243546 0.15472053554205167 0.054309367710983714
23 0.3679913305463289 0.521740673528984 0.13110004436728329 0.012036326137086717
33 0.061217552374098774 0.6112985361256931 0.05193093418565667 0.011892580347860449
