17 0.8704772676792318 0.9275532554626504 0.10522718904067385 0.10878787655300537
14 0.34875217379247286 0.9149973346342042 0.0842743452027086 0.04713808811845155
14 0.3484052283117925 0.3538426415851498 0.0842743452027086 0.04713808811845177
14 0.3485158493020185 0.09354125666378366 0.08427434520270866 0.04713808811845155
18 0.5771084341418591 0.970745437179765 0.037563737882167825 0.051031212453934605
19 0.5526206735051474 0.8566024688170701 0.012437657626883647 0.053660483455305386
34 0.5834446158798738 0.8869591405422698 0.0240442538861646 0.08170313629333137
18 0.5773006401322809 0.4041711942394948 0.03756373788216749 0.04221889123939382
19 0.5528128794955738 0.2944343864840696 0.012437657626884091 0.053660483455305164
34 0.5836368218702999 0.3247910582092699 0.024044253886164824 0.08170313629333137
18 0.6385364966754774 0.15336955348819914 0.037563737882167936 0.05922754439014155
19 0.6140487360387654 0.035128419157404556 0.012437657626883647 0.05366048345530505
31 0.6448726784134908 0.06548509088260523 0.024044253886164824 0.08170313629333137
32 0.6813544687890863 0.346763652607277 0.015283926302743556 0.03926883941230008
32 0.7835181487609715 0.9076456622779066 0.015283926302743556 0.03926883941229997
17 0.7577581998537617 0.36549105590065817 0.10522718904067352 0.10878787655300515
23 0.5121318883988037 0.6926449845985013 0.023321000025678384 0.09217971869574604
33 0.6856548464949748 0.9083452973758507 0.02304248517687324 0.03651393809928982
