18 0.21059399018989916 0.9694524958913378 0.12288997043709216 0.01475601323969189
19 0.13048214961226998 0.936447300220197 0.04068986379547701 0.015516284372618427
34 0.23132284281130755 0.9452251330082065 0.07866090585876939 0.023625003265541622
18 0.21122279312092995 0.8056237991375246 0.12288997043709093 0.012207872165607814
19 0.13111095254331542 0.7738926740034258 0.04068986379547823 0.015516284372618316
34 0.23195164574235178 0.7826705067914355 0.07866090585877061 0.023625003265541622
18 0.41155622702703243 0.7331028427757041 0.12288997043709221 0.01712603693208914
19 0.331444386449402 0.698912635258366 0.04068986379547701 0.015516284372618427
31 0.43228507964843654 0.7076904680463758 0.07866090585877056 0.023625003265541622
18 0.21040367977255692 0.4806614959196265 0.12288997043709093 0.011638184534470186
19 0.13029183919491305 0.4489179282118372 0.04068986379547823 0.01571857325526871
34 0.23113253239393655 0.4575946165585219 0.07866090585876939 0.02362500326554151
18 0.20944090707794064 0.393101379228829 0.12288997043709088 0.011638184534470297
19 0.12932906650029685 0.36160695810738563 0.04068986379547823 0.01571857325526871
34 0.2301697596993167 0.3700344998677245 0.07866090585876939 0.023625003265541622
18 0.21021618460414823 0.3060157624071498 0.12288997043709099 0.011203842305933298
19 0.1301043440265025 0.27399107264093714 0.04068986379547701 0.01571857325526871
34 0.23094503722552234 0.28316605416031393 0.07866090585877061 0.023625003265541622
18 0.21021618460413716 0.2198080093290306 0.12288997043709093 0.013973034992973532
19 0.13010434402650128 0.1863987232192984 0.04068986379547701 0.01571857325526871
34 0.23094503722552173 0.19557370473867514 0.07866090585876939 0.023625003265541733
32 0.5509581426090225 0.2012577741276474 0.050001447071071015 0.011354845131267388
32 0.5515988678372906 0.2890834478869303 0.05000144707107235 0.0113548451312675
32 0.5509581426090225 0.37655016112676104 0.050001447071071015 0.011354845131267388
32 0.8851027564037749 0.4638529490627084 0.050001447071071015 0.011354845131267388
32 0.5516354530008551 0.7890240280631484 0.050001447071072236 0.0113548451312675
32 0.8858644812959738 0.9512067778474268 0.05000144707107235 0.0113548451312675
17 0.8015906699516883 0.7944391808226803 0.34425131468413905 0.03145673538882077
17 0.801339694996591 0.3822798521295177 0.34425131468413905 0.03145673538882077
17 0.801601592757456 0.29477599685907935 0.3442513146841403 0.03145673538882077
24 0.3667057396045284 0.11388000823584027 0.07836684204587085 0.027301686699968797
33 0.5657041617859793 0.9514090819721335 0.07538361414046979 0.01055824716124043
33 0.5654359189797415 0.46406983289173465 0.07538361414046968 0.01055824716124043
