18 0.16900406888487618 0.036551706802135375 0.298791300670574 0.012638949863194915
31 0.216707782502718 0.016930314298235327 0.1912539671860275 0.01849155461884422
32 0.512584794132698 0.08049504892296727 0.12615907392443892 0.008887564440662188
32 0.5108711682280693 0.14910607148862848 0.12615907392443892 0.008887564440661966
32 0.5131579698051247 0.3443904122734442 0.12615907392443892 0.008887564440661966
32 0.5095191441212835 0.6867997980598325 0.12157214581985909 0.008887564440662077
32 0.5110769858527588 0.7555419364207329 0.12157214581986198 0.008887564440662077
32 0.5095191441212835 0.8240031123632643 0.12157214581985909 0.008887564440661966
33 0.5447200121598946 0.8925057395364776 0.18328565006702457 0.008264058288876663
33 0.5475137331941755 0.2762335460227138 0.18328565006702457 0.008264058288876552
