23 0.6978932051523412 0.3203841389627663 0.02630366731348477 0.11296918716755383
14 0.8818892785153769 0.04684128677895678 0.09505271372724433 0.05776923139622901
14 0.8821681532333157 0.734458693766178 0.09505271372724389 0.057769231396229026
19 0.651882451972189 0.11902800539394999 0.01402838677656848 0.06661999558403373
34 0.6169184579596843 0.08116399150988188 0.027119422594496956 0.10012980107438008
18 0.6242283021548102 0.6745891570671008 0.04236799722205542 0.050458604507296
19 0.6524280068405975 0.8097109417612414 0.01402838677656848 0.06661999558403275
34 0.6174640128280914 0.7718469278771742 0.02711942259449729 0.10012980107438108
32 0.5067995470445832 0.7436703150243413 0.017889099453604396 0.048125215960605594
32 0.39102359660844094 0.055659537554802616 0.017889099453604396 0.04812521596060562
17 0.4207420837024836 0.7197515398565206 0.11868534667516195 0.13332301466921592
33 0.5016037060438285 0.05528856462168723 0.02598953147382288 0.04474899647912897
