18 0.3515615513995864 0.6058638343207079 0.019335499243256504 0.15496633560202655
19 0.4042998223536449 0.7068862231169233 0.026114593765217187 0.05131060790480635
34 0.38988450693529975 0.579724399828663 0.03925021393240935 0.09919273552360075
18 0.4970325709559407 0.6070779070068002 0.019335499243256726 0.15496633560202655
19 0.5493569136364369 0.7081002958030156 0.026114593765217076 0.05131060790480635
34 0.5353555264916537 0.5809384725147599 0.03925021393240935 0.09919273552360064
18 0.6417152637906235 0.6061002689059556 0.018613889802684858 0.15496633560202655
19 0.6949205865715207 0.7071226577021731 0.026114593765217076 0.051310607904804906
34 0.6796774146060505 0.5799608344139175 0.03925021393240946 0.0991927355236023
18 0.7849394874199924 0.6061002689059694 0.02321458357464834 0.15496633560202655
19 0.8404451570868704 0.7071226577021746 0.026114593765217187 0.051310607904804906
34 0.8252019851214004 0.5799608344139182 0.03925021393240957 0.09919273552360075
32 0.8157585604151179 0.17641888457438515 0.018864763554199082 0.06305267223877431
32 0.6698463484647497 0.1756109192017895 0.018864763554199193 0.06305267223877586
32 0.524530507952871 0.17641888457438515 0.018864763554199082 0.06305267223877431
24 0.9609266251828243 0.40876428768513706 0.04535859875424342 0.09882191607140323
23 0.10859111524888043 0.8742220872897247 0.044283167613636154 0.09620900688559364
33 0.37912668296886115 0.15816216318486814 0.017541308044362824 0.09506001511950768
