23 0.4160311292613639 0.751836331818856 0.08044775449810654 0.06709611591312092
18 0.17329780747744816 0.5625382608085625 0.04217316016061115 0.1080734491787182
19 0.2726411553562976 0.6344708408463167 0.04744151200681185 0.0357839936924762
34 0.24567738789340074 0.5452837260957433 0.07130455531054342 0.06917696685452057
18 0.6682680360932385 0.5639298771277546 0.03593264260368034 0.1080734491787183
19 0.7644911251936113 0.6358624571654958 0.04744151200681124 0.0357839936924762
34 0.737527357730715 0.5466753424149187 0.07130455531054403 0.06917696685452157
18 0.9310514547108386 0.5622799106024785 0.03593264260368034 0.1080734491787182
32 0.9820304552894672 0.26376956618840947 0.034270987123462215 0.045632005462031056
32 0.7174621940324855 0.26438938832412623 0.03427098712346155 0.045632005462031056
33 0.22725094753362574 0.25113569461298146 0.031866709613925154 0.06629480959871104
