23 0.40317183798512884 0.3427804238218852 0.0572210827242946 0.08481712135583114
18 0.5646095074152784 0.0868635030912393 0.0921674778278182 0.04446371518530888
19 0.5032637788750163 0.1916024960625503 0.030517397846607786 0.05001820754711797
34 0.5793245642368965 0.16317424282690812 0.058995679394077016 0.07517732668523744
18 0.563422705594677 0.6087170987564495 0.0921674778278182 0.03788425578023813
19 0.5020769770544259 0.7101663620252132 0.030517397846607786 0.05001820754711728
34 0.5781377624163093 0.6817381087895718 0.058995679394077905 0.07517732668523813
18 0.5648298343047411 0.8857730992159001 0.0921674778278182 0.03788425578023813
34 0.579544891126373 0.9587941092490231 0.058995679394077016 0.07517732668523813
32 0.8194061965772235 0.9395209273019941 0.03891600465814349 0.03613235064135001
32 0.8188775982639005 0.6605831438681158 0.03891600465814349 0.03613235064134923
33 0.8301806475377195 0.14374700538688978 0.0565377106053524 0.03359748936931409
