18 0.656801115451525 0.9416660468845047 0.09873665011360322 0.026303057493231696
19 0.5924347986159342 0.8891549494484696 0.03269250395662515 0.023830715859873286
31 0.673455830732653 0.9026364011938169 0.06320055503123678 0.03628450771392355
18 0.4951839500548405 0.5539535079968356 0.09873665011360222 0.01787452859881622
19 0.430817633219239 0.5052000871225749 0.03269250395662615 0.024141401638007265
34 0.511838665335949 0.5185261959788554 0.0632005550312359 0.036284507713923664
18 0.4944104048228812 0.4194741306274687 0.09873665011360233 0.01787452859881633
19 0.43004408798727956 0.3711033620276887 0.03269250395662615 0.024141401638007043
34 0.5110651201039866 0.38404681860948897 0.06320055503123578 0.03628450771392355
18 0.49503330598864603 0.28572351481499036 0.09873665011360222 0.01720744323316814
19 0.430666989153043 0.23653833207459274 0.03269250395662515 0.024141401638007043
34 0.5116880212697501 0.2506297454798345 0.06320055503123678 0.03628450771392355
18 0.4950333059886373 0.15332116775900478 0.09873665011360233 0.021460513266000958
19 0.4306669891530421 0.10200945000219153 0.03269250395662515 0.024141401638007265
34 0.5116880212697497 0.1161008634074332 0.06320055503123578 0.036284507713923775
32 0.7688043823986099 0.12483075255379622 0.040173948834640205 0.017439361219340532
32 0.7693191767504797 0.25971798626890136 0.040173948834641204 0.017439361219340754
32 0.7688043823986099 0.3940539097644625 0.040173948834640205 0.017439361219340532
23 0.3241997499989875 0.7785653452710812 0.061299475229481926 0.04093717653720108
33 0.780436634687827 0.5284711697149849 0.06056739624245089 0.016215904660902947
