19 0.03380712536616476 0.18214314044354185 0.024530506722425297 0.05799474839815111
34 0.019929789720359237 0.3258701054628598 0.03735000516266577 0.11211439455732652
18 0.24063285088734204 0.2972217587777239 0.019300064566580066 0.17515352108275029
19 0.29079824871839355 0.18303936531077902 0.024530506722425238 0.057994748398152884
34 0.2769209130725877 0.32676633033009533 0.03735000516266579 0.1121143945573283
18 0.35528502951650576 0.5827544691726285 0.02707544886406471 0.17515352108275195
19 0.4093381194962976 0.4685720757056611 0.024530506722425238 0.05799474839815122
31 0.39546078385049155 0.6122990407249747 0.03735000516266579 0.11211439455732819
18 0.7543827778794477 0.29605428687889335 0.01839941554973379 0.17515352108275017
19 0.8045678468270003 0.18187189341190668 0.024850315813091606 0.057994748398152884
34 0.7908504157265273 0.3255988584312046 0.037350005162665845 0.11211439455732641
18 0.8928111528382325 0.294682059130245 0.01839941554973401 0.17515352108275029
19 0.9426023328968951 0.18049966566325837 0.024850315813091384 0.057994748398152884
34 0.9292787906853117 0.324226630682551 0.037350005162665734 0.11211439455732641
32 0.9189778405043589 0.7814422568986834 0.01795146944562276 0.07126643030819324
32 0.26687629849064154 0.7824076188364679 0.017951469445622925 0.07126643030819502
33 0.010153260882150794 0.8024595715876792 0.016692085988246785 0.10744331210825575
33 0.7806134070473528 0.8020772485075245 0.016692085988246896 0.10744331210825575
