32 0.07827848769235068 0.675403269977819 0.009920548904159832 0.048135507008576384
32 0.2201052707672118 0.36387646069952073 0.009920548904159943 0.048135507008576495
32 0.29626035054206823 0.6745307496753514 0.009920548904159832 0.048135507008576384
32 0.6784673184483656 0.6759191295497347 0.009920548904159943 0.04638538232029532
32 0.7551992228906865 0.675324741058673 0.009920548904160054 0.04638538232029643
32 0.8316175091949596 0.6759191295497347 0.009920548904159943 0.04638538232029532
32 0.9078925765495243 0.36593958757555045 0.009920548904159943 0.04638538232029532
17 0.8366234497552628 0.44364497122510765 0.027483253023917076 0.31935533432044816
17 0.7601727130453009 0.44340201370131277 0.027483253023917187 0.31935533432044927
17 0.08320911239799794 0.4438421653740141 0.02748325302391741 0.31935533432044827
24 0.4169163856952754 0.848018353636174 0.023853052590498858 0.07269941456624429
24 0.6021267440376288 0.8468465458032804 0.02385305259049897 0.07269941456624429
33 0.9080820645264629 0.6624883744128083 0.00922457383561015 0.06993193132233111
33 0.2201817432578101 0.6614224409508508 0.009224573835609928 0.069931931322331
