23 0.7135014578974898 0.3349954068587634 0.0740523263162487 0.07371858969155881
18 0.24613221668996718 0.5434644310616394 0.03882048215621109 0.11874043896778663
19 0.33827016592294207 0.463520583383799 0.043670011052294844 0.03931592034264275
34 0.3141421512430065 0.5596877250448179 0.0656359923360651 0.0760048233232784
18 0.4900649273850988 0.5429774433194237 0.038820482156211145 0.11874043896778663
19 0.5815106869388514 0.463945024213008 0.0436700110522954 0.03931592034264275
34 0.5566904825796994 0.5619350230168847 0.0656359923360651 0.07600482332327851
18 0.945686058328504 0.5414484726622333 0.03307607268958035 0.11874043896778652
32 0.2978053009261986 0.8714627776108678 0.03154651534377212 0.05013594366347829
33 0.5397289056794881 0.8851158472174256 0.029333372866374607 0.07283819340325903
