32 0.17491910723349957 0.988349037650388 0.08213760983165597 0.00704198365550579
32 0.17627861064809702 0.7867808532039378 0.08213760983165597 0.007041983655505901
32 0.17516293080380685 0.7324175118497636 0.08213760983165597 0.00704198365550579
32 0.7067469755723071 0.6317434566160515 0.08213760983165597 0.00704198365550579
32 0.17665178459652797 0.5776856789427411 0.08213760983165597 0.00704198365550579
32 0.17428267681087822 0.30638060832432323 0.07915122685292941 0.007041983655505846
32 0.1752969312147749 0.2519133785209324 0.07915122685293141 0.007041983655505901
32 0.17428267681087822 0.19766876682300508 0.07915122685292941 0.00704198365550579
32 0.7032264909881033 0.14352581739323936 0.07915122685292952 0.00704198365550579
17 0.5706313469733271 0.19411535945143238 0.5449425066489351 0.019508660303403175
17 0.5710459255564835 0.24838300568390856 0.5449425066489371 0.019508660303403202
17 0.5702948582341291 0.7289175665418943 0.5449425066489351 0.019508660303403258
17 0.5721524956025037 0.7832210139789146 0.5449425066489351 0.01950866030340337
17 0.5693528642532213 0.9849124429251006 0.5449425066489368 0.01950866030340337
33 0.1972006887679314 0.14339131160637128 0.11933065727767977 0.0065479540302587624
33 0.1990195794838675 0.6316891735280801 0.11933065727767977 0.00654795403025854
