32 0.9730989408463093 0.2929151621765369 0.011247564147928713 0.06418341755034795
18 0.5086901572295204 0.09283121610656053 0.015995090702054293 0.17787964592450511
31 0.5335218051272954 0.12123070320200718 0.02340179338884074 0.11385936567884125
32 0.8616873059277479 0.29701127112595144 0.011247564147929157 0.0723756354491768
32 0.7750259119507936 0.29613225758705203 0.011247564147928713 0.07510637474879045
32 0.4530781205823214 0.2973753832774428 0.011247564147928935 0.07510637474879045
32 0.3662481591553657 0.29635520910075713 0.011247564147928713 0.07510637474879045
32 0.20545001623608017 0.7824340049007478 0.011247564147928713 0.07510637474879056
32 0.11910810580014143 0.2977166123742571 0.011247564147928713 0.07510637474879045
17 0.3606579929053032 0.6576626135603905 0.031159531026619336 0.49829373176069947
17 0.44739229085045934 0.6593612313875035 0.03115953102661939 0.49829373176069947
17 0.7695369302214934 0.6568012571965253 0.03115953102661928 0.498293731760701
17 0.855986195721472 0.659270078704097 0.031159531026618836 0.49829373176070124
33 0.2053633144565853 0.31816965439186323 0.010458492464043068 0.10911558155741152
