19 0.4255617248798181 0.04545950773619591 0.03262204597396001 0.025272639795793847
34 0.3447153070564517 0.03116233446251238 0.06306434693849616 0.038479972612394824
18 0.3608300020668407 0.2585424301864685 0.09852385560904708 0.019883958588627015
19 0.4250575983919971 0.31022550562974316 0.03262204597396101 0.02527263979579375
34 0.34421118056863176 0.2959283323560593 0.06306434693849705 0.03847997261239483
18 0.2002178524697068 0.3766632356425162 0.09852385560904797 0.027894575281047884
19 0.264445448794876 0.4323516194319992 0.03262204597396001 0.02527263979579375
31 0.1835990309715121 0.4180544461583151 0.06306434693849705 0.03847997261239483
18 0.36148670500993285 0.7878350777825872 0.09852385560904708 0.01895606180921061
19 0.4257143013351128 0.8395384194619954 0.03262204597396101 0.025602124222809053
34 0.3448678835117578 0.8254059884018188 0.06306434693849616 0.038479972612394775
18 0.36225858311854753 0.9304513921309673 0.09852385560904708 0.018956061809210834
19 0.4264861794437276 0.9817489284138086 0.03262204597396101 0.02560212422280872
34 0.3456397616203754 0.9680223027501986 0.06306434693849605 0.038479972612394886
32 0.08845597187380089 0.9574097130298383 0.04008736704835869 0.01849456377881009
32 0.08791295578379721 0.28557983327735764 0.04008736704835969 0.018494563778810202
23 0.532102404634631 0.5496326632734323 0.06116736429148739 0.043414160236099675
23 0.5317575254712411 0.12267905876636402 0.0611673642914885 0.043414160236099536
33 0.07663373236124077 0.021090031652910877 0.06043686306089391 0.017197079595413695
33 0.07684878909382786 0.8148592746358663 0.0604368630608938 0.017197079595413833
