18 0.06481851274020034 0.4653882362516375 0.013526911354563416 0.1232212102495911
19 0.0950745411695203 0.5457160117095299 0.014223855715718312 0.04079953997821406
34 0.08702785782220554 0.4446035107121121 0.021657158999060677 0.07887292986377958
18 0.21500110083665486 0.4647577384340001 0.011191017650202889 0.12322121024958987
19 0.2440891824137947 0.5450855138918778 0.014223855715718214 0.04079953997821528
34 0.23604249906647978 0.44397301289446117 0.021657158999060677 0.0788729298637808
18 0.2814814253063954 0.263884322226264 0.015699523961675788 0.1232212102495911
19 0.3128237600392706 0.34421209768415756 0.01422385571571827 0.04079953997821406
31 0.30477707669195553 0.2430995966867428 0.021657158999060677 0.0788729298637808
18 0.5128956742421096 0.4655790596350642 0.0106687821411251 0.12322121024958976
19 0.5419951619889647 0.5459068350929712 0.014409294949146556 0.04079953997821539
34 0.5340411982583637 0.4447943340955677 0.02165715899906062 0.07887292986377958
18 0.5931624724234574 0.46654442740432894 0.0106687821411251 0.12322121024958987
19 0.6220335662448633 0.546872202862236 0.014409294949146445 0.040799539978215504
34 0.6143079964397113 0.445759701864836 0.021657158999060733 0.07887292986377947
18 0.6729942941946422 0.46576706018128533 0.01027061844151822 0.12322121024958976
19 0.7023514879425923 0.5460948356391943 0.014409294949146445 0.04079953997821417
34 0.6939407363610928 0.4449823346417942 0.02165715899906062 0.0788729298637808
18 0.7520213738686474 0.46576706018129643 0.012809151268294183 0.12322121024958976
19 0.7826478340299851 0.5460948356391955 0.014409294949146556 0.04079953997821417
34 0.7742370824484855 0.44498233464179493 0.021657158999060844 0.07887292986377958
32 0.7690264675277158 0.1241066602410878 0.010409043488948333 0.05013622186102007
32 0.6885162318496248 0.12346420799064123 0.010409043488948333 0.05013622186102118
32 0.6083350570803001 0.1241066602410878 0.010409043488948222 0.05013622186102007
32 0.2302181942467595 0.12342752421477599 0.010409043488948388 0.05013622186102129
24 0.849126103816938 0.308855700450446 0.025027593146036753 0.0785780734260485
23 0.37883145291459164 0.6789636543139321 0.02443420062988949 0.0765004232648252
23 0.13853496956799963 0.6785323229613366 0.024434200629889435 0.07650042326482631
33 0.0813590007876254 0.10932089438171355 0.009678798134004116 0.07558680447508026
33 0.5281053349653311 0.1095898602143831 0.009678798134004185 0.07558680447508026
