18 0.20979675243687357 0.14916395012296974 0.20592373424593613 0.025331334743636247
19 0.07555528984735738 0.21500603477622487 0.06818301500863921 0.03219629007318303
34 0.2445315865592561 0.19679203174110477 0.13181016657415612 0.049021881775998755
18 0.5454906146579102 0.2996449345737472 0.20592373424593813 0.03553652663408502
19 0.4112491520683673 0.3705896151722239 0.06818301500863716 0.03219629007318314
31 0.5802254487802629 0.3523756121371035 0.13181016657415612 0.049021881775998755
18 0.20842418412338362 0.8234607293001084 0.20592373424593619 0.02414923290902571
19 0.07418272153381827 0.8893286322937712 0.06818301500863921 0.032616039504682726
34 0.24315901824569547 0.8713245039744004 0.13181016657415412 0.049021881775998755
32 0.7802179662897212 0.18360847510230038 0.0837862086055805 0.023561303647380072
33 0.803343071443531 0.8578884300829839 0.12631848855970607 0.021908362859573982
