32 0.9351426400854937 0.9304219712149031 0.09324801116154169 0.006817013713527831
32 0.9364092331454368 0.8777953731348525 0.0932480111615418 0.00681701371352772
32 0.3329201001956899 0.7803375475137906 0.0932480111615418 0.006817013713527609
32 0.9347189885015261 0.7280067512851369 0.0932480111615418 0.006817013713527609
32 0.9374085553113218 0.46536905181968846 0.08985767299728709 0.006817013713527498
32 0.936257107075014 0.41264188421013703 0.0898576729972893 0.00681701371352772
32 0.9374085553113218 0.36013022273522977 0.08985767299728709 0.00681701371352772
32 0.33691678559321603 0.30771697572847645 0.08985767299728709 0.00681701371352772
32 0.9361913598245502 0.1124967257679953 0.0898576729972893 0.00681701371352772
32 0.3355478886854964 0.015128420291719624 0.0898576729972892 0.006817013713527609
17 0.48699647718827044 0.10924567564834875 0.6186545365338152 0.018885417991118425
17 0.4874475046438075 0.3566903359125982 0.6186545365338152 0.018885417991118536
17 0.48697684779819506 0.40922429603879273 0.6186545365338174 0.018885417991118425
17 0.4878295087680178 0.8744072404257277 0.618654536533815 0.018885417991118536
17 0.4857205967797663 0.9269758580169601 0.6186545365338152 0.018885417991118647
33 0.9109084628773707 0.015006964650846943 0.1354720022234529 0.006338766830979781
33 0.9113905224132179 0.30758676699206294 0.1354720022234529 0.006338766830979892
33 0.9093255981704886 0.780284998605242 0.13547200222345301 0.00633876683097967
