23 0.8013678473056927 0.7115206232142859 0.09096684945913502 0.0606805919642861
18 0.5441224167989385 0.32854491356195026 0.14652265705960843 0.03181061223543241
19 0.6427710749911455 0.4040453816762851 0.048514837602299465 0.03578445477085185
34 0.5241032880055934 0.3842741970756979 0.09378800313930191 0.053784007434238446
18 0.5447233471859676 0.5284303462115609 0.14652265705960843 0.03181061223543247
19 0.6422473258909998 0.6033636143258931 0.048514837602299465 0.03578445477085235
34 0.5213301799310878 0.583025229725308 0.09378800313930191 0.0537840074342385
18 0.5466100577725647 0.9017793186531855 0.14652265705960832 0.027103478992490326
19 0.6441340364775794 0.9743590201460383 0.048514837602299465 0.0357844547708519
34 0.5232168905176622 0.9540206355454536 0.09378800313930336 0.053784007434239056
32 0.14050227968303008 0.9388857692130748 0.06186646894371517 0.025850116001696732
32 0.13938086737120486 0.3708873151589536 0.06186646894371528 0.025850116001696732
24 0.3623569224618775 0.05649216070259692 0.09343738859315376 0.062154239892957
33 0.12253332955542034 0.569126428996792 0.08988046301363706 0.024036603823075042
