31 0.09963173187922751 0.7433335140723049 0.020569219481659823 0.09689319184754175
23 0.5993477956718251 0.3272373529027194 0.02953346205124885 0.11107848947437304
14 0.3927590723016736 0.5962020820374274 0.10672411874266036 0.05680238233520418
16 0.4058214556477785 0.9600834706370363 0.13255163282062982 0.05690316177432009
19 0.6508381109289934 0.8900842908645409 0.01575091501760406 0.06550501657844232
34 0.6893650095132725 0.9262763128844442 0.030449382913072087 0.09845398850409759
18 0.6826704637648056 0.6623921486713059 0.04757031113693844 0.05823072323431666
19 0.6510081522601541 0.5252235093406769 0.01575091501760406 0.06550501657844321
34 0.6902653318017696 0.5624538158794049 0.030449382913072087 0.09845398850409759
32 0.9438975434542063 0.5875314170486251 0.02008567982355791 0.04731977301565826
32 0.8142696871802124 0.950781588359656 0.02008567982355791 0.04731977301565826
33 0.8197394393118718 0.5878961812297218 0.02918075386082697 0.04400005929956197
