23 0.8225047657472615 0.32058590175837454 0.08309157741588458 0.020447879705511596
14 0.621307362732566 0.1775514902607409 0.04249067098001191 0.07389184301995433
16 0.34910813933567547 0.18659540264950658 0.04256605841647099 0.09177386105232369
18 0.29808575800736536 0.3784105230250224 0.043559132560255565 0.03293592867622325
19 0.40147059306220567 0.3562358966878693 0.04900062273003969 0.010905352544609115
34 0.37439737471241885 0.3829105001024891 0.0736478975038477 0.021082029524108203
18 0.5717942925432171 0.37827544357203036 0.043559132560255676 0.03293592867622325
19 0.674402445281935 0.35635362703314705 0.049000622730040466 0.010905352544609115
34 0.6465525446160321 0.3835338500443088 0.0736478975038477 0.021082029524108203
32 0.6277934000794323 0.5591394375068387 0.03539726369559415 0.013906583797146377
32 0.35606635487337157 0.46938989148428245 0.03539726369559415 0.013906583797146321
17 0.6106811315265042 0.6344327684202706 0.09806231125904707 0.09226332065021603
33 0.6275205404885649 0.47317694609417066 0.032913972371190314 0.020203677565025058
