31 0.07172971581515215 0.13304430355063757 0.0920184181744109 0.012151047380572905
31 0.0696738701978486 0.8336979989958666 0.09201841817440948 0.012151047380572932
32 0.21102512641469306 0.9590955613046852 0.060699177076852684 0.005840137232503095
32 0.21202979088774462 0.7919287633594239 0.060699177076852684 0.005840137232503317
32 0.21120531049966856 0.7468435445549808 0.06069917707685271 0.005840137232503095
32 0.6040425762877113 0.6633514026983622 0.060699177076852684 0.005840137232503095
32 0.2123055640886292 0.618519597408749 0.060699177076852684 0.005840137232503095
32 0.21055480833508294 0.39351781924547546 0.058492258837856664 0.005840137232503151
32 0.2113043359606041 0.3483464425017389 0.05849225883785811 0.005840137232503206
32 0.21055480833508294 0.3033596899136308 0.058492258837856664 0.005840137232503151
32 0.601440960321397 0.2584572490232597 0.05849225883785669 0.005840137232503151
32 0.21134713369911357 0.09121201551722397 0.05849225883785811 0.0058401372325031925
32 0.6023320347235921 0.0077965655894463755 0.058492258837858135 0.005840137232503165
17 0.5037475761698994 0.08842684012425017 0.4027090851022004 0.016179141981546838
17 0.5034539828262008 0.30041273807332836 0.4027090851022004 0.016179141981546907
17 0.503760353791741 0.3454185939211759 0.4027090851022019 0.016179141981546852
17 0.5032053197642149 0.743940930475746 0.4027090851022004 0.01617914198154702
17 0.5045781020961899 0.7889764773819452 0.4027090851022005 0.01617914198154702
17 0.5025091921368144 0.956245485844416 0.4027090851022017 0.01617914198154702
33 0.22780486850435305 0.007692514513687064 0.08818460522092686 0.005430423017090357
33 0.22749107503290528 0.2583456991685165 0.08818460522092686 0.005430423017090402
33 0.22883522383241778 0.6633063840361975 0.08818460522092686 0.00543042301709018
