18 0.015658445775838012 0.616442063331747 0.025784191555672215 0.1128767135866624
19 0.0733306824222523 0.6900262724549027 0.02711266532478586 0.03737439341214177
34 0.05799257460320407 0.5974022283313423 0.04128158465347269 0.07225149871472147
18 0.30192753694565877 0.6158644961950965 0.02133165031043055 0.11287671358666129
19 0.3573735029694526 0.6894487053182387 0.02711266532478579 0.03737439341214288
34 0.34203539515040404 0.5968246611946794 0.0412815846534727 0.0722514987147227
18 0.42864836595683975 0.4318545272739357 0.02992549611291362 0.1128767135866624
19 0.48839125488187274 0.5054387363970925 0.027112665324785734 0.03737439341214177
31 0.473053147062824 0.41281469227353484 0.0412815846534727 0.0722514987147227
18 0.8697564036211439 0.6166168669743428 0.02033619613391635 0.11287671358666129
19 0.925224111405281 0.6902010760975119 0.027466138530259143 0.03737439341214299
34 0.9100627401889687 0.5975770319739644 0.04128158465347265 0.07225149871472147
32 0.3309334527177267 0.30318916415723923 0.019841097808320052 0.045927255087503505
23 0.6142111817398312 0.8120876932110341 0.046575015762061245 0.0700781655092596
23 0.1561723586590028 0.811692572391743 0.04657501576206119 0.07007816550926071
33 0.047186937466236846 0.29026679460645854 0.018449147671220134 0.06924124558087597
33 0.8987481516488285 0.29051318059144726 0.01844914767122019 0.06924124558087597
