14 0.18900427316830565 0.27846652030722396 0.06074169744122668 0.1274060597660822
14 0.5787403461246321 0.27856895912126495 0.06074169744122615 0.12740605976608277
14 0.9692024208991092 0.27848877918427684 0.060741697441226705 0.12740605976608244
18 0.12421096225526648 0.6239380979818523 0.05186412436837723 0.056788905593289196
19 0.26567223042957566 0.5869174710316865 0.07004787007717089 0.01880326625082962
34 0.22700564611951754 0.633517145404403 0.10528189374711155 0.03635013289374189
18 0.5144117507296934 0.6234931893577564 0.05186412436837773 0.05678890559328931
19 0.6547627280762591 0.5864725624075906 0.0700478700771704 0.01880326625082973
34 0.6172064345939436 0.6330722367803053 0.1052818937471115 0.03635013289374189
18 0.9024979894518066 0.6238514542518547 0.04992853215530002 0.056788905593289196
32 0.5881701991845465 0.7813123342242936 0.050601457497728486 0.023106258770731025
32 0.19911616435589446 0.935724503580378 0.050601457497728514 0.023106258770730914
17 0.5626365426353486 0.8970166043959402 0.14018303555823508 0.15908259510869527
33 0.19814964850036815 0.788002685540949 0.047051517550763006 0.034835657714602175
