14 0.8010199799876582 0.7824507776878198 0.05376542327966005 0.13268030803582953
14 0.4560456738263158 0.782344098198424 0.05376542327965961 0.13268030803582997
14 0.11042874823385773 0.7824275973566068 0.05376542327966005 0.13268030803582975
18 0.8583716829146453 0.4226776599283426 0.04590745265874174 0.059139804660540474
19 0.7331574514811479 0.46123083547152954 0.062002768167317646 0.019581667958496585
34 0.7673831211575756 0.4127020672049878 0.09319011189100768 0.03785492494108955
18 0.5129860345026278 0.423140986503242 0.04590745265874219 0.059139804660540585
19 0.3887545753463608 0.46169416204642894 0.0620027681673172 0.019581667958496696
34 0.42199747274555877 0.41316539377988903 0.09319011189100768 0.03785492494108955
18 0.16947207666345027 0.42276789046216934 0.04419416608597848 0.059139804660540474
19 0.04314894396187485 0.4613210660053571 0.0620027681673172 0.01958166795849603
34 0.07934015819276319 0.41279229773881726 0.09319011189100768 0.03785492494109011
32 0.10268163998171315 0.25848023436549533 0.04478980495343532 0.024062792122171994
32 0.44769885339506477 0.25878857820109136 0.044789804953434986 0.024062792122171217
32 0.7920694545206242 0.09798418449908891 0.044789804953434875 0.024062792122171328
17 0.4702999315683153 0.13829448054497817 0.12408280573174468 0.1656681617884861
17 0.12513620939264525 0.13816844436510528 0.12408280573174468 0.16566816178848665
33 0.7929249645947236 0.2518212653810299 0.041647580881566504 0.0362777547998121
