14 0.8245362850164923 0.643408765773415 0.048141026163525 0.07889375239361263
14 0.2514421304132027 0.6430839714272704 0.048141026163525225 0.07889375239361263
18 0.881470517403448 0.8571853571928019 0.05211698293167788 0.035165437694306356
19 0.7648989752458022 0.8342610458890496 0.05480219586924806 0.011643561024551885
34 0.7959015336034527 0.8631169980967741 0.08344150089531721 0.022509120753432477
18 0.30284150333678905 0.8573652915699892 0.043117165521083134 0.03516543769430602
19 0.1907698698844399 0.834440980266241 0.05480219586924773 0.011643561024552218
34 0.2217724282420912 0.8632969324739652 0.0834415008953171 0.02250912075343281
18 0.046703657463125325 0.9146914741954277 0.06048770490908084 0.03516543769430647
32 0.2442125246485667 0.9547756834740908 0.04010434663383844 0.014308106392645237
23 0.5974530339162 0.7963573139856492 0.09414098930629389 0.021832043870192774
33 0.8177427150505142 0.9588014986033725 0.03729083039927472 0.02157131112327293
