18 0.7609358567471132 0.934145631924443 0.17857448829139777 0.020111478111274117
19 0.8773483750864903 0.8860594339977186 0.05912745832780253 0.0226238424309938
34 0.7308142427816637 0.8992650432365903 0.11430412882602425 0.03400361741687796
18 0.7568991954737063 0.3045687865847496 0.17857448829139777 0.020111478111274117
19 0.8771272476454586 0.25683547039974747 0.05912745832780253 0.0226238424309938
34 0.7325008822568169 0.2693353161551766 0.11430412882602425 0.03400361741687763
18 0.757631579382898 0.17819613227231518 0.17857448829139777 0.020111478111274006
19 0.876488928429656 0.1308214143532106 0.05912745832780253 0.022623842430994134
34 0.7291211567910132 0.14367985837453434 0.11430412882602425 0.03400361741687763
32 0.26362043210865593 0.2777988433785516 0.07539975902515295 0.016343100795870424
32 0.26579519902126414 0.9074461604496198 0.07265835277515009 0.016343100795870424
24 0.5353724992504132 0.4765674562031992 0.11387681734790611 0.03929549126180443
24 0.5335369721371697 0.781682786420371 0.11387681734790611 0.03929549126180476
33 0.24308749539566854 0.15246703369061199 0.10954181429787013 0.015196552272536579
