23 0.23856546301834153 0.4506878332153239 0.08468184684011215 0.01738007166641159
14 0.033517392003364725 0.32911296294054404 0.04330388956336147 0.06280580411004083
14 0.5489562776237698 0.3289286972818447 0.0433038895633614 0.0628058041100405
14 0.8270310266926714 0.3289805982556507 0.04330388956336151 0.06280580411004055
19 0.08762864838142981 0.48108930454501414 0.04993843369138093 0.009269215757450988
34 0.05924573526259087 0.5041916618870181 0.07505742664267726 0.01791907959550665
18 0.5040779965255779 0.4993617035976485 0.037823834319663574 0.027994530926269356
19 0.6053654587364967 0.48072883075259965 0.04993843369138018 0.009269215757450988
34 0.5769825456176585 0.5038311880946046 0.075057426642678 0.01791907959550687
18 0.7806921213862097 0.49978909847835373 0.03782383431966352 0.027994530926269245
19 0.8819795835971285 0.48115622563330485 0.04993843369138018 0.009269215757451266
34 0.8535966704782909 0.5042585829753099 0.075057426642678 0.017919079595506593
32 0.8343542272584503 0.5771129660148823 0.03607472328785499 0.011820170428927801
32 0.5558613206721539 0.5769524119650304 0.03607472328785433 0.011820170428927912
32 0.040127564036295416 0.653451034451618 0.0360747232878543 0.011820170428927801
17 0.5379317762879819 0.6338146305480835 0.09993910190515387 0.0784209975887935
17 0.8161178578951734 0.6340819574198336 0.09993910190515387 0.0784209975887935
33 0.039849482252301435 0.5803855487928407 0.03354390485676334 0.017172507324099695
