24 0.8311767096720943 0.2029246292304166 0.03272970887222337 0.22202565563407572
35 0.9169160511521719 0.588913826975056 0.042927182046756385 0.167073205331985
14 0.5067735513622771 0.7539291897000436 0.11111796111776451 0.11266198654036552
19 0.23784554259966673 0.17325928216605946 0.01639938172472144 0.1299228129647112
34 0.19720335639160952 0.10154159259512174 0.031702986976665515 0.19527388591269235
18 0.20594580993175077 0.6346143260422115 0.04952878548493811 0.09619611449238519
19 0.23823357233140796 0.8949333587140573 0.01639938172472144 0.1299228129647102
34 0.1975913861233522 0.8252750052427089 0.031702986976665515 0.19527388591269246
32 0.06830289376971144 0.7714194150850303 0.020152262524852027 0.09385415560782007
33 0.06246786363980078 0.04802030240524713 0.03038212834263787 0.0872698271584691
