31 0.1507731616358392 0.15662616990612555 0.017055237206104468 0.09337690665952614
23 0.565119268024697 0.5576220671622987 0.02448805610979299 0.10704741525957728
14 0.393823527594399 0.298418154810705 0.08849169811190388 0.05474100555691058
14 0.39356390220988124 0.9499911009477897 0.0884916981119035 0.05474100555691053
18 0.6342073474357015 0.23463014704660443 0.0394435452999119 0.05611751150403904
19 0.6079541279741225 0.3668208922079768 0.01306007707671919 0.063127818396161
34 0.6405047315457296 0.3309416855033155 0.025247503864937126 0.09488106150193276
18 0.6336994495038479 0.8932598867369705 0.0394435452999119 0.04781359701296184
32 0.7430226822596158 0.9587198549625815 0.01665430397794576 0.04560252318847713
32 0.850807195219579 0.30677415857007506 0.01665430397794576 0.04560252318847713
17 0.9409772929830333 0.2847283125916052 0.11049308806082803 0.12633430825510295
17 0.8231400273382401 0.9360548865575902 0.11049308806082803 0.12633430825510394
33 0.7478598802232173 0.3064226317987762 0.024195603503239682 0.0424032829540133
