0 0.5186540348003066 0.5114070298696995 0.05706476699401286 0.24802969578180245
31 0.4248850026467581 0.5571963967259301 0.009236925197137813 0.1636570519545052
11 0.5786547247951621 0.7403065123857819 0.016037376415928062 0.2436221158475701
14 0.2932516502420989 0.8057081441205289 0.047926111267147964 0.095941833060875
16 0.2873857855712546 0.19109576337631337 0.05952435473860995 0.0961120541629858
18 0.16297485702863018 0.07588975041239036 0.021362181776914846 0.09835436645230869
19 0.17735727822300812 0.3093275935220829 0.007073191276597002 0.11064098206535478
34 0.16005618030735752 0.2481976057994192 0.013673764943673894 0.16629330920480084
18 0.16306246930935603 0.693910081042812 0.021362181776914846 0.09835436645230866
19 0.17728091854111772 0.9255942139051465 0.007073191276596891 0.11064098206535633
34 0.15965187670023334 0.8627105159351395 0.013673764943673894 0.1662933092048009
32 0.045754420906779336 0.8203532955857146 0.009019784257214503 0.07992527032326735
32 0.10396580870084865 0.20680706983775415 0.009019784257214503 0.07992527032326727
33 0.10150953215948183 0.8197371921278904 0.013104067504791872 0.07431812136109761
