19 0.028972934419059765 0.4040271974959335 0.026806971786865363 0.044388942322339864
18 0.09944417796253019 0.7099674969327157 0.029588088090825276 0.1340617859313733
19 0.1585134697010711 0.6225727617571188 0.026806971786865336 0.04438894232233859
31 0.14334829804997345 0.7325807907015203 0.04081613747177701 0.085811897300477
18 0.5355787511952335 0.4905283544732879 0.020106906845329342 0.13406178593137197
19 0.5904210641821512 0.40313361929767644 0.02715645960493962 0.044388942322339864
34 0.5754306364400905 0.5131416482420657 0.040816137471777036 0.08581189730047573
18 0.6868534714450762 0.489478056988252 0.020106906845329453 0.13406178593137197
19 0.7412653421076216 0.4020833218126405 0.02715645960493951 0.044388942322339864
34 0.7267053566899331 0.5120913507570257 0.040816137471777036 0.08581189730047567
18 0.8373084139505269 0.4903238142895693 0.019356508129591554 0.13406178593137197
19 0.8926364122283202 0.4029290791139558 0.027156459604939398 0.04438894232233859
34 0.8767850998375148 0.5129371080583411 0.040816137471776925 0.08581189730047706
18 0.9862467002745627 0.4903238142895573 0.024140750829144242 0.13406178593137197
32 0.8665618142317735 0.8627412869075428 0.019617390721148986 0.05454703316844245
32 0.715448464037721 0.8620423139312503 0.019617390721148875 0.05454703316844112
23 0.28291478506800316 0.25837092155287744 0.04604988548894173 0.08323066578079219
33 0.5642436191497524 0.8778362517902167 0.018241134731301845 0.08223666997142154
