14 0.6912107660877199 0.8612898569378358 0.07172159308510229 0.051618894973817664
14 0.6909154985003156 0.24679346302860505 0.0717215930851024 0.051618894973817886
18 0.8855531219235262 0.9223372087747997 0.03196857972209677 0.05588208816248352
19 0.864712838920115 0.7973441483624191 0.01058505547686539 0.058761289867406585
34 0.8909455227453191 0.8305864352706224 0.02046283704857499 0.0894695941158914
18 0.8857166986300601 0.3019060986348841 0.031968579722096324 0.04623209382868987
19 0.8648764156266526 0.18173803538939937 0.010585055476865723 0.05876128986740636
34 0.8911090994518566 0.21498032229760355 0.020462837048575322 0.0894695941158914
32 0.9742716003610616 0.239041566353216 0.013007369447859407 0.043001618824115684
23 0.8302549008261148 0.6178013519557733 0.0198473126092662 0.10094204937024664
33 0.9779314322967723 0.8540054967461786 0.019610282839338966 0.03998484476272046
