34 0.8322556772127764 0.019373956195877777 0.14414707871656263 0.02217766564795423
18 0.869089265807951 0.15042289920737556 0.2251973842492504 0.01145998178788446
34 0.8311033880977593 0.17197000493471282 0.14414707871656485 0.02217766564795423
18 0.5019757810145022 0.21850100715871693 0.22519738424925262 0.016076845225599212
19 0.6487817154720318 0.2505966213785744 0.07456467651190857 0.01456571087193953
31 0.463989903304343 0.24235654460491018 0.14414707871656485 0.022177665647954203
18 0.8705903011064475 0.4554770500132441 0.2251973842492504 0.010925194907004998
34 0.832604423396333 0.4771307840788993 0.14414707871656263 0.022177665647954203
18 0.8723545939261383 0.5376729748238327 0.2251973842492504 0.010925194907005054
34 0.8343687162160305 0.5593267088894877 0.14414707871656263 0.022177665647954203
18 0.8709338883116102 0.619423469031554 0.2251973842492504 0.010517461768811964
34 0.8329480106015058 0.6408733365281124 0.14414707871656485 0.022177665647954203
18 0.8709338883116304 0.7003498800266592 0.2251973842492504 0.013117005516495528
34 0.8329480106015069 0.7230995193970591 0.14414707871656263 0.022177665647954314
32 0.2465200539381459 0.7177636729207004 0.09162826753910558 0.01065921371417744
32 0.24534591706663988 0.6353184598535508 0.0916282675391078 0.010659213714177551
32 0.2465200539381459 0.5532102163220982 0.09162826753910558 0.010659213714177551
32 0.24527887430385165 0.16600571917917456 0.0916282675391078 0.010659213714177579
24 0.584164851562145 0.7997884182819068 0.14360820315795064 0.025629104574146022
33 0.21949779219515136 0.013568854246705939 0.1381414012820431 0.009911417693303934
33 0.21998935044106466 0.4710522586614819 0.1381414012820431 0.009911417693304003
