23 0.8769476638431448 0.30727393639135286 0.06129947522948187 0.11772842121674121
19 0.7697217401252525 0.09743495018881704 0.03269250395662515 0.06942660293679792
34 0.6882397756771045 0.0579757782918946 0.063200555031236 0.10434812972274643
18 0.7052750281318363 0.6764011171209254 0.09873665011360222 0.05258435502977621
19 0.7709931304125373 0.8172153938531783 0.03269250395662526 0.06942660293679681
34 0.6895111659643858 0.777756221956257 0.06320055503123678 0.10434812972274743
32 0.43161276730260345 0.748392567763726 0.0416897155733027 0.05015266408311447
32 0.16180229101621557 0.03139685731875219 0.0416897155733027 0.05015266408311447
17 0.2310598451727423 0.7234661280101213 0.27659068911986984 0.13893972703887247
33 0.4195041011258988 0.03101025581417516 0.06056739624245078 0.046634209191110054
