19 0.08104205103726944 0.5382885251992764 0.04318813506826952 0.03746690428692556
34 0.05720210181437841 0.6311418367587733 0.0649117331102881 0.07243033905807483
18 0.2344028311395489 0.6111683599826583 0.03197691530022739 0.11315611139256887
19 0.32093646820701766 0.5374020117279961 0.04318813506826924 0.03746690428692545
34 0.297781070708266 0.6302553232874897 0.06491173311028808 0.07243033905807483
18 0.4736780707378725 0.611882229387978 0.030783522584026335 0.11315611139256887
19 0.5616686666196596 0.5381158811333142 0.04318813506826924 0.03746690428692434
34 0.536459613948489 0.6309691926928077 0.06491173311028808 0.07243033905807583
18 0.7105413040228563 0.611882229387968 0.03839211821517707 0.11315611139256887
19 0.8023361977202174 0.5381158811333131 0.04318813506826946 0.03746690428692434
34 0.7771271450490471 0.6309691926928072 0.06491173311028842 0.07243033905807472
32 0.7615096743968639 0.9256347253726643 0.031198415864116757 0.04604093641197626
32 0.5202010645644618 0.9262247000878022 0.03119841586411698 0.04604093641197737
32 0.2798787297041273 0.9256347253726643 0.031198415864116757 0.04604093641197626
33 0.03941088673057179 0.938965747179366 0.029009694269229055 0.06941263480261084
