18 0.5326954998253082 0.9550591292355438 0.17382155514295938 0.026590074488481275
19 0.41938141353299446 0.90197503463341 0.0575537236955036 0.02409075484821188
31 0.5620153978297278 0.915603594971458 0.1112618136101241 0.03668044154712302
18 0.24817554705471928 0.5631159001339796 0.1738215551429575 0.018069574117431486
19 0.13486146076238653 0.5138304855790956 0.05755372369550535 0.02440483080630962
34 0.2774954450591042 0.5273020079380948 0.11126181361012244 0.03668044154712302
18 0.2468137544980758 0.4271690938611279 0.1738215551429575 0.018069574117431708
19 0.13349966820574308 0.3782705070537118 0.05755372369550532 0.02440483080630962
34 0.27613365250245553 0.39135520166524324 0.11126181361012244 0.03668044154712302
18 0.24791034476328183 0.29195900133674396 0.1738215551429575 0.017395209566187897
19 0.1345962584709465 0.24223711356254618 0.0575537236955036 0.02440483080630962
34 0.27723024276765895 0.2564822914164812 0.11126181361012422 0.03668044154712302
18 0.2479103447632663 0.1581118897766401 0.1738215551429575 0.021694688780984683
19 0.13459625847094478 0.10624026239504464 0.0575537236955036 0.02440483080630973
34 0.2772302427676582 0.12048544024897972 0.1112618136101225 0.036680441547123244
32 0.729872353804397 0.129310589292497 0.07072448026782674 0.017629658224072142
32 0.7307786267508445 0.2656697024090143 0.0707244802678284 0.017629658224072364
32 0.729872353804397 0.4014714894501229 0.07072448026782674 0.017629658224072253
33 0.7503504253249578 0.5373555004835038 0.10662625270058845 0.016392851399213648
