23 0.629268398008242 0.35645503268976425 0.09724453840430458 0.04287259370279484
19 0.13651961349221514 0.4312015477383121 0.057346882645595953 0.022864998990811847
34 0.10483502278614587 0.48712956819071734 0.08619231960615137 0.04420220087532056
18 0.33585449255515715 0.47741135298788234 0.0509785452490904 0.0690559954722022
19 0.4559398581229972 0.43144839021451376 0.057346882645596786 0.022864998990811847
34 0.4233462930579569 0.48843653151284083 0.08619231960615137 0.04420220087532045
18 0.9341701535192992 0.47652214799842874 0.04343506248796536 0.06905599547220209
32 0.4013919096167715 0.8566246816608644 0.04142646795143706 0.029157610740844664
32 0.08338168638110702 0.668448896344689 0.041426467951437076 0.029157610740844664
33 0.40107257394174545 0.6763891256475965 0.038520198434415065 0.04236058075567173
