14 0.478822815353771 0.4301921382255022 0.078954486614085 0.04601955721394613
14 0.47871917736677716 0.1760673963361684 0.078954486614085 0.046019557213945905
19 0.2874985683943307 0.9210220712519194 0.011652524504940254 0.05238718384789132
34 0.25862040221262017 0.95065841517347 0.022526448790963993 0.07976441780501509
18 0.2643765365350378 0.47932645403720175 0.03519250885496361 0.041217087040493094
19 0.2873184954995278 0.37219357053360014 0.011652524504940587 0.052387183847891095
34 0.25844032931781774 0.4018299144551516 0.022526448790964326 0.07976441780501498
18 0.20700622289911008 0.23447603865966554 0.035192508854964055 0.05782214503173144
19 0.22994818186360466 0.11904062616044919 0.011652524504940365 0.052387183847891095
31 0.20107001568189503 0.14867697008200093 0.022526448790964326 0.07976441780501509
32 0.16689115587658343 0.4232811252572739 0.014319121101184606 0.03833703644319475
32 0.07117660735788894 0.9708540702916512 0.014319121101184717 0.03833703644319453
17 0.09531044709620629 0.44156414948945605 0.09858467210354105 0.10620646931276434
23 0.3254314794600892 0.7609551036080284 0.021848850678406917 0.08999240333686387
33 0.16286224158246004 0.9715371038787965 0.021587917213437113 0.03564750566981523
