14 0.9195679154728116 0.1994764140702265 0.048571625681982256 0.14568448595411415
14 0.3413476950859505 0.1988766517833117 0.04857162568198248 0.1456844859541142
14 0.07313016786822785 0.19906788153488134 0.048571625681982256 0.14568448595411415
19 0.8593971771710776 0.5519024995110291 0.05529237651208574 0.021500893937382748
34 0.8906770392707466 0.605187638530975 0.08418784705717153 0.04156513775491799
18 0.3932068119533972 0.594566589546855 0.043502828897837076 0.06493617756050829
19 0.28013274886372824 0.5522347646961837 0.05529237651208552 0.021500893937383303
34 0.31141261096339795 0.605519903716129 0.08418784705717142 0.041565137754918546
18 0.13477792989123916 0.7004245972358751 0.06102873983671109 0.06493617756050896
31 0.04422077343180786 0.7113779114051397 0.08418784705717153 0.041565137754918546
32 0.33405342379569153 0.7744437336879518 0.040463061720008686 0.026421219190964296
32 0.9119926681074673 0.9510533906848043 0.040463061720008575 0.026421219190964296
17 0.35335035455953306 0.9065223426449261 0.11209627351436657 0.1819055242365053
23 0.6904535082803879 0.48190981275759104 0.0949830375111802 0.04031485373757193
33 0.9127135801225223 0.781877767307364 0.03762437986617351 0.03983338701740724
