18 0.9454171262494787 0.5982425716017132 0.021725039448238226 0.12190685067359541
19 0.8968241108932982 0.5187716257487052 0.02284437433130515 0.0403643448851132
34 0.9097475720268643 0.6188055934021504 0.034782709907582365 0.07803161861189922
18 0.7042147877915366 0.5988663441092958 0.01797345258971983 0.12190685067359419
19 0.6574975658646149 0.5193953982563022 0.02284437433130504 0.04036434488511448
34 0.6704210269981814 0.6194293659097463 0.034782709907582365 0.07803161861190033
18 0.5974433575825593 0.7975971105441495 0.02521438696875211 0.12190685067359541
19 0.5471056684661235 0.7181261646911401 0.02284437433130504 0.0403643448851132
31 0.56002912959969 0.8181601323445824 0.034782709907582365 0.07803161861190044
18 0.22577804868580637 0.5980537836677098 0.017134710711503742 0.12190685067359419
19 0.1790425077590389 0.5185828378146871 0.02314220097893227 0.04036434488511448
34 0.19181705556879203 0.6186168054681184 0.034782709907582365 0.07803161861189922
18 0.09686470615212633 0.5970987131546506 0.017134710711503964 0.12190685067359419
19 0.050495979711686734 0.5176277673016279 0.02314220097893216 0.04036434488511448
34 0.06290371303511244 0.6176617349550555 0.034782709907582365 0.07803161861189922
32 0.0724966156426517 0.9358838108014836 0.016717554694371528 0.049601435494502466
32 0.6797752135268231 0.9365557027101816 0.01671755469437164 0.049601435494503576
23 0.4410933132421228 0.3869452913320832 0.0392428070722467 0.07568441875000037
23 0.8270240289199828 0.38737202181691766 0.03924280707224659 0.07568441875000159
33 0.918852099991493 0.9505118618250248 0.015544736397036907 0.07478054522734612
33 0.20135041176669283 0.950245764961237 0.015544736397037018 0.07478054522734601
