23 0.2700103911274081 0.7452680317019627 0.09125934736736377 0.054850741703254435
18 0.5274801147201869 0.9107680238273598 0.1469937910051376 0.02875442738223488
19 0.42964255409005814 0.8430339230008714 0.04867083386468635 0.03234648545918983
34 0.5509485011623814 0.861418309907392 0.09408957228122905 0.048616742257188705
18 0.5255873375400637 0.5732883224984118 0.14699379100513765 0.02449952904796393
19 0.42774977690995253 0.5076816708390667 0.04867083386468635 0.0323464854591895
34 0.5490557239822811 0.5260660577455869 0.09408957228123038 0.04861674225718904
18 0.5278315042287833 0.39411780980459354 0.14699379100513765 0.02449952904796393
19 0.4299939435986715 0.32851115814524845 0.04867083386468779 0.0323464854591895
34 0.5512998906709998 0.34689554505176806 0.09408957228122905 0.04861674225718915
18 0.7648155065575115 0.24382654319363073 0.14699379100513765 0.033229470456437094
19 0.6692345375672777 0.17385492083005988 0.048670833864687846 0.03234648545918939
31 0.7882838929997295 0.19223930773657938 0.09408957228122894 0.048616742257188594
32 0.9338439662453466 0.35935940031916486 0.06206539649658893 0.023366582129633273
32 0.933000928420883 0.5397468511761979 0.06206539649658893 0.02336658212963294
33 0.9510276565231797 0.873981791970875 0.09016946771786094 0.021727302009494465
