14 0.37597554904122604 0.2092227420989493 0.05142336885649301 0.12180745618966293
14 0.04602853273160884 0.2093206794449148 0.05142336885649257 0.12180745618966343
18 0.43082897703010586 0.5395132646976142 0.04390769619822843 0.05429343111947482
19 0.31106915340526453 0.5041194348937146 0.05930189000851405 0.017976994455959405
34 0.3438039321677569 0.5486713801075349 0.08913069413817964 0.03475279926301922
18 0.10048853678755115 0.5390879066900165 0.043907696198228874 0.05429343111947482
32 0.03804530485702218 0.6899720059982855 0.04283873390432702 0.02209090060622143
32 0.3674149138880969 0.8375988424966796 0.04283873390432702 0.02209090060622143
17 0.05966186636742282 0.8005918842502754 0.1186776835123694 0.15209202976543912
33 0.3682331574248778 0.6963683632547077 0.03983338701740735 0.0333048746558845
