18 0.4869367228011346 0.19333741236218133 0.27875042074754786 0.012193376573855663
19 0.3056825681916058 0.1676616995312729 0.0922965203165726 0.011869369948633524
31 0.5314407970909504 0.17440775204283887 0.17842595719184273 0.017839653716815285
32 0.8074723994042854 0.23573157676609235 0.11769718481975089 0.008574242419061795
32 0.8058737118225281 0.3019237876946776 0.117697184819751 0.008574242419061684
32 0.808007130366976 0.49032357817889144 0.11769718481975089 0.008574242419061684
32 0.8046123722594902 0.8206616702283069 0.11341791652706357 0.008574242419061573
32 0.8060657246065372 0.8869803745984706 0.11341791652706634 0.008574242419061684
32 0.8046123722594902 0.953028021593824 0.11341791652706357 0.008574242419061684
24 0.3838087816578916 0.594605519099783 0.17775893439673152 0.020615981768892122
24 0.3866739947127108 0.7546811889332046 0.17775893439673146 0.020615981768892344
33 0.8400585437726149 0.42456951274746285 0.17099210036740697 0.007972717340860691
