19 0.5345617075846282 0.9382963683397956 0.0403643448851132 0.037693217646653454
34 0.4345277399311829 0.9596200792101797 0.07803161861189922 0.05739147134751088
18 0.4544669892240375 0.6204909852218891 0.12190685067359408 0.02965619677303777
19 0.533937935077031 0.5434075690424683 0.04036434488511442 0.03769321764665334
34 0.433903967423587 0.564731279912853 0.07803161861190044 0.05739147134751077
18 0.25573622278918384 0.4443181253770765 0.12190685067359541 0.0416037384984409
19 0.33520716864219324 0.3612609383349573 0.0403643448851132 0.03769321764665334
31 0.2351732009887511 0.3825846492053422 0.07803161861190044 0.05739147134751077
32 0.11677763062315155 0.5801656876851117 0.04960143549450369 0.02758396524571327
23 0.66638804200125 0.18634055221535656 0.07568441875000043 0.06475063166920714
23 0.6659613115164158 0.8231262330838254 0.07568441875000154 0.06475063166920703
33 0.10282147150830856 0.974642550351817 0.07478054522734601 0.025648815055110963
