31 0.3595143432261275 0.2279982532868356 0.1350289962190232 0.018118258406851606
14 0.15447403852446168 0.4861974963170563 0.07915900512019725 0.09400722100063852
16 0.6615740494591933 0.4977034086869983 0.0792994499362244 0.11675721277784168
18 0.7566274070941502 0.7417358441418251 0.08114952100875628 0.04190198808670742
19 0.5640241721086021 0.7135246788292966 0.09128687441543848 0.013874087380309374
34 0.6144608675182633 0.7474608378939092 0.13720410059754706 0.026821133803356823
18 0.2467155891104495 0.7415639923721156 0.08114952100875616 0.04190198808670742
19 0.05555929290041839 0.7136744585902915 0.09128687441543981 0.013874087380309374
34 0.10744292708558456 0.7482538807163159 0.13720410059754706 0.02682113380335671
32 0.1423907211348186 0.9716641056457307 0.06594417347371617 0.01769233575658946
32 0.6486110764895497 0.8574822817416903 0.06594417347371606 0.01769233575658946
33 0.14289905139302334 0.8623002760574783 0.06131786689559948 0.025703670449362837
