31 0.8329874063666044 0.06308348365812409 0.01180120592350753 0.08673210805828649
23 0.5462846378264932 0.43554409234550584 0.01694427285447775 0.09942980893024406
14 0.6648110635928905 0.19478540222117918 0.06123097200698302 0.05084557819518282
14 0.6649907088589538 0.7999917342136773 0.0612309720069828 0.05084557819518287
18 0.49847981153553544 0.13553661598336292 0.027292578509013676 0.052124130535586816
19 0.5166454720465623 0.2583205290920534 0.009036793630995521 0.05863557663763272
34 0.4941223976946265 0.2249945243626301 0.01746976536087308 0.08812922566471654
18 0.49883124658211353 0.7472975726995083 0.027292578509013676 0.04441113130791963
19 0.5169969070931372 0.866224986194351 0.00903679363099541 0.05863557663763175
34 0.49447383274120044 0.8328989814649286 0.01746976536087319 0.08812922566471737
32 0.4231860962752868 0.808099340939027 0.011523784065933906 0.04235739981551423
32 0.34860564820328827 0.20254678399018206 0.011523784065933795 0.04235739981551431
17 0.28621332384039655 0.18206974353077934 0.07645462033582073 0.1173442263942529
17 0.36774967660595803 0.787047235454241 0.07645462033582073 0.11734422639425379
33 0.4198390440724126 0.20222027223257116 0.016741913110599804 0.03938582087114345
