14 0.9139774774550027 0.8877417240270312 0.1715081573774191 0.07259769720916487
16 0.8929859216095064 0.4226740669398307 0.2130135771582362 0.0727265008773395
18 0.44776955525295786 0.3354994635473435 0.07644660368327394 0.07442322381284316
19 0.49923842039671806 0.5121382592693836 0.02531208918380856 0.08372031530613744
34 0.43732479240425604 0.46588214556480123 0.04893287120311407 0.12583156819507657
18 0.44808308415053827 0.8031458634628765 0.07644660368327394 0.07442322381284316
34 0.4358779534088618 0.9308745347851457 0.04893287120311407 0.12583156819507657
32 0.02828505140553156 0.8988234830234151 0.0322781577097645 0.06047821257081454
32 0.2366000512037057 0.43456256888792627 0.0322781577097645 0.06047821257081454
33 0.22781003147373102 0.8983572870914251 0.04689415461581059 0.05623536990692679
