23 0.4798074687274221 0.10366825541834651 0.04101395524747131 0.10704741525957717
14 0.7667030802284561 0.3628721677699402 0.14821080651979268 0.05474100555691053
16 0.7485629785007006 0.7135481833961761 0.1840782068506145 0.05483812767767127
18 0.3638239798284232 0.7792806464380917 0.06606223844306047 0.056117511504038986
19 0.4083014095335801 0.6460892964380052 0.021873741809129266 0.06312781839616
34 0.35479801424529644 0.6809678983039604 0.04228592049055235 0.09488106150193276
18 0.3640949195404941 0.42666017553404073 0.06606223844306047 0.056117511504038986
19 0.4080652683207976 0.2944694303726684 0.021873741809129266 0.063127818396161
34 0.3535477111828026 0.3303486370773297 0.04228592049055235 0.09488106150193276
32 0.18133935060667056 0.7045838694272493 0.027893552471732863 0.04560252318847702
33 0.17374335089781956 0.35486769078186897 0.04052413939343169 0.0424032829540133
