14 0.08229620469017787 0.2337378899779013 0.0470563929917302 0.1786792301597494
14 0.38422345704975824 0.23388155416832457 0.047056392991729756 0.17867923015975018
14 0.6867131406272129 0.2337691066957193 0.047056392991730256 0.1786792301597498
18 0.03210104008336936 0.7182407123264655 0.04017896636510332 0.07964297735644221
19 0.1416906187210058 0.6663215403841596 0.054265854288553544 0.0263704343761636
34 0.11173574318097806 0.7316747422483352 0.08156153640374153 0.050978844911955035
18 0.33438830602456315 0.7176167551097455 0.04017896636510371 0.07964297735644221
19 0.443117746014017 0.6656975831674398 0.05426585428855313 0.026370434376163487
34 0.41402300912217127 0.7310507850316129 0.08156153640374159 0.050978844911955035
18 0.6350374372356284 0.7181191997782981 0.03867946945133294 0.07964297735644221
19 0.7455975447127439 0.6662000278359912 0.05426585428855313 0.02637043437616282
34 0.7139223918763511 0.7315532297001643 0.08156153640374153 0.05097884491195581
18 0.9326558846041089 0.718119199778291 0.0482396632686366 0.07964297735644221
32 0.6934935386641852 0.9393637261942023 0.03920078249824066 0.03240511900773324
32 0.3915287331637648 0.9389484826664745 0.03920078249824027 0.032405119007732464
33 0.08938109684517254 0.9483312924398326 0.03645065571090306 0.04885488581925912
