18 0.31494756231652155 0.33206280236759755 0.023067923972800608 0.09624225053178481
19 0.3778661562209158 0.3948030227778786 0.031155619825368575 0.031866588067195556
34 0.36066818290091973 0.3158288377883276 0.0468268721442377 0.0616039094304468
18 0.4884995548021621 0.33281680540422326 0.023067923972800886 0.09624225053178492
19 0.5509243178607839 0.39555702581450436 0.031155619825368408 0.031866588067195556
34 0.5342201753865601 0.3165828408249563 0.04682687214423764 0.06160390943044669
18 0.6611110460546841 0.3322096406889618 0.02220701877952147 0.09624225053178492
19 0.7245868490539833 0.39494986109924435 0.031155619825368408 0.03186658806719467
34 0.7064012140424423 0.31597567610969607 0.04682687214423764 0.0616039094304478
18 0.8319825327528068 0.33220964068897046 0.027695806672640155 0.09624225053178492
19 0.8982027296986643 0.39494986109924535 0.03115561982536852 0.03186658806719467
34 0.8800170946871235 0.3159756761096967 0.046826872144237974 0.0616039094304468
32 0.8687507601370411 0.06535488620935487 0.022506319901974825 0.039159028021975684
32 0.6946724097604327 0.0648530971884797 0.022506319901975047 0.03915902802197657
32 0.5213055512790968 0.06535488620935487 0.022506319901974825 0.039159028021975684
33 0.34783372425837267 0.05401650134639174 0.020927391388249783 0.05903727254790481
