18 0.8265932630769072 0.8809130509204512 0.1112288783518196 0.04088759011051957
19 0.8991032501690811 0.7693906754814457 0.0368287818294839 0.055222924029092346
34 0.8078313818721548 0.7998738557047189 0.07119673231012702 0.0830000114725905
18 0.8274646777786036 0.5732944399009295 0.1112288783518196 0.0408875901105199
19 0.8999746648707776 0.4626473731039016 0.036828781829484014 0.05522292402909201
34 0.8087027965738545 0.49225524468519777 0.07119673231012702 0.08300001147259062
18 0.8267629667329851 0.2673428548766181 0.1112288783518196 0.039361647043067216
19 0.8992729538251607 0.1548328336873841 0.036828781829482904 0.05522292402909201
34 0.8080010855282377 0.18706663119461275 0.07119673231012813 0.08300001147259062
32 0.5177742607409438 0.2078557816415611 0.04525678421031354 0.03989215432360649
32 0.5183541872249237 0.5151462450873152 0.04525678421031243 0.039892154323606044
32 0.21591672656397987 0.821860801645353 0.04525678421031243 0.039892154323606044
17 0.2917314682755916 0.5352759531604925 0.31158513153892886 0.11051466824432277
17 0.2914944221270715 0.2278550013109097 0.31158513153892986 0.11051466824432288
33 0.5052502144514261 0.8226227638806621 0.06823042447750549 0.03709352441832636
