18 0.3811451032716839 0.9497889762289924 0.20050468860788728 0.027780998020131564
19 0.5118538957930809 0.89432733667318 0.06638872513998884 0.025169738167960753
31 0.3473243437314983 0.9085662967006357 0.12834147798009943 0.03832329519947786
18 0.7093413645816177 0.5402912865406319 0.20050468860788517 0.018878879147121053
19 0.8400501571030365 0.4887984633534036 0.06638872513999072 0.025497881046006032
34 0.6755206050414719 0.5028733519418367 0.12834147798009754 0.03832329519947797
18 0.7109122042412547 0.3982556575112598 0.20050468860788517 0.018878879147121275
19 0.8416209967626735 0.3471669874184953 0.06638872513999083 0.02549788104600581
34 0.6770914447011149 0.360837722912465 0.12834147798009743 0.03832329519947797
18 0.7096472777511267 0.25698973836729827 0.20050468860788517 0.018174310971839636
19 0.8403560702725485 0.20504089307878404 0.06638872513998884 0.02549788104600581
34 0.6758265182109899 0.21992408785614448 0.12834147798009943 0.03832329519947786
18 0.7096472777511446 0.11714784575197806 0.20050468860788517 0.022666356438113433
19 0.8403560702725505 0.06295297773032771 0.06638872513998884 0.025497881046006032
34 0.6758265182109908 0.07783617250768798 0.12834147798009743 0.03832329519947819
32 0.15369987258527906 0.08705658474126521 0.08158130837911592 0.018419260180362107
32 0.1526544787917889 0.2295229871260303 0.08158130837911781 0.018419260180362218
32 0.15369987258527906 0.3714071017626283 0.08158130837911592 0.018419260180361996
33 0.1300782374541058 0.5133771230621624 0.12299431780813486 0.01712705891302191
