18 0.6814948972181472 0.07775569469824534 0.3747136803491625 0.013231644344644633
19 0.9251480230866939 0.04989369122315851 0.12407073222883525 0.012880048508636555
31 0.6216697481728208 0.05721417107733806 0.23985128671690337 0.019358702799242566
32 0.2506108729319443 0.12375972830479293 0.1582158877904849 0.009304340395510091
32 0.25275992836971645 0.195588215523883 0.1582158877904848 0.00930434039550987
32 0.2498920542607862 0.4000302752924375 0.1582158877904849 0.00930434039550998
32 0.25445549958560343 0.7584967034398493 0.15246342877408536 0.00930434039550998
32 0.2525018128239991 0.8304624550352798 0.15246342877408914 0.00930434039550998
32 0.25445549958560343 0.90213406868141 0.15246342877408536 0.00930434039550998
24 0.8201259000664407 0.5131918384965972 0.2389546331234752 0.022371435584671917
24 0.8162743021894707 0.6868979746630166 0.2389546331234751 0.02237143558467214
33 0.21031014868472225 0.9738490773839307 0.2298582332807767 0.008651595370296583
33 0.20680654771550117 0.32867724172266843 0.2298582332807767 0.008651595370296361
