31 0.14927019457135893 0.1699697991376352 0.02206140616280705 0.08436237832991789
35 0.04055310802069756 0.6129176081116638 0.04422074668432585 0.07334178959017879
24 0.12946834328216833 0.7822869997711759 0.03371598358154293 0.09746481422188058
20 0.51964597238942 0.7442175305070295 0.2302151278735748 0.3120670483098248
14 0.4636623532164155 0.04186629365007344 0.11446638182108992 0.049456354747227094
16 0.4776723424972268 0.3586883405546508 0.14216754368373352 0.04954410077982696
18 0.774814515578941 0.41807504669088075 0.051021282368970744 0.05069997396357617
19 0.740463643529869 0.2977418780204928 0.016893559522229373 0.05703351170217741
34 0.781785462212338 0.32925332888663816 0.032658322521721184 0.0857213233241505
18 0.7746052630334577 0.09949626059177452 0.051021282368970744 0.050699973963576284
32 0.9157513051118126 0.35058943394520137 0.021542788292900905 0.04120009380962597
24 0.8381078573570249 0.8516746072590669 0.03253623352797319 0.09906185775289145
33 0.9216178584583804 0.034634562163582794 0.03129766122796296 0.03830970554679525
