18 0.023243684567762428 0.2855147251723064 0.03624411636678955 0.10413455353667034
19 0.10431193336790087 0.21762952085595544 0.03811151475987161 0.03447979346678243
34 0.08275158452238303 0.30307994880593714 0.0580283680702329 0.06665571065936726
18 0.42564413331448947 0.28604756045782664 0.02998530376558678 0.10413455353666934
19 0.503582975814027 0.2181623561414882 0.0381115147598714 0.034479793466783426
34 0.4820226269685087 0.3036127840914689 0.05802836807023293 0.06665571065936826
18 0.6037720557223147 0.45580618782245114 0.042065432267227476 0.10413455353667034
19 0.6877509624726694 0.38792098350609916 0.03811151475987151 0.03447979346678243
31 0.6661906136271509 0.47337141145607825 0.05802836807023293 0.06665571065936826
32 0.46641693723576866 0.5745065797638226 0.02789007583413672 0.04237024672081757
32 0.06805930767931666 0.8577257108020553 0.02789007583413658 0.04237024672081757
17 0.45311609346636367 0.7863137339909522 0.07726487903148083 0.2917118201879265
23 0.8646125119400834 0.10502160421305506 0.0654691960157211 0.06465069938781354
23 0.22076015890414696 0.10538612341991827 0.06546919601572099 0.06465069938781465
33 0.0675624028501973 0.5864281279826522 0.025933450487288463 0.06387859785935024
