0 0.20211820266180835 0.13523664038501287 0.1387201658226287 0.11542400885367435
31 0.1765087346374739 0.3249017904876537 0.09153151324728259 0.018683383669069076
26 0.6698776402561908 0.16669143681335147 0.20411595246988812 0.039174156392636966
35 0.6570983534650267 0.23283136558274575 0.079574392262862 0.037449706076706946
24 0.8408607961944181 0.30813198070021053 0.10574739724864124 0.02855342276848999
20 0.7995561744038719 0.6385659652749718 0.3385865800831893 0.1949647963844262
14 0.03751896287330109 0.591154507071747 0.053659167502426164 0.09693939330028034
16 0.3812646224594926 0.6030192995061581 0.053754370213685676 0.12039897839378566
18 0.4456980249669833 0.8546633326642072 0.05500846977471019 0.043208949907937444
19 0.3151389150854754 0.8255722349742558 0.061880233052362454 0.01430683301693525
34 0.34932821651929713 0.860566894274343 0.09300594170940446 0.02765770981045579
18 0.10004633807289365 0.8544861206786183 0.05500846977471019 0.043208949907937444
32 0.37247746884568295 0.9740200088659585 0.04470128755234126 0.018244176096823383
24 0.9161449790221892 0.9082652553798622 0.10748015791766274 0.027554314972650262
33 0.029672677130053393 0.9789882808872484 0.041565273409467585 0.026505391739371165
