18 0.7717979588203532 0.28526686473310314 0.13024236183076432 0.016731272961609367
19 0.8567028155009186 0.31866897036063513 0.04312430009093282 0.015158626027589772
31 0.7498289184352752 0.31009347113860686 0.08336711390160301 0.023080434774379155
32 0.6240557576907225 0.8048526306707828 0.05299298663942564 0.011093110103719828
32 0.6233766984744384 0.7190513839182122 0.052992986639426976 0.011093110103719828
32 0.6240557576907225 0.6336008234602708 0.05299298663942564 0.011093110103719828
32 0.2699195858056858 0.5483104097435434 0.052992986639425754 0.011093110103719828
32 0.6233379244549342 0.23063469156361371 0.05299298663942709 0.011093110103719939
32 0.26911228762933825 0.07219033767921818 0.052992986639426976 0.011093110103719828
17 0.35842812187456397 0.22534436086376702 0.36484754718660906 0.03073164143920104
17 0.35869411242526533 0.6280032047856796 0.36484754718660894 0.03073164143920115
17 0.35841654556759645 0.7134900511312968 0.3648475471866103 0.03073164143920115
24 0.8193318087382206 0.8902162940628771 0.08305545652724777 0.026672368762303944
33 0.6084274980501873 0.07199269676876413 0.07989374490101064 0.010314874127116735
33 0.608711789571328 0.5480985251984622 0.07989374490101064 0.010314874127116735
