18 0.5093853814196353 0.7910598470079782 0.0223266135920952 0.12388907588780018
19 0.4648128072216394 0.8718230033626624 0.020228035648073073 0.04102067569625334
31 0.47625615991386167 0.7701624671294895 0.030799088026805532 0.07930042541859805
32 0.04456015769928512 0.6505245825188174 0.014802913286311892 0.05040796290091709
32 0.15837373987756231 0.3136633458476849 0.014802913286311892 0.0504079629009172
32 0.5822878690456751 0.6498417655384334 0.014802913286312114 0.05040796290091831
32 0.7937198308063314 0.31289542807018356 0.014802913286312003 0.050407962900918424
17 0.5893474137426564 0.39785439235222764 0.04100904247024273 0.34705010586043294
17 0.05202975487041822 0.3981074077541143 0.04100904247024284 0.34705010586043283
33 0.7939835675971794 0.6356586770070887 0.013764416456276796 0.07599648905218093
33 0.15865648371749702 0.6359291006491494 0.013764416456276796 0.07599648905218093
