18 0.77166222378591 0.17836238298090032 0.06872663137284785 0.07748316780101328
19 0.6085439284771619 0.12619563491993663 0.07731209364072944 0.025655303952402453
34 0.6512594507623812 0.1889487697326354 0.11620001606162622 0.04959636776180035
18 0.3398109804071214 0.17804460284403067 0.06872663137284774 0.07748316780101328
19 0.17791811719714445 0.1264726005457764 0.07731209364073055 0.025655303952402453
34 0.22185907158112472 0.19041522688389936 0.11620001606162633 0.049596367761800375
32 0.2514568329610932 0.603534812304224 0.055849016053048484 0.03271582764481207
32 0.6801817265084336 0.39239520233929504 0.055849016053048484 0.03271582764481212
17 0.27845619001126876 0.7806655636734503 0.154720535542052 0.21705337129237245
33 0.2518873447600173 0.40130440877747264 0.05193093418565575 0.04753000755975384
