14 0.18513331721848592 0.21151544550677562 0.09141932241154094 0.11761683269689976
16 0.7707740705875532 0.2259110308228385 0.0915815196233164 0.14608041185851522
18 0.8805494970817964 0.5312314288517559 0.09371813369024695 0.05242553784701587
19 0.6581154580244126 0.49593511995729656 0.1054255822373582 0.017358519876052192
34 0.716363897504257 0.5383942364016685 0.1584545673567631 0.03355717543516301
18 0.29166143792890303 0.5310164170619014 0.09371813369024695 0.05242553784701587
19 0.07089844264257072 0.4961225164243211 0.10542558223735976 0.01735851987605208
34 0.13081792589345304 0.5393864493824548 0.1584545673567631 0.03355717543516312
32 0.17117850959341002 0.8189054349306103 0.07615774916324802 0.02213570907160456
32 0.7558033644306922 0.6760472125919542 0.07615774916324791 0.02213570907160456
33 0.17176557113739732 0.6820752307095285 0.070814910253167 0.03215906474799857
