18 0.6900341626592186 0.06215638829717471 0.17515352108275206 0.034390187065243494
19 0.5758517691922511 0.13081253081182959 0.05799474839815111 0.031157700070822317
31 0.7195787342115647 0.11318607626171309 0.11211439455732819 0.0474405307509666
18 0.4033339803654834 0.5690748993226856 0.17515352108275029 0.023370225395831223
19 0.28915158689849674 0.6328180312520366 0.05799474839815283 0.03156390919808005
34 0.4328785519177947 0.6153946812655487 0.11211439455732647 0.04744053075096666
18 0.401961752616835 0.7449012626775937 0.17515352108275034 0.023370225395831445
19 0.28777935914984837 0.8081440921875884 0.057994748398152884 0.03156390919807983
34 0.43150632416914103 0.7912210446204565 0.11211439455732647 0.04744053075096666
18 0.403066745872579 0.9197747996824168 0.17515352108275029 0.022498038178849877
19 0.28888435240558974 0.9840824428419892 0.057994748398151164 0.03156390919807983
34 0.4326113174248824 0.9656584880167889 0.11211439455732819 0.04744053075096666
32 0.8896351679520004 0.953775979646406 0.0712664303081949 0.022801261594238786
32 0.8887219503852735 0.7781371764470688 0.07126643030819324 0.022801261594238564
23 0.10001718103268657 0.27540397901553193 0.10874198096264423 0.053523707629788114
33 0.9093569419941145 0.6023920291125651 0.10744331210825575 0.021201641477007094
