23 0.8824358153541055 0.4855431639218861 0.08786890721749274 0.03822571488030979
18 0.6339510651432471 0.7267985605711256 0.14153272137027195 0.02003908258171594
19 0.7292401715084749 0.6792370705782942 0.04686262951058029 0.02254240311338762
34 0.6146137023459601 0.6916919204886712 0.09059398445653943 0.033881214186435304
18 0.6345315304087366 0.6008808114218027 0.14153272137027195 0.02003908258171594
19 0.7287342590649905 0.5536766288443797 0.04686262951058029 0.022542403113387954
34 0.6119350344845181 0.5664887861701624 0.09059398445653932 0.033881214186435304
18 0.6363539876936228 0.3656897740665678 0.14153272137027184 0.017073825859200253
19 0.7305567163498599 0.3199682198504079 0.0468626295105804 0.02254240311338762
34 0.6137574917693827 0.3327803771761902 0.09059398445654077 0.03388121418643564
18 0.6341931956187257 0.2408250827147923 0.14153272137027184 0.017073825859200253
19 0.7283959242749634 0.19510352849863244 0.04686262951058173 0.02254240311338762
34 0.6115966996944862 0.2079156858244145 0.09059398445653932 0.03388121418643564
18 0.40601355250964066 0.13608646062738272 0.14153272137027195 0.023157759108589637
19 0.4980435257479154 0.0873229397865356 0.04686262951058173 0.02254240311338762
31 0.3834170565853998 0.10013509711231738 0.09059398445653932 0.033881214186435304
32 0.2432647879185672 0.21660179950248504 0.05975956133262894 0.01628427033944213
32 0.24407650545233872 0.3423145802293445 0.05975956133262894 0.016284270339441798
32 0.24299328365268086 0.700124981451343 0.05975956133262905 0.016284270339441798
24 0.4583757269600798 0.8981780845106031 0.09025531034385126 0.039154038809458225
33 0.2267195009947094 0.5752443301856061 0.08681951845280111 0.015141849060612445
