18 0.3073231254044876 0.6397202179106996 0.14746796452450914 0.022976475314831046
19 0.211188916711315 0.5770510535163327 0.04882783655457387 0.031032108943999326
34 0.3321977485501432 0.5941808485476469 0.09439308703052329 0.04664123538648046
18 0.3061677981709482 0.4668562412525541 0.14746796452450914 0.02297647531483138
19 0.21003358947777556 0.4046789499999131 0.04882783655457387 0.031032108943999215
34 0.33104242131659933 0.4213168718895018 0.09439308703052324 0.04664123538648057
18 0.30709813120239715 0.29492903737863474 0.14746796452450917 0.022118983026183425
19 0.21096392250922236 0.23170487284514052 0.0488278365545724 0.031032108943999104
34 0.3319727543480462 0.2498184141599063 0.09439308703052474 0.04664123538648057
18 0.30709813120238394 0.12473494012232827 0.14746796452450914 0.027586011601589022
19 0.21096392250922089 0.05877726130113209 0.0488278365545724 0.031032108943999437
34 0.3319727543480454 0.07689080261589776 0.09439308703052324 0.046641235386480684
32 0.7159884808082464 0.08811247379809084 0.06000173648528517 0.0224170976228788
32 0.7167573510821681 0.26150072169550564 0.06000173648528673 0.022417097622879023
32 0.7159884808082464 0.43418029827998783 0.06000173648528517 0.0224170976228788
23 0.05194994919203612 0.9284432634455821 0.09155373235887143 0.052621920682606405
33 0.7333618124531093 0.6069644272748616 0.0904603369685637 0.020844428488791977
