18 0.2176792258055752 0.6953202639539402 0.02189165589486744 0.10858686223894976
19 0.2773895061397737 0.7661079235617395 0.029566947992913484 0.03595398891191892
34 0.261068483300684 0.6770040331340987 0.04443909962696779 0.06950559852603855
18 0.38238154162055993 0.6961709799691356 0.021891655894867634 0.10858686223894964
19 0.4416231722852576 0.7669586395769349 0.02956694799291326 0.03595398891191892
34 0.4257707991156684 0.6778547491492972 0.04443909962696779 0.06950559852603855
18 0.5461913137723868 0.6954859366443156 0.021074649549970847 0.10858686223894976
19 0.606430390273138 0.7662735962521166 0.02956694799291326 0.03595398891191781
34 0.5891720680950467 0.6771697058244791 0.04443909962696779 0.06950559852603955
18 0.7083498068145144 0.6954859366443253 0.026283555907463008 0.10858686223894987
19 0.7711933364940109 0.7662735962521177 0.029566947992913484 0.03595398891191792
34 0.7539350143159198 0.6771697058244797 0.044439099626968015 0.06950559852603844
32 0.7432431670800059 0.39440278135259765 0.021358688858814534 0.04418180121244286
32 0.5780413331531962 0.3938366298444843 0.021358688858814756 0.04418180121244397
32 0.4135147110816736 0.39440278135259765 0.02135868885881459 0.04418180121244286
32 0.24929643575739832 0.09914910835580931 0.02135868885881459 0.04418180121244275
17 0.40273704868555316 0.1731630248486179 0.05917074305432585 0.30418405953087824
17 0.5673335356531768 0.17293160924994389 0.0591707430543259 0.30418405953087935
24 0.9076024774260685 0.5572101303256899 0.05135501407586196 0.06924576066761046
33 0.24888847297418745 0.3816100668397533 0.01986027228063364 0.066609749311769
