20 0.6595828303477818 0.6076767008340777 0.18358389936895803 0.45876626880575433
16 0.4894955299926428 0.6915779339757966 0.0458518508098511 0.2913036827428921
23 0.8388935296514777 0.2542439292839558 0.07432505417281565 0.08442109871616665
14 0.22782921587359706 0.7129646428128166 0.0356889162933213 0.24625978631488254
18 0.18306728738357758 0.05168148322308669 0.04598332633651342 0.10000871285707957
19 0.27318029144478806 0.11644436720367957 0.04205325971200252 0.03718598428234432
18 0.4500299423626226 0.09777617288369073 0.04598332633651314 0.10000871285707957
34 0.5199322128777463 0.06480475615112818 0.06928837643879171 0.05501409382434386
19 0.5386519307283144 0.16310915110080576 0.0439828094356155 0.03718598428234421
24 0.5979396871339779 0.1747076550101696 0.063407874322433 0.06863468166981934
