20 0.3026130730517765 0.5849600275903802 0.27118072663637405 0.3602623935048572
18 0.4692320133331767 0.14875024985929325 0.06654700237939626 0.07958050059796251
16 0.5264241193941868 0.6521275078276345 0.06553543185558164 0.22741197219588183
24 0.2581822397051611 0.17511764631802118 0.09124547768350116 0.05390277828311851
34 0.5716219041536346 0.1237047786218512 0.09970766365582306 0.04410120007382068
19 0.599569732578894 0.19956571202839557 0.06329233552930025 0.029204300467996713
14 0.858011697954292 0.6685374580009926 0.05135722100746187 0.19340202852017396
18 0.7935981911027974 0.1491936122000725 0.0661711281427867 0.07854261642020222
34 0.8954858071501965 0.12363505090549665 0.10147463491048048 0.04656370363124274
19 0.9225845714660683 0.20005564421145405 0.06051566641483286 0.02920430046799738
