20 0.3659532473215008 0.5296257260028706 0.27394718057585754 0.09842621767105286
32 0.6039883192666154 0.7873427512428964 0.04315746113332031 0.009118343643712334
16 0.61976056127557 0.5116250978015564 0.06842095247306568 0.062497881024838775
23 0.09838261236832024 0.6054531206263513 0.11090917616838447 0.018112162997286685
8 0.3587359285410814 0.04870910940684615 0.0437466624670535 0.009719570266693775
19 0.9425500320269409 0.6350173903090288 0.06275262684650962 0.00797808390057575
18 0.678651817525036 0.6390225665449536 0.06861714260720919 0.021456414758427966
34 0.5743423982933242 0.6460964341348489 0.10339335550302187 0.011803023765950105
19 0.5464085002556087 0.6250056730365544 0.0656319354807724 0.007978083900575639
24 0.45793824896544555 0.6225172667432727 0.09461836499086784 0.014725258976433953
14 0.17296521473338355 0.4485038607252205 0.2049467307041506 0.011899435511893208
