20 0.4272080018068898 0.5282329105699055 0.6724152127217986 0.07061032110268062
20 0.4280229900424989 0.3824621548005611 0.6724772635910437 0.06878790953394764
16 0.551008648560795 0.31873134904951494 0.42700415607032627 0.017180444343505574
16 0.5525733919391564 0.5865090647958484 0.42445526487492213 0.01706418425941625
14 0.5825894697611291 0.03167774920056006 0.36097707807647517 0.01337244689642278
14 0.5823581099616442 0.12606917606482937 0.3609770780764737 0.013372446896422793
14 0.5823581099616442 0.22068637448707812 0.3609770780764737 0.01337244689642278
14 0.5832019014242129 0.6728481851537067 0.3609770780764737 0.013372446896422696
14 0.5823065096131448 0.8238556215035421 0.3609770780764737 0.013372446896422696
14 0.5825088671722285 0.9087637732292931 0.36097707807647517 0.013372446896422696
14 0.6873794467742441 0.9926202534251327 0.3223030976357635 0.0119635400095216
