20 0.7113017465961136 0.6126012610746541 0.1420876395721401 0.45300769639396665
16 0.5796600116088366 0.6954493406622929 0.03548775940580817 0.28764715116034534
23 0.8500820759260176 0.2636048841465003 0.057525041927900755 0.08336141965278387
19 0.021825053054136477 0.1276908769363423 0.03254778022109579 0.03671921460516003
14 0.1816988934457172 0.7165675970871327 0.0276219967678884 0.24316865929000953
18 0.1470546965215545 0.06358506293158267 0.03558951695267967 0.09875337336514967
34 0.20271794298272428 0.03144971703610111 0.05457717498212525 0.05854557715978426
19 0.216799069997789 0.12753502368229458 0.03254778022109556 0.03671921460515992
14 0.3771392619324409 0.7165675970871327 0.027621996767888457 0.24316865929000953
18 0.34249506500827853 0.06358506293158356 0.03558951695267992 0.09875337336514967
34 0.3981583114694487 0.03144971703610111 0.054577174982125276 0.05854557715978426
19 0.41223943848451305 0.12753502368229458 0.03254778022109578 0.03671921460515992
18 0.5491150007993255 0.10910115816130156 0.035589516952679645 0.09875337336514967
34 0.6032169599164796 0.07654360858437775 0.05362682616402947 0.05432354034537712
19 0.6177053792821565 0.17361405715393374 0.03404118550667712 0.03671921460516003
24 0.6635920686496075 0.18506697314811726 0.04907551927881537 0.06777315846894294
