20 0.4391282486285353 0.5935323895136793 0.2845435990490355 0.23351384878273773
16 0.38708963884812614 0.377185856557806 0.18067718561714197 0.058322337597273344
23 0.6583401647542351 0.8216108411984799 0.05236104940082875 0.09453949676708062
14 0.37382482075210327 0.04435324805149076 0.15273931555929643 0.045395354555518116
34 0.8041616757644463 0.07889699281297449 0.036773700239654206 0.0896948265460798
19 0.7438084870957467 0.10203861283275689 0.02306410588865504 0.05349063051261349
18 0.7553871831785781 0.32698667627219163 0.062029057120291164 0.05848957097861618
34 0.7758372603109953 0.41590050958081487 0.03412175070314094 0.08813297633259243
19 0.7148652834171088 0.4397114939778062 0.02306410588865504 0.055944966562383125
24 0.7076714675889618 0.5151239469846782 0.04256973685697063 0.08065313367380783
14 0.20461037266160992 0.7580362846219583 0.03440047059942855 0.17469754491199563
