20 0.5267158745509335 0.29754279687330243 0.09320606909015039 0.27169046484433723
12 0.9108334034467096 0.1717751800224095 0.06302842095739702 0.2932353909537183
1 0.7618138375698406 0.7972654126179434 0.052962490202363766 0.22023286361119032
18 0.4138609126842165 0.4644749306514721 0.020588842384578254 0.06667209072973346
31 0.6494941300034796 0.8700873629167991 0.008732490261671999 0.10216014885494007
32 0.28292517673440815 0.5376787413394764 0.008354625291090101 0.042115072972468415
16 0.5440932553613467 0.5217745406712435 0.05883538324998927 0.06565861875756596
3 0.9443876995879124 0.8255970390061608 0.017841276329898292 0.1636590519681813
4 0.9152837233048969 0.8543585075543216 0.015410617575906449 0.054527794867732515
24 0.4206826110362164 0.253028446922652 0.013945574579489639 0.09141699173929718
34 0.40738121909243763 0.5670572836727203 0.01140973794419553 0.09989508407622882
19 0.4270077455570667 0.5950576456100574 0.007555654146046531 0.0634113060848065
17 0.3053021494247157 0.840777278977616 0.053732374390092597 0.11825023679164637
14 0.5483387913295723 0.8539854041534541 0.050036426664065714 0.05145375713717515
32 0.3421942503417317 0.8619234882882256 0.008398570646302561 0.04118372031995787
18 0.4139756181369968 0.7894508192815619 0.02032032392102523 0.06629550996260403
34 0.4073631793345689 0.8915299534042382 0.012046829910622892 0.10166537670542508
19 0.4271344994279311 0.9186796552470196 0.007555654146046753 0.0606294176674923
