20 0.6077122250888786 0.6291787352069744 0.6047980404927908 0.08840325828574158
20 0.6084452592002365 0.8116819383016829 0.6048538516098213 0.08612162129418399
23 0.08928696458310365 0.3705511340384714 0.11119403030540631 0.03553323506807482
16 0.719063644794905 0.8914721275202709 0.3840651906554331 0.021509706159728248
16 0.7204710396771183 0.5562177029742498 0.38177261254113115 0.021364149956590195
23 0.14246685648610924 0.7275649313500407 0.111303794955393 0.034866860275565514
14 0.7480195873145155 0.4481221804222399 0.3246777070967166 0.01674213993698903
14 0.7472142349034431 0.2590627172980117 0.3246777070967166 0.01674213993698903
14 0.7473962436577026 0.15275874996919692 0.32467770709671784 0.016742139936989142
14 0.8417211783835381 0.047771462531347675 0.28989273027574247 0.014978205748924056
