20 0.6385336079822606 0.8472412301940431 0.6601149344403021 0.0642397010209721
20 0.6377335280680346 0.7146222359452216 0.6601758502326709 0.06258171147377367
16 0.5169976072055609 0.6566413651130476 0.41919310443489355 0.01563038647606929
16 0.5154614871816818 0.9002595802831562 0.4166908392979418 0.015524615635122307
14 0.48586789739983643 0.11265363283818508 0.3543738388433689 0.012165955020878805
14 0.4859944839540135 0.39548637893935407 0.3543738388433689 0.012165955020878916
14 0.48622161156204446 0.4813616015132025 0.3543738388433675 0.012165955020878805
14 0.48622161156204446 0.5674422260333551 0.3543738388433675 0.012165955020878916
14 0.3975404085078744 0.18192867365860727 0.347179744725469 0.010884162844218337
14 0.09362345608379619 0.7587092798342403 0.07981328697001566 0.04681894203641479
14 0.4853932553091569 0.9788089933376167 0.3543738388433675 0.012165955020878805
