20 0.835737673701148 0.22906164752013025 0.23812080279602532 0.27794313029065365
20 0.34415161594192517 0.22872477176677197 0.23197504253046264 0.2779687790453349
32 0.14258649735907686 0.9565520574253816 0.0365451977306864 0.0257514197896882
16 0.12923076030371833 0.1778885945615199 0.05793800588328801 0.1765023597620604
23 0.5707270794772379 0.4428714574813516 0.09391650173072419 0.05115116635947459
18 0.07936238186512612 0.53767605442734 0.05810413723246383 0.06059577980557329
34 0.1676902920547469 0.55765360089431 0.08755219889382738 0.03333331487174618
19 0.19134436716411385 0.4980904758413604 0.05557630121436083 0.022531174045271496
24 0.26625986825660786 0.4910628842557125 0.08012164679622086 0.041586097237682584
24 0.7967234493621925 0.5452558338419375 0.08012164679622091 0.04158609723768192
