20 0.580523191372319 0.43411304461681677 0.26327746320070555 0.09237103178174877
12 0.7023963647141679 0.8147892475284584 0.28415524223566146 0.06246374653755682
18 0.41876017649074104 0.32226915536068057 0.06460756333008777 0.020404386032156774
32 0.3478231504688499 0.19250647847868158 0.04081096324472344 0.008279775832424119
16 0.3632348713349699 0.4513347407015393 0.06362547391443552 0.058308274441008945
24 0.8147280728396746 0.7512202680750089 0.1093841397594949 0.01674765467279926
4 0.0661726277020922 0.9664650788858421 0.0526519333142077 0.015009896016853874
23 0.8735312618530358 0.36305594480461917 0.10383846366220328 0.01699947038994487
4 0.04094949723333502 0.8191996967735817 0.05283932034541661 0.015272553169296432
36 0.8726888969911567 0.7303674799748435 0.22577494053193115 0.01714359720013303
24 0.6236591370439875 0.32902973781447553 0.08858622878926437 0.013820635558086325
34 0.31935432620421267 0.31584751363128527 0.09680179367678265 0.011307517595719352
19 0.2922210064397987 0.3352982051745162 0.06144775015868309 0.007487962705318263
14 0.04131104734127944 0.45554224072465715 0.04986047139704408 0.04958814809753609
32 0.03361876909046263 0.25124455782587146 0.03990845029183532 0.008323327479249465
18 0.10384729351950645 0.3223828331622201 0.06424264353388953 0.020138273237432336
