20 0.6795804131446399 0.9437938896191742 0.571286803420631 0.11084304240581855
23 0.18988056285158594 0.6195177179086662 0.10503288350748141 0.044552790902072203
16 0.7860913778480432 0.8523128407690939 0.36061898493331124 0.026787105198638916
19 0.06844061458856404 0.8224151323124613 0.046310777259277125 0.025870256776930334
14 0.8121134888089618 0.7167789608821797 0.3066876494475581 0.02099187024308069
19 0.0692175255173717 0.6903852940249889 0.046310777259278346 0.02473531456986655
14 0.8113527601462602 0.47972971072258386 0.3066876494475581 0.02099187024308069
19 0.06845679685467015 0.4533360438653924 0.046310777259278235 0.02473531456986655
14 0.8115246839827377 0.34644214432487497 0.30668764944755933 0.02099187024308069
19 0.0686287206911469 0.32004847746768317 0.046310777259278346 0.02473531456986655
23 0.2764163939170933 0.10251841498635927 0.10448642383766016 0.043707991319868134
