20 0.35905798467232525 0.35250320719617156 0.13791920543624747 0.4558267336766719
20 0.07433209053124865 0.3519507309606639 0.13435959047327367 0.4558687976343495
18 0.4437983426589534 0.904423368072768 0.03384499262234564 0.10069027549342202
23 0.7625466563426521 0.7432321403773662 0.055435915397235025 0.08380518494596934
16 0.4728855492720434 0.2675186690433508 0.03333052020899335 0.2877359900836315
23 0.20556425309416354 0.7031512955325745 0.05439629441846336 0.08388791282953822
24 0.029217309190611652 0.7821852354425263 0.04640633550124627 0.06820119946979941
24 0.33646100549890345 0.8710616727639353 0.04640633550124623 0.06820119946979841
34 0.4958725905666863 0.9361124801016156 0.05071009993182596 0.05579962367234992
19 0.5100865147562506 0.8401284359388089 0.03218970881404287 0.03695112543424428
14 0.6415269418030893 0.24675576366611254 0.0261196553406271 0.24470446134868323
18 0.6087670189482739 0.9038623980373819 0.03365382757643631 0.09937707888114011
34 0.6605858160410828 0.9362007040122032 0.05160875993061653 0.05891533869974075
19 0.6743679165948611 0.8395085427977181 0.030777528815940758 0.03695112543424517
14 0.936481352307014 0.24736274506224712 0.0261196553406271 0.24470446134868323
18 0.9037214294521985 0.9044693794335165 0.033653827576436424 0.09937707888114011
34 0.955540226545007 0.9368076854083378 0.05160875993061653 0.05891533869974075
19 0.9693223270987865 0.8401155241938527 0.030777528815940758 0.03695112543424517
