20 0.33461702753854233 0.464351083265386 0.6330926856620444 0.04268733824488696
20 0.33384969943367065 0.37622564408645853 0.6331511078254853 0.0415856027217929
23 0.8772961014013128 0.5892347595531894 0.11639609020273534 0.017157956094596027
23 0.7813982067409956 0.07317655524327815 0.11579051062711332 0.016832610951301993
16 0.21805618468837423 0.33769730404735887 0.40203315279135976 0.01038640566188892
16 0.21658294677073578 0.49958182387392247 0.3996333195605993 0.010316120844366505
23 0.8216282613391019 0.41684327739004234 0.11651099004102539 0.016836183269506644
14 0.1883221951371825 0.16415958435131317 0.33986730742872806 0.008084287890424507
14 0.1885400251238321 0.22122374583718424 0.33986730742872673 0.008084287890424507
14 0.1885400251238321 0.2784243970983606 0.33986730742872673 0.00808428789042448
19 0.947404914270233 0.34883225955954433 0.05132100754756275 0.009963028599266677
24 0.9313976223251461 0.3622621795722862 0.0947238881524991 0.014363213114384599
14 0.1877455781912382 0.5517779784434842 0.3398673074287268 0.00808428789042448
14 0.1885886079080918 0.6430692431239665 0.33986730742872673 0.008084287890424369
14 0.18839808412439307 0.6944003082694516 0.33986730742872806 0.00808428789042448
23 0.7813982067409989 0.7883390392373855 0.11579051062711465 0.01683261095130184
14 0.18774004426444602 0.8748196157383199 0.33986730742872673 0.00808428789042448
14 0.18885521293945023 0.9258526174773298 0.33986730742872806 0.00808428789042448
14 0.1888552129394509 0.9832108625360598 0.33986730742872673 0.00808428789042448
