20 0.46924299633069966 0.48184838924982387 0.07508536482970785 0.5566007673429798
20 0.31423378227363563 0.4811737717385999 0.07314745496934583 0.5566521307874448
16 0.24646393324901664 0.379370733067928 0.018269282894106953 0.35345845309677393
16 0.5312124964348579 0.3780754956184875 0.018145654638454523 0.35134857400957564
23 0.3856786167494459 0.9100176487865627 0.02961419041586988 0.10243382671987322
14 0.041591482288158836 0.3534207932965311 0.014219947427001264 0.2988036481764127
14 0.14220519925976566 0.3534207932965311 0.01421994742700125 0.2988036481764127
14 0.6230234987063052 0.3527223335254588 0.014219947427001056 0.2988036481764127
14 0.7836012764767536 0.3534635061814072 0.014219947427001056 0.2988036481764127
14 0.8738906201560328 0.3532960019808289 0.014219947427001167 0.2988036481764138
14 0.9630616409149333 0.26648796436682104 0.012721748778956266 0.26679073891700733
