20 0.8701029944418274 0.151557165485528 0.14023167001063408 0.3030174576460951
1 0.516390191272837 0.708899789334897 0.07968385022026636 0.24562659002338216
31 0.6853789740945058 0.7901184005696795 0.013138325698098585 0.11393962094513232
16 0.8439581397639841 0.40164372250964675 0.0885198156021535 0.07322931903359553
4 0.06192089060335887 0.7435455500871098 0.02278704421211486 0.060599394946540985
3 0.09134864744923926 0.7778360681566838 0.026764460754206687 0.1839606283795916
3 0.24170166700601003 0.7404981650970179 0.02684280111033277 0.18252959255151457
4 0.2854895795095366 0.7725759455322831 0.023185793153387868 0.060815066812649365
11 0.4374417605982552 0.8946061321835631 0.023695441597710976 0.14710879528335474
14 0.8375705879154167 0.7721598218231396 0.07528148908071541 0.057386580287163924
