20 0.7288998864971241 0.2529885567084994 0.2312132197306911 0.15886843644630666
16 0.5146848464767767 0.28204312900702566 0.05774773328597016 0.10087699064904254
14 0.1851313769705237 0.28944923801001426 0.044948109683049964 0.08527851734455216
18 0.12875633731232183 0.06045022749911749 0.05791331904779275 0.03463251098205544
34 0.2193347892713031 0.04918045835895546 0.08881113367370458 0.0205317578007167
19 0.24224841303473305 0.08287728636840547 0.05296362922677489 0.012877318108045821
18 0.4649802393959467 0.0764125851805591 0.057913319047792344 0.03463251098205544
34 0.5530180743468496 0.06499475047933423 0.08726467114704961 0.01905110219008832
19 0.5765944677645601 0.09903706479793123 0.05539378462580791 0.012877318108045821
24 0.6512639409388523 0.10305356798591347 0.079858521519386 0.023767842808624096
14 0.8917830535747797 0.3839262702894459 0.17297638683404493 0.019206719094765345
