20 0.5451796983540131 0.7566166414674254 0.30155668314264494 0.2365619104700284
20 0.544814202237208 0.2682488230388684 0.30158451096979944 0.23045638431422388
18 0.9103079384882519 0.9019650787341786 0.06661264743645612 0.058051640373515845
16 0.4896590740437659 0.05473497791220462 0.19149768559142755 0.05755870633577059
16 0.4889573367626624 0.9518560648725066 0.19035458954000695 0.05716920651231594
23 0.7771544086044191 0.4933409774839336 0.05549687826466665 0.09330166374885374
34 0.9016882382961942 0.0929427287679728 0.03616525387895575 0.08697902574231298
19 0.8370647363237043 0.11644194904847319 0.024445382425162254 0.055212462908538484
24 0.8294400930852367 0.19086700496196565 0.04511917792222109 0.0795971188302882
14 0.29625138383772304 0.4305988209935202 0.036460665913878976 0.17241017934849978
24 0.888237179056921 0.7178578293991013 0.04511917792222042 0.0795971188302882
