20 0.2709684038358259 0.10522718399267562 0.4567883934523611 0.06873006528634681
18 0.8240529532374785 0.14745633053094778 0.10090270223496933 0.016866168458496533
23 0.6625216596608627 0.3062999980252493 0.0839819891336191 0.027625696308274994
16 0.18580457340842121 0.1619515243162632 0.2883430280373943 0.016609788482655735
23 0.6223562560716728 0.028735776149635482 0.08406489154858798 0.02710761604876348
24 0.7906208746052095 0.09396630231233992 0.06834508385686555 0.023125934191776554
34 0.8558089199330536 0.1734067878810686 0.05591734439739704 0.025270653698789197
19 0.7596223777867811 0.18049009389660034 0.03702908139507599 0.016041281425162646
14 0.16499786443334064 0.24599155254856755 0.24522071548654956 0.01301635701235243
18 0.823490799721005 0.22966611310403756 0.09958673516569949 0.016770904089446176
34 0.8558973299700349 0.255489270190706 0.0590396326632423 0.025718488068134093
19 0.7590011768542535 0.2623573830677196 0.03702908139507699 0.015337541701904878
14 0.16560612638094385 0.3929778683869475 0.24522071548654978 0.01301635701235243
18 0.8240990616686081 0.3766524289424175 0.09958673516569949 0.016770904089446148
34 0.8565055919176381 0.4024755860290858 0.0590396326632423 0.02571848806813415
19 0.7596094388018566 0.4093436989061 0.03702908139507699 0.015337541701904878
14 0.16546865985346504 0.4756250327153414 0.24522071548655067 0.01301635701235243
18 0.8239615951411303 0.4592995932708116 0.0995867351656986 0.016770904089446204
34 0.8563681253901578 0.4851227503574793 0.0590396326632423 0.02571848806813437
19 0.7594719722743783 0.49199086323449415 0.03702908139507699 0.015337541701904878
23 0.5933295078173453 0.6268739832894853 0.08354505197146245 0.027101864327678582
14 0.1649938716000855 0.7661147022776753 0.24522071548654956 0.013016357012352375
18 0.8234868068877519 0.7497892628331455 0.09958673516569949 0.01677090408944626
34 0.8558933371367764 0.7756124199198129 0.05903963266324319 0.02571848806813437
19 0.7589971840209978 0.7824805327968278 0.03702908139507599 0.015337541701904822
14 0.16579848697318988 0.8482819604271227 0.24522071548655067 0.013016357012352486
18 0.8242914222608562 0.8319565209825924 0.0995867351656986 0.016770904089446148
34 0.8566979525098826 0.8577796780692601 0.059039632663242414 0.02571848806813415
19 0.7598017993941011 0.8646477909462751 0.03702908139507699 0.015337541701904933
14 0.16579848697319033 0.9406333716343789 0.24522071548654978 0.013016357012352375
18 0.8242914222608595 0.9243079321898482 0.09958673516569949 0.016770904089445926
34 0.8566979525098826 0.950131089276516 0.059039632663242414 0.02571848806813415
19 0.7598017993941022 0.9569992021535318 0.03702908139507699 0.015337541701904822
