20 0.546668485254783 0.11487894660908601 0.4031986936618607 0.22655066974480775
18 0.05847095002874336 0.2540762744617291 0.08906495504539191 0.05559490951131377
23 0.20105164491759975 0.7776628461553281 0.07412935353693761 0.09106087670266816
16 0.6218410283136098 0.301855886578529 0.25451507502742066 0.05474982002981982
24 0.08798082949186364 0.07776039774741511 0.06032694552728912 0.0762285887230503
34 0.03044054367175525 0.3396151644418296 0.04935720902116614 0.08329809518582082
19 0.11534263115282267 0.36296342862782216 0.032684887488391046 0.05287588532463483
14 0.6402067267385411 0.578871841707896 0.21645180473114434 0.04290501378836553
18 0.058967152574010584 0.5250593038523368 0.08790337517419278 0.05528089545471049
34 0.030362505762017655 0.610178581835509 0.05211319531168879 0.08477426396126353
19 0.11589095376365716 0.6328175181683611 0.032684887488391934 0.05055619153464874
