1 0.18139965404512526 0.9232924461911942 0.31099392506600365 0.13890247456791904
20 0.4533449050178749 0.4282343110838824 0.3732781264967361 0.24481405727702066
18 0.06579780919766037 0.13247055459731127 0.0927216864034951 0.05338591940611481
16 0.14734961729471346 0.4723719963500041 0.09237582337598094 0.15437806791211706
35 0.6556106800120893 0.806108637155799 0.10918709009385086 0.04555799686372963
19 0.24779113864977126 0.16680537193869288 0.08712652185697267 0.01974186124682864
34 0.21149565342649368 0.11932931719492151 0.14638780658580441 0.038659605618911796
24 0.6115062616503548 0.21169519454013314 0.16126788582667595 0.04768585715108198
14 0.5584705391342352 0.6220402202792018 0.2416309494775224 0.02322363172940567
22 0.812126036452276 0.4367636072095587 0.14989760414628905 0.04405452564429824
