1 0.9523541036683397 0.5430346561937285 0.08139329089650826 0.19903611204224236
20 0.6622627217342507 0.36898969557116884 0.14345476451364192 0.23889800095791103
18 0.48895273900543734 0.617019836896106 0.03128278082529601 0.059341879298236866
31 0.8107666966922672 0.622848195546727 0.023373578846977106 0.11991766879054766
24 0.8321237372909422 0.054034993990819014 0.02641551129045383 0.10408540436542868
16 0.6881262743278176 0.564826679713992 0.09046159205369508 0.05912052696062775
35 0.8836873942605457 0.23953959957487142 0.026695818796076298 0.0698797376600645
14 0.6950779320756497 0.8890346253186272 0.07694720220529627 0.04500434864103153
18 0.4891953791341025 0.9474996327038541 0.0313645977634065 0.05980901577539244
19 0.5092562994462339 0.8303731391636133 0.011568224830406981 0.055760973988462914
34 0.48143654788026197 0.8520579387798917 0.02265353828916672 0.09368819621491442
32 0.37924077434214015 0.8818956446881652 0.012777899252649605 0.03785945267197344
17 0.3277275446629098 0.9013923343490419 0.07181967510589515 0.10813027645369444
19 0.5090720621812029 0.500544106046755 0.011568224830407425 0.05576097398846247
34 0.4812523106152304 0.5237732165896527 0.02265353828916672 0.09368819621491475
32 0.2988574013276761 0.5517611459374617 0.012777899252649605 0.037859452671973104
24 0.5353763479806983 0.2677664273263817 0.02794269040073516 0.10321144692907258
14 0.7758280184913192 0.3017092897366982 0.013608453117230912 0.15464380766561425
22 0.6672606707114677 0.13936977145315205 0.02581482318603845 0.09593446665362493
