1 0.889679211006185 0.6613234036529306 0.12143485955686284 0.19800305263717877
20 0.45687687759747875 0.48818179057685485 0.21402758126129884 0.2376580459356381
18 0.19830675245982243 0.7349245782270952 0.046672398354038025 0.05903387646450897
31 0.6784376370167327 0.7407226858812594 0.03487225093568114 0.11929525874492197
24 0.7103013102640516 0.17486180198048595 0.039410667247226416 0.1035451687026323
16 0.4954640491228907 0.6830023197846806 0.13496432697749483 0.058813673014465384
35 0.7872317964671924 0.35940358089195684 0.039828872509638846 0.06951704005975279
19 0.22859868418386803 0.9471705104136292 0.01725923282041608 0.055471557168453534
19 0.22832381108121125 0.6190533926935712 0.017259232820416637 0.0554715571684532
34 0.18681808515330656 0.6421619369187721 0.03379798519399824 0.09320192530030447
24 0.26756853526697744 0.38748390261707516 0.04168914473268637 0.1026757473775376
14 0.6263108163205497 0.4212505910010406 0.020303154902267084 0.15384115814485855
22 0.4643335761218375 0.2597536653729454 0.03851446960251026 0.09543653689590714
23 0.4640874772745375 0.12749682377660987 0.03851446960251015 0.09543653689590714
24 0.267504215838932 0.06261577505476651 0.04168914473268592 0.1026757473775376
