29 0.6515479676921225 0.5523815402923273 0.04962347900222974 0.13028605600420928
2 0.5770659127287661 0.14644697440926752 0.03036359477846451 0.15708043841249075
3 0.912863921898311 0.19885762501979606 0.03105777942764476 0.22506759525260028
1 0.05110495293101497 0.2579683009149927 0.09587470246189167 0.21431791090690888
4 0.6133667110951548 0.20349744232310235 0.027307603666969826 0.05271117678106005
4 0.3519981934876236 0.20171784678460086 0.027309345759692683 0.05147885408166572
11 0.9536897182895567 0.3366400469404045 0.027259718451218218 0.12905447316885682
2 0.4079237296608443 0.15541330901510692 0.035901112050246264 0.1403600034332566
11 0.14607462739519977 0.09578173690583805 0.028632202285471586 0.12837113497204988
22 0.24367485934529542 0.42425990804435876 0.03097910411215743 0.10882035866883721
