1 0.5806101566947053 0.6401810816874071 0.09193164539186716 0.24402081966799427
20 0.25295934221774097 0.4267997333761665 0.1620284964004044 0.29289200543880356
18 0.05721013857202095 0.7308878597340319 0.0353331027904904 0.072753903190802
4 0.8691285038849338 0.7042274409744629 0.026186189117633818 0.05861345006313334
31 0.4206907929890573 0.7380335020029168 0.026399860952069254 0.14702059606517026
16 0.28217156498716944 0.6668983813124636 0.10217406017945918 0.07248252239309383
2 0.9227539799261256 0.7569494519955926 0.034424600206595546 0.1598128823738998
11 0.6716739953469586 0.8248455277020948 0.027454640272207675 0.14616244365687558
22 0.7652602040485353 0.450842663335421 0.029705020622396106 0.12390207149074417
35 0.5030528603871967 0.26809225960671873 0.03015224621064816 0.08567345235508983
19 0.07993440077282865 0.5880871236180899 0.013066014793217118 0.06836366746986333
34 0.0485127011747043 0.6165663103178045 0.025586593513202027 0.11486292712916002
24 0.1096444204534468 0.302698711540873 0.031560555875316254 0.12653855433734917
14 0.38122844738966205 0.344313095092967 0.015370400588616495 0.18959528658364222
22 0.2586043980693879 0.1452827688391523 0.029157184146911708 0.11761688342395382
