1 0.47019899904772516 0.39370445196959514 0.3499870471690806 0.0831310264459515
20 0.7762413609987093 0.6899892449504863 0.4200805827241555 0.14651750397639873
18 0.34010273328666374 0.8669993719386615 0.10434734127365797 0.03195066388699297
4 0.3783404592751586 0.13280597410405093 0.08406638556455515 0.023679384512020007
31 0.3298540903994862 0.5383147305822091 0.2108644023075379 0.023872601535858684
16 0.43187969163441764 0.6635735090715197 0.10395811315706727 0.09239293458376707
2 0.3027238746607556 0.08431406636156824 0.22921174872586858 0.031129132280482086
11 0.20534387617038996 0.3113581571001676 0.20963359655986125 0.024826406802623047
22 0.7417577703232037 0.22673095873572524 0.17770664076195442 0.02686135817989399
19 0.5449147982358282 0.8464505039843498 0.09805064233445249 0.011815204837117177
34 0.5040685029386841 0.8748642034143341 0.16474224105069113 0.023137188211318382
