1 0.6088902118120381 0.20706877319736627 0.31355003951860083 0.0848251935344495
20 0.33470979439293713 0.5093916961827871 0.3763461658925995 0.1495034545142171
18 0.7254422088089342 0.6900091975087397 0.09348378245612654 0.03260180180176653
31 0.7346238696968985 0.3546261340866955 0.18891139603990392 0.024359112740735656
16 0.6432201118782066 0.48243762134353235 0.09313507671879728 0.09427585454366116
11 0.8461713766911849 0.12304430366088781 0.1878087289728072 0.02533235606283113
22 0.3656033126145546 0.03669244700230012 0.15920567542235364 0.02740877869093894
35 0.1307815609741127 0.2786307760447018 0.11008451823160847 0.027821433081223534
19 0.5419530437722854 0.669041554311508 0.08784263025579708 0.012055992567458929
34 0.5785468480521926 0.6980343101599531 0.14759099403719467 0.023608712075076865
32 0.6226374216823027 0.8881197988974394 0.059641603524341114 0.01331667223589561
24 0.17524848140457377 0.6416281629969252 0.16259337529922402 0.02912087833049204
14 0.22872011396877112 0.39103798213448604 0.24361695728144728 0.014182245940164151
