29 0.5890154188996521 0.18000061084056085 0.12270326967592193 0.03442201656408117
2 0.2067066743113736 0.23166612444875123 0.1479381906741976 0.02106212993172818
1 0.3117373416024799 0.5965062613001941 0.20184438170068664 0.06650482115676126
20 0.4882379630451111 0.8335340956849069 0.24226869585678823 0.11721400318111896
18 0.23670827827996296 0.975142197275447 0.06017915449115724 0.025560531109594442
4 0.2604367446217578 0.20648557065079887 0.049643330513379325 0.018942299182763023
4 0.2587607234267669 0.38778747900775856 0.048482730299134885 0.01894350760961605
31 0.23079768529211994 0.7121944841902852 0.12160962884402976 0.019098081228687058
24 0.8076364699387638 0.6947440758113128 0.10555398149933248 0.021583583054403888
16 0.2896378468508899 0.8124015069817336 0.05995467901650969 0.07391434766701366
2 0.2151511587549684 0.3489939528137724 0.13219090270433692 0.024903305824385602
11 0.15899020724465168 0.530629225404652 0.12089979907420569 0.019861125442098393
22 0.4683506012269622 0.46292746671309815 0.10248689864049221 0.021489086543915237
35 0.6195145154223083 0.6526124486565348 0.07086569515791374 0.02181261668020995
19 0.35482740568450766 0.9587031029119978 0.056547724944207955 0.00945216386969383
34 0.3312705475501758 0.9814340624559853 0.09501007552658908 0.018509750569054795
24 0.5908894255508474 0.9372103999694901 0.1046676930938567 0.022831410393548413
14 0.5564676515015847 0.7407421755247237 0.15682573087782758 0.011119193373473002
22 0.7210976744522708 0.8294503720853408 0.09728803937536923 0.02109277288423983
23 0.8559203454270186 0.8295851501868373 0.09728803937536923 0.02109277288423983
24 0.9220601093797971 0.9372456250446841 0.1046676930938567 0.02283141039354808
