1 0.13541960074057485 0.20254240221750325 0.135472783837847 0.27845684774766266
18 0.9067150258753496 0.3060496501587858 0.05206774855658114 0.08302087736371333
31 0.3710807955166866 0.3142036799011388 0.03890349879917726 0.1677680281132966
16 0.5752062123140814 0.2330300263638575 0.1505662637661389 0.08271119951912653
14 0.5636357202377232 0.6866056193630429 0.12807261601622266 0.06296228824475203
18 0.9063111703076611 0.7683997294518641 0.05220392646816152 0.08367441379769014
19 0.8729213332449328 0.604536630216734 0.019254407882708935 0.07801109499602465
34 0.9192251397234247 0.6348742452516731 0.037705047455481866 0.13107229397463693
19 0.8732279818016565 0.1430969853452168 0.01925440788270949 0.0780110949960241
34 0.9195317882801496 0.17559513269841937 0.037705047455481866 0.1310722939746375
