1 0.4959802625871549 0.9029529475302689 0.20400314514133577 0.12119101445735103
20 0.3175919339633192 0.4710196951123432 0.24485980490338477 0.21359780700173792
18 0.5718117757847789 0.2129687870934373 0.06082278181191825 0.046578678678628305
31 0.5777855836708876 0.6921355534082654 0.12291026658567716 0.034802226335408526
16 0.5183161155713822 0.5095293823575839 0.06059590553005523 0.13469331427272058
35 0.18491135428796995 0.8007112506911539 0.07162361703126041 0.03974889485399702
14 0.8506148120467212 0.5198800936427597 0.0461274518156739 0.11457098480969308
18 0.910538839224093 0.21333006752597794 0.0613015758838692 0.04670050048507224
19 0.7904894028860565 0.2431998916453461 0.05715251344628547 0.01722457572639924
34 0.8127153561469478 0.20177751054862297 0.09602622606698008 0.03373011775384971
32 0.8432976750368895 0.04961251842308634 0.03880425184738823 0.019025727501686074
19 0.45242934220478465 0.24292557049671076 0.057152513446285025 0.017224575726399682
34 0.4762381453459007 0.20150318939998652 0.09602622606698041 0.03373011775384971
24 0.21384259485324325 0.2820914900154373 0.10578713366170545 0.041605431590652886
14 0.24863251621854088 0.6401134050427975 0.15850301142197543 0.020262385514913217
22 0.08224174435929127 0.4784614203464924 0.09832855316548017 0.03843713131013571
