1 0.5432344249085164 0.24462142197039796 0.27119849389642026 0.111147560220554
20 0.3060878553398627 0.6407591009835232 0.3255126790303291 0.1958963312833618
18 0.6440436166238411 0.8774245746362215 0.08085682605802424 0.04271856718592437
31 0.6519851005672227 0.43796776133090953 0.16339492785441911 0.03191806393192165
16 0.5729273479515294 0.6054408242834682 0.08055522038474172 0.12353088491310293
11 0.7484657641997216 0.13452306087425722 0.16244119923003475 0.03319331738251258
22 0.33280855237988727 0.021375094000251456 0.13770159130132487 0.03591408110239974
35 0.12970443070035803 0.3383900500106912 0.09521528235672305 0.03645478754565473
19 0.9347501303769614 0.849698810240548 0.07597763043451689 0.015797124699349574
19 0.4853385331205786 0.8499503975923351 0.07597763043451655 0.015797124699350018
34 0.5169895723674176 0.8879399846755187 0.12765571759141248 0.03093480412784011
24 0.16816515571722607 0.8140302725088622 0.1406317108630729 0.03815746764667616
14 0.2144143165843636 0.4856786819312833 0.21071134930741287 0.018583182295445255
