1 0.8035380487953162 0.1537378452010325 0.2988140063297371 0.11845559411140494
18 0.6924636913439661 0.8281482709076904 0.08909028876367153 0.045527344419935
31 0.6837135445447311 0.3597968486804394 0.18003305366727118 0.034016700127641686
16 0.7708215643980538 0.5382813887849328 0.08875797128553786 0.13165313151681035
11 0.5774084791324217 0.03640043582869806 0.17898220907330187 0.03537580243121552
14 0.28408639802033786 0.5281643049379896 0.06756527537491669 0.11198498613391006
18 0.19631256186758198 0.8277951449893288 0.0897916033181479 0.04564641656833357
19 0.3721552088274734 0.7985995170964035 0.08371425598790116 0.01683579727526363
34 0.33959970026517583 0.8390869474912379 0.14065460267252167 0.03296879026774702
32 0.2948041887840863 0.9878174010310166 0.05683860388090012 0.01859629498692772
19 0.8673293447078743 0.7988676465017428 0.08371425598790061 0.016835797275264075
34 0.8324553536839419 0.8393550768965783 0.14065460267252228 0.03296879026774713
