1 0.23274386084951218 0.30766618577233595 0.13148829019555736 0.21115454690828295
20 0.7013773242571962 0.4923079797907341 0.23174664027639524 0.25344345120073586
31 0.4614738440145618 0.22299315048087087 0.03775927824626024 0.12721892906746302
24 0.42697221960515547 0.8264388901388913 0.04267342401279195 0.1104227075832499
16 0.6595955720826214 0.28454734163183504 0.14613784424360532 0.06272011624051843
11 0.10249678007564635 0.14787351938693266 0.03926791141329916 0.12647635807209345
35 0.3436727606880291 0.6296397236982452 0.04312625193309483 0.07413440803420135
19 0.9488519954087974 0.35274379893563806 0.0186881017685121 0.05915601484015853
24 0.9063582526629895 0.5996942883530084 0.04514053362123116 0.10949553871626705
14 0.5179161749208863 0.5636847940985213 0.021984026114219457 0.1640593900511591
22 0.6933032955717795 0.7359084527941653 0.04170303135609499 0.10177549506611505
23 0.693569768615588 0.8769498816552019 0.04170303135609488 0.10177549506611505
