1 0.901041451015272 0.7552159528712381 0.18194875107200215 0.11787719765578286
18 0.8334079392444181 0.0840985468213511 0.054247345940359626 0.045305042933509565
31 0.828079948427078 0.5501630968697581 0.1096226701980364 0.033850602959049736
23 0.15802382092295408 0.21176053905428116 0.08859240416556968 0.03827862152554129
16 0.8811202848401504 0.37255006330874363 0.05404499682410324 0.13101029396057595
22 0.2981365345330097 0.2140056103919863 0.08952691010458902 0.0387258752669104
26 0.41783474781441066 0.7232292167469232 0.28192724956701554 0.0365438635076587
11 0.7633504729852425 0.8719804256743717 0.10898280775051616 0.03520306902090686
14 0.05902585522196313 0.3826000861063552 0.04114070026803396 0.11143818444380305
19 0.11265122014904194 0.11348535838230922 0.05097386334398424 0.016753591233880538
34 0.09071047618470512 0.07334014831537905 0.08564501243811773 0.03280780984651788
14 0.5847457717675507 0.38261774733221543 0.041140700268033514 0.11143818444380305
18 0.5313000177985436 0.08444994849206444 0.05467437849101853 0.04542353367493357
19 0.6383711366946301 0.11350301960816878 0.05097386334398435 0.016753591233880538
34 0.618547989191673 0.07321328174455921 0.08564501243811729 0.03280780984651788
19 0.9398841637887374 0.11323619942844143 0.050973863343984016 0.016753591233880982
34 0.9186492853115258 0.07294646156483076 0.08564501243811762 0.03280780984651788
