2 0.8850632306492203 0.24221004383654082 0.025182981440109886 0.25651667924241606
1 0.4488413278920605 0.4243274394146976 0.07951663399177977 0.3499870471690806
20 0.1654384824320776 0.7303698013656817 0.14014717771655527 0.4200805827241556
4 0.9151704145380766 0.33537502813619774 0.02264840119678191 0.08607880244980448
4 0.6983963936764941 0.3324688996421311 0.022649846054975664 0.08406638556455504
31 0.3105184526973862 0.28398253076645874 0.022834662338647504 0.2108644023075379
16 0.19070570805543707 0.38600813200139017 0.08837585047142937 0.10395811315706727
2 0.7447799576040862 0.2568523150277281 0.02977569174654815 0.22921174872586864
11 0.527607349071513 0.15947231653736244 0.023746997811204706 0.20963359655986125
22 0.6085551040288057 0.695886210690176 0.025693473041637716 0.17770664076195442
19 0.01577988683446907 0.4990432386028007 0.01130150027898158 0.09805064233445238
24 0.04147768383094558 0.9083617868114084 0.02729842547054695 0.181488018300357
14 0.2763853434931662 0.8486763253865399 0.013294687729152543 0.27192718473311384
