1 0.4705650785783801 0.2089021790413384 0.27511001063531093 0.11125000036822275
20 0.7111320313619662 0.6054049619060886 0.3302075734394204 0.1960768808974478
18 0.36830190813639185 0.8422885604192962 0.0820230302800149 0.04275793913724779
31 0.3602458835592116 0.4024267177929657 0.16575158546770408 0.03194748150236587
16 0.44044389222224656 0.5700541337989369 0.08171707452490629 0.12364473826325328
11 0.26237367189355165 0.09870234480133028 0.16478410114200637 0.03322391030175911
35 0.890059447703002 0.30275722978028635 0.09658857969840651 0.036488386428185304
19 0.07340251197337094 0.814537242323719 0.07707346164270701 0.015811684261284542
19 0.5292960072671054 0.8147890615532498 0.07707346164270668 0.015811684261284875
34 0.49718846264651373 0.8528136620807496 0.1294969058259039 0.03096331546804998
24 0.8510440006906984 0.7788358303637091 0.14266005284667482 0.0381926358196224
14 0.8041277846187465 0.4501816115920494 0.21375045530703896 0.01860030965239956
