29 0.9064282287787855 0.28039961585956147 0.054279722036322586 0.1875276385613146
2 0.8249574145312915 0.8646827915510813 0.03321265493143932 0.22609421593603785
1 0.24964477475251762 0.7041642245590132 0.10487076489967129 0.30847914939161547
4 0.8646643694776717 0.7825670237182301 0.029869915739978214 0.07586999569025898
4 0.5787712646402416 0.7851284900728386 0.029871821295789025 0.07409624819301752
31 0.06721721215867271 0.8278644540144691 0.030115566837590757 0.18585622521446055
2 0.6399443750156412 0.8517770700429459 0.03926976548328409 0.20202760601983571
22 0.4602837948876864 0.46481188437820053 0.03388591839896271 0.15663092056377126
35 0.16117150798296215 0.2337877890985206 0.034396089725960866 0.10830417561869843
14 0.022200652843289648 0.3301424301849097 0.01753374107111516 0.23967706039818937
