1 0.9098202729988115 0.14528762359056693 0.1683490242671153 0.23500156965973168
20 0.3098125750793499 0.3507821869539588 0.29671327165094974 0.2820664282357266
24 0.6611429601150172 0.7226486210580679 0.054636266727674965 0.12289344457930484
16 0.363307203386546 0.11955782169292524 0.1871053570650345 0.06980349692476592
35 0.7677941501930114 0.5036236760666302 0.05521603803986197 0.0825068771140392
24 0.047368373856869705 0.47029631270499084 0.05779499283722489 0.12186156464931575
14 0.5447042558195626 0.43022003778521273 0.02814691209603004 0.1825876579214133
22 0.32015003440042744 0.6218940070111654 0.053393839309477276 0.11326964748631285
23 0.31980885970835465 0.778864139337001 0.053393839309477165 0.11326964748631285
24 0.04727920577949579 0.8558687515777104 0.057794992837224224 0.12186156464931563
