1 0.21833017391189644 0.15939247908018359 0.13608370958232424 0.24402081966799433
20 0.7033420334476957 0.3727738273914242 0.2398460155284452 0.29289200543880356
24 0.41934667147410676 0.7589123208001687 0.04416482891064605 0.12761003733501386
16 0.6601000396525891 0.13267517945512702 0.1512452548090527 0.07248252239309382
35 0.33313595751027136 0.5314813011608719 0.04463348283492796 0.08567345235508983
19 0.9594657630048207 0.21148643714950072 0.019341237230545816 0.06836366746986336
24 0.9154868950897682 0.49687484922671754 0.04671816219198455 0.12653855433734917
14 0.5134690513837357 0.45526046567462375 0.02275235171685852 0.18959528658364233
22 0.6949858233764301 0.6542907919284382 0.04316052174170815 0.11761688342395382
23 0.6952616094578463 0.8172853643008944 0.04316052174170826 0.11761688342395382
24 0.9155589734567098 0.8972453774378357 0.04671816219198399 0.12653855433734917
