2 0.8496745996069737 0.4366741231515246 0.017181018348803034 0.2330026503118613
1 0.5520634317933248 0.602097424135017 0.054250000179560276 0.3179049011785815
18 0.24319861211014088 0.4839266494020529 0.02085050065793881 0.09478216832357278
4 0.8702151412444045 0.5212989838903797 0.015451808097399988 0.0781882455585724
4 0.722321674427379 0.5186592505082692 0.015452793847844037 0.0763603002211376
31 0.45769303873916056 0.47461746544620015 0.015578884238232282 0.191535165429347
16 0.3759511302598442 0.5672907199012627 0.06029417573736173 0.09442861945100278
2 0.7539667306260687 0.4499741861501864 0.02031438205449898 0.20820067175933066
11 0.6058013284901378 0.36152068752143757 0.016201322551644304 0.19041718354187398
22 0.6610277069284166 0.8487633080435766 0.017529299809980303 0.1614168653587753
14 0.38058452731154546 0.049458584560526084 0.05128660713278843 0.07188194574609194
19 0.2567312773387706 0.1431540138358953 0.007710416819547761 0.08906266678712821
34 0.23818894404783308 0.10851857000433983 0.015098965070936776 0.1496408689543772
32 0.17007373858399732 0.06086112306751406 0.00851668520974358 0.06046995912884655
19 0.25660848009650516 0.6699642750642106 0.007710416819547872 0.08906266678712749
34 0.23806614680556704 0.6328622235026381 0.015098965070936776 0.14964086895437778
32 0.11649686569390727 0.5881592807943321 0.00851668520974358 0.060469959128845896
