1 0.6847200105214892 0.2520308619556733 0.08068599625636474 0.18518732107490188
20 0.3971494761576831 0.4139658981336212 0.14220816562415173 0.2222756481404512
18 0.22534552937504249 0.18319351745103402 0.031010938478551964 0.0552129135865472
4 0.9379450037439292 0.20342610061970368 0.02298293202637236 0.04448172828415778
31 0.5443629753974815 0.17777069184568284 0.023170466196568817 0.11157388277437683
24 0.5655344267396172 0.7070062758176037 0.026185964735122358 0.09684321603579527
16 0.42278827862844487 0.23175511191659312 0.08967549533130337 0.05500696278699185
11 0.7646443555418159 0.11188907363708335 0.024096218367251843 0.11092263118944115
22 0.8467825186602453 0.39571972636842645 0.026071318233426566 0.09402924195656809
35 0.6166500038023992 0.534408948615613 0.02646383641349004 0.06501755526624131
19 0.24529001886010965 0.29156494987559195 0.011467698812496097 0.0518811651187151
34 0.21771201647218363 0.2699521043057439 0.022456682675691342 0.08716943822585119
32 0.03690208968512276 0.24391155515527438 0.012666861358074488 0.03522521891000735
24 0.27136572463594616 0.5081461234422824 0.027699872903937384 0.09603006793562585
14 0.5097279087049642 0.47656498123203656 0.013490197842816465 0.1438838016306282
22 0.4021039937600979 0.6276090314149475 0.025590496513967387 0.08925941476672228
23 0.4019404762104882 0.751305559639352 0.025590496513967387 0.08925941476672228
24 0.2713229883314829 0.8119871877319498 0.02769987290393694 0.09603006793562585
