29 0.40867811151585287 0.8821365716769709 0.18702353200604227 0.03321422650920114
1 0.8313035680413815 0.4802451545667984 0.3076499043663692 0.06417131866003278
20 0.5622824595522099 0.2515340863008474 0.36926438320107224 0.11310123113967618
18 0.9456623822990886 0.11489469002927355 0.09172467902281234 0.02466367036890693
4 0.9094956069878046 0.8565809087021797 0.07566604408894106 0.018277657106174905
4 0.9120501876801697 0.6816404708138852 0.07389706473013302 0.01827882313208562
16 0.8649874753643694 0.2719251806635586 0.09138253495258342 0.07132086178396058
22 0.5925946481298721 0.6091369739052244 0.15620986970204054 0.02073508350728659
35 0.3621915853643848 0.4261076053633117 0.10801303536165885 0.02104726170897453
19 0.7656259703679682 0.13075697406418074 0.08618967753592988 0.009120508997072951
34 0.8015311815565869 0.10882359204805248 0.14481374414939785 0.017860285636807083
24 0.4058217626684664 0.1514955470788813 0.15953382253821713 0.022030308274476496
14 0.45828720859839095 0.34107014961330484 0.23903276722507594 0.010729046237561768
22 0.2073591897461356 0.2554745213530602 0.14828580195116758 0.020352675590055935
