1 0.4520695429439178 0.19909383439634643 0.11845559411140505 0.23308709658714732
20 0.8742535659157078 0.402914307630505 0.20877665924801858 0.27976853472667795
4 0.08030841452314219 0.13791716941543147 0.03374138008974786 0.05598718549818635
31 0.6581285464233246 0.10562584024568637 0.0340167001276418 0.14043311518241322
24 0.6270466119701008 0.771751279949652 0.03844377158365364 0.12189227598802754
16 0.836613086527818 0.17357364391945945 0.13165313151681035 0.06923483299869856
22 0.21414460459693138 0.37994865762869157 0.038275458368210113 0.11835045117955006
35 0.5520035272930428 0.5545106522290201 0.03885171665807763 0.08183472332899622
14 0.7089764951691595 0.48170500692749196 0.019805040208884628 0.18110018209313283
22 0.8669798089645668 0.6718174774224797 0.0375695611235477 0.11234688050068098
23 0.8672198700580076 0.8275088306662312 0.0375695611235477 0.11234688050068087
