1 0.18394859113583262 0.7997956872455785 0.30847914939161547 0.09526933733190346
18 0.2986156501759056 0.2573929849605868 0.09197191535441018 0.03661591473079229
31 0.3076488205912884 0.6340702535079971 0.18585622521446066 0.02735834051307573
16 0.21772329066184753 0.4905219138343752 0.09162884906296764 0.10588361563980253
11 0.4173923247770417 0.8941657110422705 0.18477139103793716 0.028451414899296368
14 0.7202019125558238 0.49865870029059867 0.06975067511750166 0.09006527298378408
18 0.8108147946218762 0.2576769907307607 0.09269591393760279 0.036711679939330666
19 0.6292845148762202 0.2811579258711641 0.08642199472605427 0.013540392599442508
34 0.6628930318017188 0.24859542265700763 0.14520407769157906 0.026515546395291523
32 0.7091374547053771 0.1289771652323552 0.058677049289446837 0.014956294073937948
17 0.7393546960935286 0.06868188534735209 0.16758735568968808 0.08406359761802884
19 0.11809396489726182 0.28094227956963225 0.08642199472605372 0.013540392599442841
34 0.1540959556308633 0.24837977635547492 0.1452040776915795 0.026515546395291523
32 0.19747347416183414 0.03488991804967928 0.05867704928944617 0.014956294073937948
