12 0.8710995617248631 0.6021667155334067 0.08641727343782535 0.19053950103376993
2 0.9449452121943569 0.8147840948656428 0.02227725281240489 0.13188829262935542
1 0.559056605909177 0.9084199256110159 0.07034163776195901 0.1799461704784423
18 0.15857628901227488 0.84153080783764 0.027035177135147914 0.05365028395673921
4 0.9715784902498834 0.862684959434806 0.020035124135614812 0.0442574974859844
4 0.7798168564107915 0.8611907707279511 0.02003640227940151 0.04322281144592688
31 0.4366940624677344 0.8362614584286667 0.02019989360726504 0.10841613137510209
23 0.2347568717899673 0.17358016251656938 0.022842254336919776 0.08761733053481668
16 0.3307058652844717 0.8887180175541739 0.0781786369554952 0.0534501619533978
22 0.23609658801946032 0.3121507550648791 0.02310914701242206 0.08854155103111072
2 0.8208484706544306 0.8223124324120552 0.02634003500656179 0.11784943684490423
26 0.5399689498536419 0.43053153518123316 0.021807060741166895 0.27882427669442256
11 0.6287342400294619 0.7722444143203107 0.021006959602219544 0.1077833114387966
14 0.33670308168584356 0.07567179706700439 0.06649924293150022 0.040687893818542986
19 0.17611247493210058 0.12870694571343927 0.009997481016021936 0.05041283025686505
34 0.15215635890148493 0.10700768792481063 0.019577620794192452 0.08470237865342134
32 0.06375057299190756 0.08212606414643286 0.011042904773705953 0.034228278752177266
14 0.3367136207856577 0.5956054881160211 0.06649924293150011 0.04068789381854254
18 0.15878598324934395 0.5427479735774904 0.02710588489693 0.05407261646360162
19 0.17612301403191422 0.6486406367624564 0.009997481016021936 0.05041283025686505
34 0.15208065297577428 0.6290356685559156 0.019577620794192563 0.08470237865342112
32 0.06376111209172147 0.6020597551954482 0.011042904773705842 0.034228278752177266
19 0.1759637926659231 0.9468351242501821 0.009997481016022158 0.050412830256864716
34 0.15192143160978244 0.9258339629889146 0.019577620794192452 0.08470237865342134
