29 0.05128913741998215 0.6801489326560108 0.050302705365384295 0.11294278231533716
12 0.22881896302748386 0.10873056993384196 0.11939777875950747 0.19672584846993138
2 0.12679067300683056 0.3282511109327092 0.030779199537912055 0.1361703800523864
1 0.6599507763766925 0.42492706605293196 0.09718699710106404 0.1857885786108593
4 0.08999300380933974 0.37770719837749456 0.0276813792405112 0.045694429222542354
4 0.3549390293068292 0.3761644970502871 0.02768314517830356 0.04462614947988558
31 0.8290120682812945 0.35042579149453246 0.027909031747235913 0.11193613564052746
24 0.8035108676308638 0.8813796728170116 0.03154122644423751 0.09715764206188549
2 0.2982480067286611 0.33602387502283615 0.036392512134669874 0.12167571726194654
11 0.5636811949351396 0.2843302719281128 0.02902410843591685 0.11128276960239386
22 0.46474504998733746 0.5690824527527396 0.03140313371755726 0.0943345317031804
35 0.741941702344292 0.7082219646825468 0.031875925341852795 0.06522865122489785
14 0.87073031286423 0.6501901922100626 0.01624906278007532 0.14435095683072774
