1 0.20456253430507107 0.059483775768033285 0.3853392741558564 0.1110453085552177
20 0.541518266150094 0.45525702269374985 0.4625129648175046 0.19571611386727772
18 0.061325231598447924 0.6917047728196287 0.11488747675584574 0.042679267676093646
16 0.16237258977930835 0.41997123750859844 0.11445893266788211 0.12341724104473761
35 0.7921371388701982 0.153166140121077 0.13528905439238081 0.036421250482595285
19 0.2868253839162149 0.6642558710076136 0.10795474762076068 0.01578259192593756
34 0.2418532002052179 0.7022105090686415 0.18138287145985188 0.030906345246397682
32 0.18766781510424088 0.9510528738096194 0.07329692015617684 0.017432957306052765
24 0.737489240024682 0.6283687911174098 0.19982014136099924 0.03812236418057979
14 0.671774944112453 0.30031927192030694 0.2993945771303981 0.018566086451567154
