1 0.6685240148269729 0.08532441629697393 0.19529993929059608 0.13795000045659617
20 0.8393019198747064 0.5769878670492642 0.23441356749283093 0.24313533231283535
18 0.5959276344449471 0.8707235292056417 0.05822795323632457 0.053019844530187155
31 0.5902086818440819 0.3252948443489917 0.11766665452997427 0.03961487706293365
16 0.6471410565946324 0.5331528401963961 0.05801075597672534 0.15331947544643398
14 0.3290189256685826 0.5213707734077846 0.04415955711364011 0.13041451528051928
18 0.2716513842922934 0.8703122888504298 0.05868632094001819 0.05315851255215087
19 0.3865792576466251 0.836311894767126 0.054714266285607716 0.019606488483992712
34 0.36530151058287086 0.8834623994212244 0.09192954406753545 0.03839451118038206
19 0.7102169607903001 0.836624150611744 0.05471426628560727 0.019606488483993267
34 0.6874238915715866 0.8837746552658438 0.09192954406753584 0.03839451118038206
24 0.9386250926404958 0.7920421439367136 0.10127403068978968 0.047358868416331745
14 0.9053193829375401 0.3845109126598556 0.15174093755585016 0.02306438396897542
