12 0.43430676677524094 0.4313294727044052 0.10509712347222422 0.23761396599505435
2 0.5241148009394163 0.6964758516363703 0.02709267599297427 0.1644724590436668
3 0.8237389636215262 0.7513528858050413 0.027712079588522176 0.23565901149978152
1 0.05481299485481772 0.8132452405658943 0.08554659844048307 0.22440345965546926
4 0.556505095158611 0.7562110474520327 0.0243658915781112 0.05519170274722762
4 0.32329250574126017 0.7543477062411311 0.024367446003864646 0.05390138839139125
11 0.8601668003731764 0.8956191864042666 0.024323164798074948 0.13512762484739127
2 0.3731934625393358 0.7058641314001315 0.03203366411854003 0.14696518006540982
26 0.031599374875159014 0.21729030661816529 0.026520847790108104 0.3477102744659858
11 0.13955205945468224 0.6434263676621912 0.025547797786965698 0.13441212955896986
