1 0.6375520421840819 0.16042974897368573 0.07988501019160932 0.20922443221990739
20 0.3528362781812666 0.34338377522226315 0.1407964366470753 0.2511267834566706
18 0.18273786363008837 0.08265739265948635 0.030703086673669056 0.06237948920747016
4 0.888263220119734 0.10551614293048787 0.02275477585139185 0.05025540782378338
31 0.4985883594934693 0.07653069023881538 0.02294044833227471 0.12605605037397602
24 0.5195496375926323 0.6744604724959398 0.025926011412139682 0.10941335925067908
16 0.37822055911856617 0.13752222881984383 0.08878526870657166 0.062146806220038375
22 0.7980057233062389 0.3227692703760285 0.025812503029256195 0.10623413442259433
35 0.5701577800717335 0.47946020154378216 0.026201124602634795 0.07345676262255407
19 0.2024843601685798 0.2050953181409796 0.011353856666773132 0.05861528344308212
34 0.17518013014056033 0.18067714892312559 0.022233750683543496 0.0984839356920951
24 0.2283012071842327 0.44978849047043973 0.027424890710979644 0.1084946654190434
14 0.4642971220533596 0.41410815064241047 0.013356277943648909 0.16255976125727284
22 0.3577416112939155 0.5847575528600321 0.025336454523425034 0.10084518889549243
23 0.3575797170158109 0.7245097547662148 0.025336454523424923 0.10084518889549243
24 0.2282588951316336 0.793067791624031 0.02742489071097942 0.1084946654190434
