1 0.17621500539880747 0.47236126610440543 0.22981077193632393 0.11441350748769841
4 0.11589825337947163 0.8314367067307281 0.05520021702732836 0.03259001546109297
31 0.08406081839484342 0.27333365990012537 0.13845915573205791 0.03285594069200659
24 0.740823049106986 0.3033549785805377 0.12017893074321584 0.037131946202600075
16 0.15105353245874414 0.10093958751483745 0.0682616526151828 0.12716070238448318
22 0.35452769256162164 0.7021674387826795 0.1166868906208014 0.036969376376498775
35 0.5266360045069254 0.3758373513634022 0.08068443605328746 0.0375259708763801
14 0.454853731729716 0.22422080703566483 0.17855459720427347 0.019129228410287746
22 0.6422939385832079 0.07160907551194928 0.11076770748159515 0.03628756662075361
23 0.7957968591508424 0.07137720607667325 0.11076770748159503 0.03628756662075372
