12 0.76489034000172 0.12587252241846125 0.27667379602163855 0.08965661500562772
2 0.45615825494395246 0.04925877622399244 0.19150902765358468 0.02311231307502215
1 0.32019389797121883 0.4496123725875769 0.261291699598834 0.07297838597310857
18 0.417320562135299 0.86510464815897 0.07790315204677212 0.028048587644446066
4 0.38660357488461955 0.021627152799999994 0.0642643114180047 0.020786138462342785
4 0.3887732187603267 0.22057694945530948 0.06276189059271575 0.020787464517202592
31 0.4249719462086027 0.5765616619137652 0.15742616336658655 0.02095708429871035
16 0.3488021480263594 0.6865228144932567 0.07761256393233096 0.08110915418115461
2 0.4452266963149154 0.17800726986517357 0.1711238398021897 0.02732738819302294
11 0.5179282020371746 0.3773228803563745 0.1565072741440059 0.021794403069775425
22 0.11745481530664936 0.3030310472093549 0.13267139618529478 0.023580829550910565
14 0.7744176017310744 0.6802898589672379 0.05908105129815766 0.06899195941381764
18 0.8511696091431875 0.8648870935575127 0.0785164019882435 0.02812194587855621
19 0.697407659860908 0.846900186167615 0.07320219187983135 0.010372235443466549
34 0.7258751479416385 0.8718437723661254 0.12299249503099496 0.02031148566072216
32 0.7650456522732763 0.9634739610946832 0.049701336270284835 0.011456846790616315
19 0.2644129246047584 0.8470653759282201 0.0732021918798309 0.01037223544346677
34 0.29490776150468107 0.8720089621267312 0.12299249503099541 0.02031148566072205
