1 0.9195210312770516 0.6612441369290003 0.15259955802720826 0.2764390445031143
18 0.05071670283825985 0.5584869415090314 0.05865027049799465 0.08241927680310679
31 0.6540670179451735 0.5503919989387247 0.04382176666253734 0.16655231776464952
16 0.42413560660954935 0.630977437595301 0.16960118965313498 0.08211184300087193
14 0.43716886633146484 0.18068862425552995 0.14426384433685746 0.06250603977921043
18 0.05117161473561832 0.09948722510938135 0.058803664327600536 0.08306807746582279
19 0.08878267013750296 0.26216291058193797 0.021688593455744254 0.07744579720619837
34 0.03662503224580105 0.23204513333710708 0.04247180440307741 0.1301224947429367
19 0.08843725438018207 0.7202587899109079 0.02168859345574481 0.07744579720619782
34 0.036279616488478605 0.6879961363791056 0.04247180440307752 0.13012249474293724
