1 0.9299454960556924 0.6920436889524815 0.11176504666622367 0.3317268534037372
18 0.2936267703195033 0.568735054448519 0.04295589255917942 0.09890313216372804
31 0.7355250103654002 0.5590211233641508 0.0320953865093212 0.19986278131757929
16 0.5671215415075495 0.6557236497520422 0.12421716760706458 0.09853421160104636
14 0.576667197470545 0.11537707374431708 0.10565990821338356 0.07500724773505246
19 0.32150656673959715 0.2131462173360067 0.01588488650323494 0.09293495664743812
34 0.2833059263948413 0.17700488464220968 0.031106664150772456 0.15614699369152402
32 0.1429759892124018 0.12727537479508713 0.017545948695999347 0.06309908778662249
17 0.07224069327323618 0.09478089202695919 0.09861905387226166 0.18021712742282403
19 0.32125358168030005 0.7628612725307706 0.015884886503235274 0.09293495664743745
34 0.28305294133554326 0.7241460882926078 0.031106664150772456 0.15614699369152474
32 0.032597709415688514 0.6774995393795928 0.017545948695999458 0.06309908778662188
