1 0.6236131380058302 0.2091433727806169 0.2560307928955019 0.10758132834181966
18 0.528442044261161 0.8216426809758792 0.07633463220690417 0.04134791797140269
31 0.5209447149007428 0.3962860862792939 0.15425650907061494 0.03089395492875846
16 0.595580892985357 0.5583856819713426 0.07604989485986802 0.11956732710840434
11 0.4298600615385179 0.10257757942018125 0.1533561209733213 0.03212829115633575
14 0.17853487794583756 0.5491973500283525 0.05789149992973841 0.10170472448347079
18 0.1033282129648409 0.8213219721427147 0.07693553483411775 0.04145605925412832
19 0.2539942840736517 0.7948065132987836 0.07172832224466708 0.015290265083327648
34 0.2260999668938754 0.8315771831493506 0.12051613607063938 0.029942243567588456
32 0.18771813043468694 0.9666541280308432 0.04870063822457438 0.016889148477432614
19 0.6782710045259862 0.795050028329123 0.07172832224466652 0.015290265083328203
34 0.64839015763076 0.831820698179691 0.12051613607063982 0.029942243567588567
