1 0.7757439973717324 0.8146752185808254 0.4368158947491959 0.07858479843718857
20 0.393775095242069 0.5345935002160768 0.5242990479038125 0.13850482797768948
16 0.8235700031891047 0.5595646255391624 0.1297492481006146 0.08734019597371745
22 0.43681377520729936 0.972517348903468 0.22179416614182856 0.02539237765443103
35 0.10967660212042418 0.7483778682867117 0.1533620196738057 0.02577467400688871
19 0.6824918357896342 0.3866887162856276 0.1223761833716257 0.011169060822587396
34 0.7334717539658409 0.35982889104322047 0.2056134077235725 0.021871873231011918
32 0.794895644710078 0.1837275560995727 0.08308849345948288 0.012336995176874588
24 0.17162479279644832 0.4120853672235518 0.22651367169548375 0.02697852204706397
14 0.2461177160251964 0.6442402027491058 0.3393900359073596 0.013138890607326426
