2 0.8709115712734897 0.2937543263535264 0.05762516779494464 0.2343294569778569
2 0.7704704750230659 0.24456848862057037 0.04394123656148241 0.1341623632171382
10 0.8705192201410517 0.5147727359024271 0.029854388451448277 0.22605215678963542
5 0.9892053259610747 0.08629359137199694 0.01687421955951407 0.1568980430349114
2 0.5115332867559358 0.29293535225852363 0.05762516779494464 0.23432945697785687
2 0.41109219050551277 0.24374951452556706 0.04394123656148252 0.1341623632171382
10 0.5111409356234983 0.513953761807424 0.029854388451448166 0.22605215678963497
2 0.15033881431497403 0.2938952555252965 0.057625167794944754 0.2343294569778569
2 0.04989771806455062 0.24470941779234154 0.04394123656148252 0.1341623632171382
10 0.14994646318253635 0.5149136650741967 0.029854388451448166 0.22605215678963542
