2 0.8459926884888012 0.6142502751421854 0.04904222533642699 0.2512759763104201
2 0.7605117248084979 0.5615073568749258 0.03739643817919647 0.14386487826276673
10 0.8456587758359737 0.8512525596958694 0.0254077463327681 0.24240006837791328
5 0.9465445154812533 0.15975186938131908 0.01436090010112967 0.16824478430177503
5 0.9466672582171602 0.391786145361493 0.014360900101129559 0.16824478430177525
2 0.5401417645826907 0.6133720734941774 0.04904222533642699 0.2512759763104201
2 0.45466080090238836 0.5606291552269171 0.03739643817919647 0.14386487826276662
10 0.5398078519298639 0.8503743580478611 0.02540774633276799 0.24240006837791273
2 0.23274516366076664 0.6144013961991958 0.04904222533642699 0.25127597631042
2 0.14726419998046403 0.5616584779319373 0.03739643817919647 0.14386487826276667
10 0.2324112510079398 0.8514036807528792 0.02540774633276799 0.24240006837791328
