2 0.1106195778733169 0.5220679069333447 0.05455423199809337 0.22218260348068203
2 0.09916862485481606 0.9093338380415006 0.031234334695922822 0.1694221242727071
2 0.66232127664712 0.7312176443844451 0.030993248091416237 0.1788251831568095
4 0.28919280561496324 0.7836011980586346 0.032969220383023745 0.07235171855471745
31 0.7598496576075955 0.8496107252016865 0.0292463810174729 0.13918470302070962
10 0.6354637465810826 0.6072136893772409 0.028544722235641085 0.21705536288556626
10 0.16207486542395433 0.5235806764300668 0.0526271940549774 0.11510813773367101
5 0.06232065202488288 0.06596833451182173 0.03652742745263232 0.06506112132772635
10 0.70398251223172 0.6066979289907316 0.028544722235640974 0.21705536288556648
2 0.708946150029677 0.8675052546346901 0.04845291078655378 0.0762986028445165
