2 0.8643830990626731 0.514520110196766 0.042971744702789194 0.2753050997280831
2 0.7894830282967161 0.4567334702372822 0.032767481149279076 0.1576224485884411
10 0.8640905183493817 0.7741865476449279 0.022262757886599704 0.2655804027856373
5 0.9525961007923655 0.2707820882239308 0.012583297935903959 0.1843337664071363
2 0.5963906144426201 0.5135579275168447 0.042971744702789194 0.2753050997280831
2 0.5214905436766638 0.45577128755736024 0.032767481149279076 0.1576224485884411
10 0.5960980337293291 0.7732243649650063 0.022262757886599593 0.26558040278563677
2 0.3270437777787747 0.5146856827209767 0.042971744702789305 0.2753050997280831
2 0.2521437070128183 0.45689904276149423 0.032767481149279076 0.1576224485884411
10 0.3267511970654838 0.7743521201691381 0.022262757886599593 0.2655804027856373
2 0.05553567833467932 0.5142710003087556 0.04297174470278908 0.2753050997280838
10 0.05524309762138785 0.7739374377569176 0.022262757886599593 0.26558040278563677
