2 0.5116591634205673 0.901204454140536 0.2806731657394943 0.042613407939090076
2 0.5705725623764756 0.826928967020059 0.16069586680604298 0.03249423664336437
10 0.24692959209458593 0.9009143132263882 0.27075885075081685 0.022077111139713335
5 0.7601497373538755 0.9886818571233165 0.1879280181198103 0.012478367165924875
2 0.5126401073226597 0.6354467300660139 0.2806731657394943 0.042613407939090076
2 0.5715535062785687 0.5611712429455376 0.16069586680604298 0.03249423664336448
10 0.24791053599667873 0.6351565891518665 0.2707588507508162 0.022077111139713335
2 0.5114903624627369 0.3683459477439284 0.2806731657394942 0.04261340793909019
2 0.5704037614186437 0.2940704606234519 0.1606958668060431 0.03249423664336448
10 0.24676079113675609 0.3680558068297809 0.27075885075081696 0.022077111139713335
2 0.5119131306044442 0.09910192517978705 0.28067316573949486 0.042613407939089964
2 0.5708265295603522 0.024826438059310174 0.16069586680604298 0.03249423664336426
10 0.24718355927846286 0.09881178426563908 0.2707588507508162 0.022077111139713335
