2 0.8533632916710563 0.5349130739805277 0.0420800385380079 0.24576016219628882
2 0.7800174713854207 0.4833279270898665 0.032087523536497464 0.14070686873992555
10 0.8530767822966772 0.7667128693610821 0.021800783661680145 0.23707909126717874
5 0.9396404686523928 0.09039146249246084 0.012322182069645082 0.16455160610978484
5 0.9397457864478598 0.3173323031462406 0.012322182069645193 0.1645516061097851
2 0.5909319159215777 0.5340541499296712 0.04208003853800801 0.245760162196289
2 0.5175860956359426 0.48246900303900936 0.032087523536497575 0.14070686873992544
10 0.5906454065471988 0.7658539453102252 0.021800783661680034 0.23707909126717808
2 0.3271742922715076 0.5350608777460427 0.04208003853800801 0.24576016219628882
2 0.2538284719858725 0.4834757308553826 0.032087523536497575 0.14070686873992544
10 0.32688778289712883 0.7668606731265966 0.021800783661680034 0.23707909126717863
2 0.06130025417951307 0.5346906978365964 0.0420800385380079 0.2457601621962895
10 0.06101374480513366 0.7664904932171508 0.021800783661680034 0.2370790912671782
