2 0.6209673393592154 0.08980780312917674 0.2603660633087297 0.036058424217158325
2 0.5663164085448198 0.15265790484726582 0.14906929246348688 0.027495828805195188
10 0.8665433499691051 0.09005331327894112 0.25116906309959497 0.018681111825250007
5 0.15002713080596625 0.01587680981409406 0.17433115892767892 0.010558889292532458
5 0.3904554116019604 0.015786562897063927 0.17433115892767925 0.01055888929253257
2 0.6200573681425456 0.31468549344117697 0.2603660633087297 0.036058424217158325
2 0.5654064373281494 0.37753559515926577 0.14906929246348688 0.0274958288051953
10 0.865633378752435 0.3149310035909411 0.2511690630995944 0.018681111825250007
2 0.6211239273278488 0.54069964681448 0.2603660633087298 0.03605842421715855
2 0.5664729965134544 0.6035497485325688 0.14906929246348688 0.027495828805195188
10 0.8666999379377378 0.5409451569642441 0.25116906309959497 0.018681111825250007
2 0.6207317470620273 0.7685273576943263 0.26036606330873047 0.036058424217158325
2 0.566080816247632 0.8313774594124155 0.14906929246348688 0.027495828805195077
10 0.8663077576719169 0.7687728678440909 0.2511690630995944 0.018681111825249896
