13 0.17785966665552305 0.5021105183531738 0.06761512287018634 0.4513323065476196
13 0.48880075641809345 0.5010724466765858 0.06747215006112495 0.4507152504960319
13 0.8001330634455224 0.5024409923735083 0.06761100101237771 0.4495326829117072
3 0.879761806005386 0.2854109702837857 0.038346253934664176 0.23695016601403052
10 0.6030562365095888 0.570533138950893 0.055778787104599714 0.12334631882440517
10 0.29200398695369684 0.5692783937872015 0.056107029339853454 0.12714992373511858
10 0.9140551459882247 0.5697401365312259 0.05615576811195122 0.12402717164982424
31 0.8565522072545252 0.8127155647039419 0.029939894227387187 0.1066479522811914
31 0.5452609953495366 0.8245963628147308 0.029939894227387187 0.10664795228119128
3 0.5684568818497411 0.2857563710259726 0.038346253934664176 0.23695016601403052
3 0.25726426805671493 0.2854800504322269 0.03834625393466429 0.23695016601403052
31 0.23423569855746385 0.8243886605205983 0.029939894227387187 0.1066479522811914
