13 0.5863895636912584 0.2983458602090757 0.04006459290678199 0.5059419094750897
13 0.4021448614632376 0.2995095348643255 0.039979875950742594 0.5052501918371886
13 0.21766834777367822 0.29797540000834477 0.0400621505455451 0.5039245377835861
13 0.03329846590201683 0.299751809247109 0.03991605007526708 0.5052404957184171
13 0.7772358771213894 0.30002525380098577 0.040000757981057844 0.5083757494836136
3 0.7301453886038551 0.5412647872318277 0.022609093031284 0.2683381642643464
3 0.17048521744845652 0.5412652824220907 0.022721648474143652 0.2656202928627033
10 0.33444404095266667 0.22164434601590283 0.033051103115945335 0.1382707844472869
10 0.5187546096862558 0.22305091087911577 0.03324559942049987 0.14253461201623607
10 0.15016507829165682 0.22253329890627704 0.033274479040620114 0.13903401804161786
3 0.3549455057203273 0.5408780894192833 0.022721648474143707 0.2656202928627033
3 0.5393392457295235 0.541187843821525 0.022721648474143707 0.2656202928627033
10 0.7096895292240695 0.223050910879115 0.033245599420500205 0.14253461201623607
