13 0.6825314505631859 0.4823693640657116 0.22044329897345494 0.0642616219545189
23 0.7120112213073917 0.5889799176489404 0.1082724940743518 0.01689539886625613
4 0.45410770412300344 0.7175204087944219 0.0635713354540921 0.02115010068741552
2 0.5831518576129 0.8216444658383236 0.08967642761352279 0.03020772279506878
3 0.42301680226595584 0.5128634301449139 0.12459821528817339 0.03391948905005915
29 0.7074647910153068 0.745773680432552 0.14054449793446588 0.028831908597615863
2 0.28801632147586276 0.8216827063973071 0.08993678385416581 0.02999736877249226
24 0.8327381968118011 0.7658443189799944 0.09068845187009322 0.014047347666224952
10 0.310285010354602 0.472639363903298 0.18321576846307547 0.018017195670968156
31 0.4961882913558442 0.43644119124554953 0.09776779831538018 0.015112058015553376
