13 0.22195451117621479 0.3689018685310518 0.028988034857344136 0.45276967058121076
13 0.7555497345418555 0.36636923983628855 0.028802909675134325 0.45193389169486453
13 0.3552615402253671 0.36994324616839325 0.028926739386792577 0.4521506493829619
13 0.4887362923996003 0.3685703420456844 0.028986267729625204 0.4509643156598335
13 0.6221338929886089 0.37016005859375034 0.028880559291879493 0.4521419722830422
13 0.08387100190457114 0.3704047653441943 0.02894184821428214 0.45494772485635493
3 0.11794250054107852 0.586291099401731 0.016358413485161205 0.240137019612361
3 0.7895572877000208 0.5858858289584942 0.01661127945042251 0.2398083555185122
3 0.5228748203943426 0.5862915425497053 0.016439851005532136 0.2377047843771326
10 0.40424528378660574 0.3002613414983079 0.023913547092013987 0.12373914149582055
10 0.27089059818035843 0.3015200826657055 0.024054271488469725 0.1275548597979692
10 0.8043716910712423 0.29983148188961994 0.0240751668320629 0.12442216264233963
31 0.7797441296663876 0.055377781735772846 0.012835866602726842 0.10698759544132252
3 0.6561466942039964 0.5860980780121396 0.016481221798431034 0.23645580774781028
10 0.6709816421510629 0.3005244997058867 0.0240751668320629 0.12442216264233963
31 0.6463144228898867 0.05734662873415741 0.012835866602726842 0.10698759544132108
10 0.5375771013723102 0.30105686940338805 0.0240751668320629 0.12442216264233963
31 0.5129243739697074 0.057307634134580676 0.012835866602726842 0.10698759544132252
3 0.3894118078370483 0.5859450418051548 0.016439851005532136 0.2377047843771325
3 0.2559969451102687 0.5862222424007916 0.016439851005532136 0.2377047843771325
10 0.1327429795105724 0.3015200826657047 0.024054271488469836 0.12755485979796932
