29 0.2937802171377957 0.877843012551703 0.022913908480322154 0.23152455623851154
29 0.7920188840742244 0.8783336314481882 0.02284987051386622 0.23090760354434747
2 0.27323172357994685 0.247850880861109 0.01486284786653752 0.2683836425781261
29 0.4598737262629996 0.8785403287999772 0.022833023615925707 0.22927375847311615
29 0.6260195001293543 0.8785570185996163 0.023198279546473244 0.23590701312983742
29 0.9580128156224509 0.8781219647575824 0.02300331502345032 0.23381889504825315
2 0.6054192509940863 0.25716617144416093 0.0149353594004894 0.25085437873391503
2 0.9375345963758914 0.2588119636086867 0.014872762794707728 0.24776527171415308
10 0.012840339084462336 0.24868346890684567 0.012831228225505052 0.2944320872494305
3 0.10290000682483172 0.35199994362791603 0.014692296487913176 0.2483376217028751
3 0.16691612876536166 0.350823297070468 0.014692296487913176 0.2483376217028751
2 0.2252475090584527 0.2613019979515627 0.014700922907320474 0.24516231904871355
24 0.31423755201923564 0.7178741667395414 0.014823789359516226 0.11480608037506612
2 0.3913276581737529 0.2585311485180413 0.014700922907320502 0.24516231904871355
2 0.43939756605519925 0.24496344688130733 0.014862847866537465 0.2683836425781252
24 0.4803156539360835 0.716094047600974 0.014823789359516115 0.11480608037506679
24 0.6463632409076819 0.7164340750169023 0.014823789359516004 0.11480608037506601
2 0.5574111306375806 0.2580410840606078 0.014700922907320613 0.24516231904871355
24 0.8124379789400079 0.7161718226272418 0.014823789359516226 0.11480608037506601
2 0.7234094180263542 0.25828744513610336 0.014700922907320502 0.24516231904871355
2 0.7714999083942828 0.25707478267593714 0.0149353594004894 0.2495643052045028
2 0.88946169501892 0.2577774040122106 0.01470092290732039 0.24516231904871355
24 0.9784137668582602 0.7161268068027189 0.014823789359516115 0.1148060803750669
