29 0.4535337011159344 0.19958933788136662 0.028736141363415513 0.1492290978598937
2 0.42776400686274035 0.6056506170753041 0.018639373449647167 0.17298661322571163
29 0.6618301845319532 0.19913988285878248 0.02863470433011972 0.14777834669357248
29 0.8701922127235968 0.19912912545238004 0.02909276874383815 0.1520538094107009
2 0.8443576122327636 0.5996464487374128 0.01873030955912436 0.16168813036877938
10 0.10120934504659457 0.6051139726477204 0.01609153621570092 0.18977613206598365
3 0.21415242263425088 0.5385213633488314 0.01842548638930197 0.16006595522081057
3 0.2944345068190808 0.5392797706086083 0.01842548638930186 0.16006595522081046
2 0.367587403954238 0.5969807027421206 0.018436304709876228 0.15801931464751207
24 0.4791890740339432 0.3026972195422862 0.018590390502011944 0.07399823190051646
2 0.5758671326933522 0.5987666530878976 0.018436304709876117 0.15801931464751218
2 0.6361512029292904 0.6075117119627591 0.018639373449647056 0.17298661322571107
24 0.6874662353985663 0.3038445949112206 0.018590390502011833 0.07399823190051702
24 0.8957051282250594 0.3036254303208592 0.018590390502011833 0.07399823190051658
2 0.7841510292161147 0.5990825240178073 0.018436304709876228 0.15801931464751207
