10 0.2691895137283965 0.5833282987225348 0.12493276665494402 0.02756088665150258
10 0.26791863036324265 0.7370224939123383 0.1287852925291394 0.02772307459981893
10 0.2696235198927953 0.12217385287591039 0.12562237642988627 0.02774715694084931
31 0.516435294324654 0.15055765665752485 0.10801963012403626 0.014793617322864772
10 0.26892381701720763 0.27590880505936094 0.12562237642988616 0.027747156940849282
31 0.5144474552330371 0.30433831538876244 0.10801963012403482 0.014793617322864772
10 0.268386311920695 0.4296604594271412 0.12562237642988616 0.027747156940849282
31 0.5144868259863078 0.4580732675722129 0.10801963012403615 0.014793617322864827
31 0.5265204317898398 0.6118855365775168 0.10801963012403615 0.014793617322864883
31 0.5263100580835642 0.7655664141226183 0.10801963012403615 0.014793617322864883
10 0.2679186303632433 0.8962406494073258 0.1287852925291394 0.027723074599819042
31 0.5266599095213613 0.9243703817484983 0.10801963012403615 0.014793617322864772
