13 0.652262337874305 0.7165587651515146 0.39547438413997216 0.06689965909090934
13 0.6510615247976181 0.4078680655776518 0.39443675520108 0.06703733191287886
13 0.652451973254701 0.0993557965790718 0.39546679469881674 0.06679285712594693
3 0.8414917670211908 0.3289149608334475 0.20790892004016603 0.03802089178006707
10 0.5913149337896064 0.603272725497159 0.10822866414954768 0.05530551254734861
10 0.5924158940307285 0.9116857438446982 0.11156608907120436 0.0556309696969699
3 0.841322552913125 0.020693463586393467 0.20681650036995114 0.03811657114109852
31 0.3788491404527171 0.0434328256073893 0.0935768940628825 0.02968585876121531
10 0.5920107437121556 0.2949125946444027 0.10882606983201848 0.05567929492797097
31 0.3788150337555943 0.35192762965551316 0.09357689406288372 0.029685858761215433
31 0.36839037803164293 0.6605775827928231 0.09357689406288372 0.029685858761215433
3 0.8411886995176006 0.6375785098750446 0.20790892004016615 0.03802089178006707
3 0.8414311535204695 0.946130701490433 0.20790892004016603 0.03802089178006707
31 0.36857262377719097 0.9689638770666601 0.09357689406288372 0.029685858761215433
