13 0.2734907781525325 0.21588893862289638 0.3131490673182823 0.06765647768539762
13 0.27277053018309366 0.527020206422019 0.31272093371420706 0.06751341743119288
13 0.27372007180100244 0.8385429307626144 0.31190042977354127 0.06765235330657504
3 0.12313756748764867 0.918220375917316 0.1644037495471798 0.0383697073009851
10 0.32096462284037736 0.6413455675410933 0.08558169698169082 0.05581290257071869
10 0.3200940397422213 0.33010307196100785 0.08822076206291263 0.05614134556574957
10 0.3204144119104321 0.9525346904200217 0.0860540948671688 0.05619011414749364
31 0.4889986847615456 0.8949965816932131 0.07399582592197196 0.0299582060893
31 0.49724196979436164 0.5835149776096893 0.07399582592197196 0.0299582060893
3 0.12337721778233783 0.6067250511964382 0.16440374954717976 0.03836970730098521
3 0.12318549754658911 0.2953421055295325 0.1644037495471798 0.0383697073009851
31 0.49709785917178084 0.272299451278294 0.07399582592197196 0.0299582060893
