15 0.8584474310862442 0.35830875318877553 0.2310450777838431 0.5895476494169096
17 0.5352976004707977 0.3544354421009509 0.05607594739355937 0.362723207452625
17 0.6855958685862455 0.35327117517765794 0.055686634825328096 0.36182473692602035
32 0.5455317322527853 0.605033610486545 0.01976635439410468 0.055681345663265436
32 0.695891959948144 0.6037491321975232 0.019791448553493796 0.05772751002186505
32 0.011409436578874967 0.604127194560858 0.02040269343613537 0.05507826393950488
18 0.13070282682860418 0.4585128257106414 0.02755856509279453 0.12587619123542282
32 0.8652069684770751 0.6867428178525837 0.018906476528384064 0.055471570927478675
19 0.18432452493859322 0.5379065637527367 0.02558389362718383 0.04835813934948974
31 0.17497992983544264 0.2987958451585794 0.0457861904543084 0.07734562489618102
