15 0.5045077543904938 0.12199726626905177 0.8357984213584702 0.16212276555909694
17 0.41217228580191945 0.3215112229797732 0.515235164320766 0.03910334080233907
17 0.411074017787967 0.5151077215838287 0.5130622530346064 0.038546404991852024
17 0.4111269773372972 0.9054806097224901 0.5144782412190083 0.03955583505080529
32 0.05679173876549702 0.3284703283167178 0.08427506456611494 0.014003135664302113
32 0.057197297100987844 0.5219566672857542 0.08095682948088843 0.013729090778374253
32 0.05621972817665803 0.9124170169909888 0.08280878099173591 0.013737075584739245
18 0.2635314275568238 0.5958581726298899 0.1761800135588849 0.019813279692293073
19 0.15105423473011725 0.6330821044622321 0.06885067310175574 0.018591721865414135
31 0.48951520627682676 0.6267855001825611 0.11185718872181782 0.03213629321923783
