15 0.7671539773924952 0.1392418086329431 0.4461157066821253 0.2254346084169454
17 0.14319688455154014 0.13776070974428783 0.108274805675591 0.13870017854654437
17 0.43340180359401526 0.1373155106866631 0.10752309759696571 0.13835661623815498
14 0.4454228367411467 0.7644928216668407 0.051467972702360865 0.1304703013952757
32 0.16295756058927346 0.23358587335215708 0.03816606371205722 0.021291752020624388
14 0.15691675504584854 0.7684166269291737 0.048532933047005955 0.14007180510556017
32 0.45328211490830506 0.23309470718366831 0.038214517021501526 0.022074176073020757
14 0.7768567038627741 0.7652585849315425 0.0560831774346543 0.12159550389318563
18 0.3888731344856673 0.41862641900954733 0.060125289839797647 0.05206120531981617
18 0.7157082650453186 0.41788466524700507 0.06103844988406404 0.052983723958333284
32 0.7802056979869327 0.26483030827584864 0.0365057599072508 0.02121153715510049
18 0.0980605294187409 0.4182278384545708 0.058552551248945844 0.052892972233834934
19 0.8310128036730633 0.45239788291701394 0.05512394208473792 0.019783164802815167
19 0.21371740883220913 0.45272153815670185 0.054021525874789283 0.019549250539994456
34 0.18923087203989883 0.40177962640547277 0.08989590335070902 0.029395361951706334
34 0.4792700032296606 0.40100165644601576 0.0898959033507083 0.029395361951706334
34 0.8063672319768016 0.4011426526314226 0.08989590335070818 0.029395361951706778
19 0.5026069946849399 0.45240538751294995 0.054021525874789256 0.019549250539994456
