15 0.5138589610224185 0.8834951287126276 0.5494968580163044 0.20814053034028346
17 0.5174691395635158 0.5923806078198768 0.338081685207202 0.05051688415863531
17 0.5185543122664764 0.7277791263031086 0.33724425208050274 0.05016616591266776
17 0.5185774870499343 0.11127405954956733 0.33907274966032497 0.05064008039929199
32 0.28389530326933443 0.6016001836580953 0.05189864555027196 0.017806825949055805
32 0.2850925208050259 0.7370545193868017 0.05380580417798836 0.017829432410503943
32 0.2847401420261569 0.12042785592668123 0.0513365340523102 0.018380081813040905
18 0.42046223038383157 0.22789515084087475 0.11732481954823387 0.02482655942663234
32 0.20773699314283633 0.889584562475414 0.0517031218155575 0.01703219167977954
19 0.3464620886761178 0.2762010865890553 0.04507293966542114 0.023047646107887843
31 0.5693288725831719 0.267782863620442 0.07209116668312521 0.041247197537516184
