15 0.33266724330357006 0.08828815121694698 0.5556681812328291 0.1161582891698145
17 0.27127937682435305 0.23123661250858477 0.3425464554000698 0.028016899124313266
17 0.2706311786358223 0.8194795438272677 0.3390865116328984 0.028423084735576976
17 0.27115462203811513 0.7346030785971835 0.342461173592033 0.02814463487293961
17 0.2705492096282638 0.3699453126073146 0.3411018275669636 0.027617863796359887
17 0.2705844189989723 0.6496410522407291 0.3420432263049451 0.02834110379464283
32 0.03701720681661944 0.8247591491243121 0.05783986521291208 0.010116543612637363
32 0.035479105318511374 0.7395471233258929 0.054072069239354884 0.009855047647664872
32 0.03500989225618208 0.23622269677197802 0.05602902644230719 0.010033015882554952
32 0.0352795216990084 0.37485246930803484 0.053822947072458785 0.009836667239010943
32 0.03462959950206386 0.6546108737122249 0.05505418956043981 0.009842388221153797
18 0.17245770733173454 0.4278016797304267 0.11713066835508282 0.014195888307005522
19 0.09767891429859443 0.4544720133070058 0.045774348600617826 0.013320662259615423
32 0.41487799622253235 0.9142119392170338 0.056053846153846454 0.010117749999999925
31 0.3226996701071211 0.4499606001308021 0.07436659250186789 0.0230251243724649
