15 0.14327143322933744 0.30308033730746436 0.2164865908858431 0.4791820941943129
17 0.44605912230845896 0.2999321247408203 0.05254252026646922 0.29482004776362647
17 0.305231366995703 0.29898581299984994 0.052177738850246125 0.2940897743261255
17 0.9464571770151391 0.2989656037100099 0.05267065645458269 0.29568429354265313
32 0.43646985807738203 0.5036173658693955 0.018520847611497526 0.04525758664099544
32 0.29558404734809746 0.5025733467861386 0.01854436055135056 0.046920701273695964
18 0.3268397964402613 0.8969381465676871 0.029177002352700487 0.11066090325088895
32 0.9369363298831327 0.5028806344416452 0.019117090003580195 0.044767404102488584
18 0.16823649658602785 0.8953614803947003 0.029620131572217656 0.11262180187351889
18 0.8251597899191884 0.38452582753258296 0.025822059763706884 0.10231169098045034
32 0.13693782413563732 0.5700302998185692 0.01771515190261852 0.045087082531102274
18 0.968075452675885 0.896993539185684 0.028101472921545745 0.11050186934784145
18 0.46796244357994 0.8960909267624407 0.02841379941949662 0.1124289006960899
19 0.11228265746470822 0.968722514162468 0.026749998082037374 0.042050945090344016
19 0.9128130411208121 0.969603373192516 0.026867838317774506 0.04115275176078692
19 0.4118376240282324 0.969410473285691 0.02621502851370716 0.0415537387070497
19 0.7749168731140024 0.4490567567942859 0.023971815223506998 0.03930531231486967
34 0.9243266014237405 0.8595119583512769 0.04362378943287237 0.06248255846132844
31 0.7836726516681 0.2547084713018786 0.042901135900313525 0.06286623066206187
34 0.4237202069397216 0.8611287319566563 0.043623789432872706 0.06248255846132833
34 0.28297290350639215 0.859475084910133 0.04362378943287237 0.06248255846132822
34 0.1242424152518466 0.8597747853326685 0.04362378943287226 0.06248255846132933
19 0.2716481605170463 0.9687384658746825 0.02621502851370705 0.0415537387070497
