15 0.2584083861362054 0.7943367514799626 0.510154648380942 0.3684211620560105
17 0.8862225742413713 0.7536351423753451 0.12304719210002446 0.2271164112306473
32 0.908120917290058 0.5969828793829695 0.044063921105815695 0.037148571265937735
18 0.8335413865490799 0.2941022971453764 0.06782007401514234 0.08600026112818787
18 0.20077801805886514 0.2947906602202853 0.0675659199482686 0.08575447333219438
19 0.9659291332347983 0.2385593486737247 0.06365231396295867 0.0319676798724956
32 0.2742024192073629 0.587826620488954 0.043086560294250675 0.035066480959698554
19 0.3315090382933157 0.23875146253130577 0.06349836906521483 0.03113265952299632
34 0.30429289091017975 0.3224900844082157 0.10291171947291583 0.04802848756043815
27 0.5877822894354507 0.4837735280078676 0.0950394908551837 0.061362458857293745
34 0.9383418712250648 0.3221001872316248 0.10291171947291566 0.04802848756043815
