15 0.34966922064521583 0.3450639280909252 0.13629596898163732 0.4752879637793669
14 0.7449963742155912 0.9428239054069245 0.07941158108364232 0.04860266903664556
17 0.36472662185709936 0.9299699522608459 0.08402082868303595 0.11463749192052641
14 0.7450556919091882 0.35200644338045173 0.07921930503005248 0.04859849756913204
32 0.4226795142983489 0.9503716459644784 0.013742968749999807 0.04105235815254038
18 0.5347290019320676 0.880889277396445 0.031815460484754254 0.0631848891004384
18 0.5344743447028728 0.29137232617714415 0.03172453225025251 0.06294810527554523
32 0.42606683649027244 0.3597785128586582 0.01297270757875646 0.04014179538205365
19 0.5552058268667879 0.413168492510679 0.011517405713022177 0.05915855247442675
34 0.5242270509837531 0.38781244153142647 0.017767951260566406 0.09587818468879561
27 0.4645608713771433 0.6519266653373443 0.022700801827934214 0.08854398608450575
