15 0.11940496219758073 0.43270713404605265 0.17067523487903247 0.7602061795112782
17 0.3581188693296367 0.4377016667645633 0.041423845010080895 0.4677220306625952
17 0.2470920841733864 0.43920295832354633 0.041136256048387554 0.46656347656249986
17 0.8645505137348777 0.4399166228559658 0.04074519380040331 0.4633047007166351
17 0.7526262389112903 0.43923501967810463 0.04152486592741944 0.4690931273496226
32 0.3505588171422973 0.1145619233199814 0.014601597278225853 0.07179962993421082
32 0.23948626184475824 0.11621822427161474 0.014620134576613153 0.07443810502819442
32 0.8569291888860872 0.11702754273378523 0.014013199344758087 0.07291229293937965
32 0.7451201258820569 0.11573072280310427 0.015071667086693497 0.07102197192199314
18 0.6569969440524182 0.3034966194783836 0.02035777872983857 0.16231403606672956
19 0.6173860767389103 0.2011204835819975 0.018899069808468005 0.06235654810855257
31 0.6242890195731731 0.5094474628218317 0.033822701980763314 0.09973514789244392
