15 0.5785524891282359 0.7490433743782711 0.16364338023361646 0.4174725242675008
14 0.10390402966348106 0.2239966960406793 0.0953452963819782 0.04269049602586872
17 0.5604738617832237 0.23528705615003104 0.10087937683303028 0.1006926469317736
14 0.10383281003783557 0.7429453672677233 0.09511444066715047 0.0426868319880529
32 0.49089288089097916 0.21736708506121633 0.016500457625404363 0.036058627382010155
18 0.3563609717903007 0.27839741195509726 0.03819914511276307 0.055498891532138606
18 0.3566667252920199 0.7962037703720504 0.038089972378134884 0.05529091079494963
19 0.331690196134203 0.17006115163408292 0.014199236448220076 0.05208830747679716
32 0.4868259018191228 0.7361187154037694 0.015575645668992333 0.035258828171282564
19 0.33177552826026446 0.6892232514440164 0.01382834148715617 0.05196233045147125
34 0.3689701103075327 0.711494917075082 0.021333041804757757 0.08421527754655678
27 0.4406081447219412 0.4795083318679883 0.027255655269137757 0.07777323264294644
34 0.36879692782375567 0.19263650980318547 0.021333041804757702 0.08421527754655656
