15 0.3198595849153038 0.25304108387063284 0.4724645882009345 0.44017739444675597
17 0.31675550616968745 0.8686925914491459 0.2906870564398373 0.10683354370320375
17 0.3158224604811604 0.5823506330594823 0.2899670204804322 0.10609184172213093
32 0.5175853467216938 0.8491949526964406 0.04462313449182265 0.03765802958610642
32 0.5165559634199777 0.5627349515131033 0.04626293443341056 0.0377058379263735
18 0.9053922846999158 0.6262865744592334 0.1091095821772784 0.05932495320299491
18 0.9038377213237467 0.30380199472233965 0.1110429915668808 0.06022595803868558
32 0.5830672582323276 0.24016309666181174 0.04445502062646067 0.036019826331114335
18 0.9045569418078271 0.9132281298746866 0.11085279461156539 0.057773149568427495
19 0.9761703293844894 0.1900322918833171 0.04146144586010547 0.054390179128535165
19 0.9768486442209383 0.7991107763103161 0.04097120965975465 0.05330243734401008
34 0.870084871228292 0.8232713691852579 0.061606634744580724 0.088699285668836
34 0.8684544061497106 0.5370929918216494 0.061606634744580724 0.08869928566883523
34 0.8687499051644535 0.21434980272505283 0.061606634744581834 0.08869928566883523
19 0.9761860574745701 0.5140666425155251 0.04097120965975454 0.05330243734401019
