15 0.7198902172046703 0.7200043070778912 0.222214114010989 0.4935571157882469
17 0.7217889966088608 0.3507598312150207 0.13638009314903843 0.11895745685634462
14 0.10357136149982843 0.36405922049906714 0.1286064399467718 0.0569412459188432
32 0.626893924838588 0.05155565938328205 0.020987584134615433 0.042224768248600664
14 0.099703610598386 0.04487245474288837 0.1380707793183379 0.0536940845090943
32 0.627378074347527 0.37275428011310624 0.02175883070054907 0.042278374242071703
14 0.10281653771033683 0.7307388533407182 0.1198584252661401 0.062047246676772416
18 0.4444968155477319 0.30149583722015055 0.051317473815247316 0.0665192105876865
18 0.4452279728279521 0.663087688753496 0.05222681361607129 0.06752947906949636
32 0.5960958389852349 0.734443990496737 0.020908515195741884 0.04038790228544731
19 0.4112078011246577 0.790654090630833 0.0195005481627748 0.060986003090018004
19 0.4108887695312509 0.10771347656250002 0.01926997553228016 0.05976635232042915
34 0.4611029396860341 0.0806229610441418 0.028975428209539134 0.09945572889360155
34 0.46186979578892723 0.4015058058119193 0.028975428209539023 0.09945572889360066
34 0.46173081383474057 0.763387627914633 0.028975428209539578 0.09945572889360077
19 0.4112004037372352 0.42732452956748007 0.01926997553228027 0.05976635232042915
