15 0.41509848860981374 0.700818062478698 0.49447965245327163 0.13784242927743695
17 0.7850331410630822 0.7019959011002477 0.11917980724299193 0.08459842178979216
14 0.7717088931074767 0.31850711585878927 0.05704767815420564 0.07977631925805195
32 0.7629975810455608 0.64343152532805 0.04235739924065496 0.013497297844239697
14 0.4043438777745328 0.3180388884229083 0.06216322283878506 0.07434980708397237
18 0.8343892172897183 0.5299877996921853 0.06664354556074759 0.03183292513420255
18 0.4721214931366844 0.5304413464713268 0.06765570239485985 0.03239700094793796
32 0.40063181512850266 0.6240267303862057 0.040463393691588356 0.01296983560199405
19 0.34431664938667944 0.5093381724767816 0.06109999561915813 0.012096454552232516
34 0.7341923141772173 0.5407644950019932 0.09964162745228033 0.017973851172924715
34 0.3716340774537508 0.5406782826105071 0.09964162745228033 0.01797385117292505
27 0.09659424990252169 0.6012094188428757 0.09048675444473442 0.022873680143034925
19 0.7083253311249171 0.509333583777017 0.0598780651285048 0.011953427221796153
