15 0.9073804888602661 0.6334204192895665 0.12006365645675965 0.7275655322616901
17 0.7596259457260198 0.5530420617412393 0.02895885756829286 0.44851406390512727
17 0.15160565097363288 0.5521933418109328 0.029378699579026613 0.4439837778214928
17 0.23933575474393798 0.552878713747748 0.02909088793091219 0.44840239995503606
17 0.616253709140554 0.5520860154844893 0.028546406241126143 0.44662253681429753
17 0.32715429629820136 0.5521321169626832 0.0292939623502102 0.44785515962230216
32 0.14614853963752367 0.24631029957283984 0.010456672748182627 0.07573277315647486
32 0.23422548588532194 0.2442963825033746 0.010186385006105136 0.07079940001124152
32 0.7544722239181054 0.243682017198742 0.010370336725494145 0.07336174685251728
32 0.6111815685253161 0.24403505718862972 0.01016738662823713 0.07047321127473016
32 0.3220173840548334 0.2431840799235656 0.010173299955985815 0.07208534172661896
18 0.5564521483931301 0.4236496599595373 0.014673169422279697 0.15336533554406517
19 0.5288851293623633 0.32573785900967045 0.013768517328771046 0.05993475859937014
32 0.9036634015677356 0.22560005269221484 0.010140317234176188 0.06924999297436885
32 0.053688250014197025 0.7410632756295028 0.010457919695592843 0.07339424460431698
31 0.5335482211278625 0.6203693522265903 0.02379925395154836 0.09737208514633056
