15 0.8506583122718113 0.7295510690789461 0.2926468525596102 0.5069253583176687
17 0.49051684002543705 0.6735481031680814 0.07058521097210702 0.31249852071585305
17 0.14105693667592373 0.6728819857260351 0.06957988940943383 0.311180614622493
32 0.4779549998269657 0.4580040119830834 0.02527697799868489 0.051114199561403006
32 0.12869394498806275 0.45824998972039865 0.024782301183554845 0.049101635925751896
32 0.8415981692697521 0.44540555049733266 0.024716321409104958 0.04824936853853268
34 0.8243369684479811 0.08031843694263266 0.05903462977516105 0.06608430995158032
27 0.6617151429373604 0.3022347540759883 0.05451877769987279 0.0844310524126674
34 0.46061894873246556 0.07978196188010533 0.05903462977516094 0.06608430995158032
34 0.11187594483764823 0.08063591903535046 0.05903462977516105 0.06608430995158032
