15 0.40592728001513706 0.6072472894130605 0.1288813535691523 0.42395290715144285
17 0.40482601216439557 0.2900757524539279 0.07909871559313253 0.1021814052483985
14 0.7633843601243825 0.3014995868389423 0.07459009582636233 0.04891107021233976
32 0.45986394416627463 0.033067040752306355 0.012172531269917242 0.03626999323918258
14 0.7656276063451044 0.02732633933042978 0.08007929202019604 0.04612184182191434
32 0.45958314362253055 0.3089684200971553 0.012619844447099848 0.03631603941306155
14 0.7638221483005695 0.6164679894080529 0.06951635882229934 0.053296993940304516
18 0.5656519425440178 0.24775924479166778 0.029763480670411124 0.057138296274038436
18 0.565227880641532 0.5583573736728749 0.03029088616355957 0.05800609099559295
32 0.47772644137886305 0.6196506072215562 0.012126672293260143 0.034692172475961125
19 0.5849591465752464 0.6679336419521258 0.011310069361456399 0.05238541291065646
19 0.5851441808327352 0.0813051657652244 0.011176340174872568 0.051337764172676374
34 0.5560206022216119 0.0580351075635577 0.01680537901254331 0.08542992097270904
34 0.5555758354570275 0.33366524345382814 0.01680537901254331 0.0854299209727083
34 0.5556564432188567 0.6445124496189797 0.016805379012543753 0.0854299209727083
27 0.499060409533143 0.880323840227806 0.021386672256107353 0.07758079107040528
19 0.5849634369656571 0.35584286514129704 0.011176340174872568 0.05133776417267638
