15 0.9357112601902173 0.48114780780396177 0.12780029664855086 0.5524995730874317
17 0.7569641316613833 0.4847777140966498 0.031017854959239366 0.3399291261099737
17 0.8401001302083337 0.4858688167050911 0.030802510567633168 0.3390871168459699
17 0.22863059131567037 0.4844333701545425 0.031036306801026675 0.34007504162397584
17 0.37775203077823166 0.4863874909281063 0.030509686179045925 0.3367187169142758
17 0.4615600626509662 0.48589211812670996 0.031093498641304396 0.3409256062158459
32 0.7626250403040769 0.24992751804129798 0.010933563179347794 0.05218224470628441
32 0.23406115545742753 0.25068987790300445 0.010669770908816434 0.053387414617485585
32 0.8457953111790459 0.25113127774931565 0.01094744376509682 0.0540998249658462
32 0.38345881991621494 0.25171947094859803 0.010492975354770562 0.05299090142588797
32 0.4671805820689912 0.250776973403349 0.011285547818538633 0.05161706156079282
18 0.5331665394776579 0.3872407125170766 0.015243747358091642 0.11796593878073791
32 0.939450231355677 0.17335304228569337 0.010457930253623071 0.05198565253586113
19 0.5628268507510577 0.3128361984503042 0.014151477392814305 0.04531923988217207
32 0.15025383020078392 0.6287683599086438 0.010574819217995107 0.054316234417690956
31 0.5576579805128414 0.5369208336355389 0.02532617781168267 0.0724851074846723
