15 0.2880259306936559 0.5687384950429035 0.5010352539062506 0.18758334299628943
17 0.662865019827176 0.5703413607737137 0.12075984256628902 0.11512605265827913
32 0.9666025882018198 0.4902351313572496 0.042864537464488484 0.01771679180194813
32 0.6405373217033619 0.49064382899466563 0.04291895566998194 0.018367844097866126
18 0.7128754379734835 0.33626354559224125 0.06752707741477271 0.04331994542845563
18 0.34580492202296614 0.3368807562833362 0.06855265299479163 0.044087569935644666
32 0.2733674641927063 0.4642367471953282 0.04099984019886316 0.01765004529510683
19 0.2163056958747604 0.30816242952081496 0.061910033439866674 0.016461501695848924
19 0.9095938950047349 0.3078931171367703 0.06067190311316295 0.016266862462314458
34 0.9370948728794318 0.35028170233236644 0.1009626338768379 0.02445977706000052
34 0.611350166827294 0.35092904839325034 0.10096263387683713 0.024459777060000465
34 0.24398528681393322 0.35081172596439136 0.10096263387683713 0.02445977706000091
19 0.585140250287558 0.30815618497299074 0.06067190311316306 0.016266862462314458
