15 0.910162065924798 0.583953297375443 0.1319980558747892 0.7197979287144121
17 0.7477206326388459 0.5044330717582368 0.03183738536853775 0.443725657528916
17 0.07926275614034267 0.5035934128948019 0.03229895992679188 0.4392437374888791
17 0.17571328481089282 0.5042714676935014 0.03198253962834052 0.44361518572064057
17 0.5900971097993802 0.503487232401025 0.03138393613222701 0.4418543246774902
17 0.2722610420341365 0.5035328416926189 0.03220579976663962 0.44307378781138795
32 0.0732632046664286 0.20097602591191985 0.011496072287087933 0.07492423821174377
32 0.17009505216463233 0.19898360973643464 0.011198917781437223 0.07004353453069459
32 0.7420546277940809 0.19837580349199388 0.011401154411994185 0.07257852535587123
32 0.5845207953667436 0.19872507437166925 0.011178030953421514 0.06972082823620995
32 0.2666135176347094 0.19788318227313612 0.011184532069492992 0.07131574733096116
18 0.5243512380685711 0.3764220835186881 0.016131691257960767 0.15172798320729586
19 0.49404404082245845 0.2795556042871472 0.015137116204108292 0.0592948857317612
32 0.9060754979273657 0.18048688486987802 0.011148270845365515 0.06851066920595919
31 0.49917064670450817 0.5710415655480146 0.026164914059619182 0.09633252551843385
