15 0.2467309984110168 0.17536177337763437 0.4896243190072639 0.2533971399066095
17 0.24351418072790837 0.5297741833917018 0.3012446977148918 0.061500919315733205
17 0.24254724718144471 0.36493556558309276 0.3004985103283897 0.061073943366858896
32 0.4516380832854357 0.5185499679794644 0.04624382944915284 0.02167861664870685
32 0.45057131318099386 0.3536433964170259 0.047943186289345574 0.021706138499760996
18 0.8535300190110506 0.3902281908524897 0.1130723999319011 0.03415162535919536
18 0.8519189944953114 0.20458333221084873 0.11507603000151334 0.0346703072617337
18 0.32995132982748177 0.9735107885835711 0.10454124356840211 0.03022467148587138
32 0.5194982724538407 0.16794829606680928 0.04606960975332974 0.020735551364942317
18 0.8526643367887409 0.5554119789795849 0.11487892516646481 0.03325829778795497
19 0.9268786948585024 0.13908947071060668 0.04296730951119887 0.031310821509817566
19 0.9275816458270256 0.4897179852131226 0.042459268121973315 0.030684640654933037
19 0.39588850209973053 0.9147015507138991 0.040161844544491454 0.02805896379609718
31 0.1973050239452609 0.9249501727379483 0.0642361969476758 0.050215697385232905
34 0.8169402539605544 0.5036265257474521 0.06384416385152669 0.051061561960699664
34 0.8152505710219761 0.3388820767095892 0.0638441638515268 0.05106156196069922
34 0.8155568024464555 0.1530883442890389 0.06384416385152791 0.05106156196069922
19 0.9268949941867216 0.32562648673546996 0.042459268121973315 0.030684640654932926
