15 0.5768858823753041 0.7926197630843492 0.4920069190997567 0.21507854801829296
17 0.5801183536724425 0.4918014248285068 0.3027106086526772 0.0522007802972565
17 0.5810899924916382 0.6317132272611796 0.30196079018400235 0.05183837144309
32 0.37098168273264004 0.5013283198613326 0.0464688602493919 0.01840038681402434
32 0.3720536439324806 0.6412978001143292 0.048176486465936086 0.018423746824187348
18 0.4932605858424575 0.11516645261687138 0.10504996008211698 0.02565411140752008
32 0.3027912736656053 0.7989121779725619 0.04629379276916096 0.017599931402438873
19 0.42700255141803245 0.16508258622332456 0.04035727931113131 0.02381590097815081
31 0.6265523725318911 0.15638375582242425 0.06454878184766444 0.0426221041221001
27 0.22134846093065377 0.9311561595952447 0.08164401160543105 0.0393580598601081
