15 0.9235410182925378 0.4181174589982287 0.14656689287927227 0.7172454537898931
17 0.7431706636400276 0.4973556979997713 0.03535132862330159 0.44215216228945176
17 0.10802994797083054 0.49751672900044724 0.03551250379142412 0.44204208222517727
17 0.5681499799325342 0.49829818331670916 0.03484783146795278 0.4402874653701232
17 0.21523383591366685 0.4982527357601918 0.035760405509047466 0.44150260416666676
32 0.1017916219820264 0.8017220059009286 0.012434960287541541 0.06979515320257157
32 0.7368792927585968 0.802327656804077 0.012659518099174871 0.07232115469858091
32 0.5619581987377819 0.8019796244736204 0.012411768146838531 0.06947359125664887
32 0.20896298519394813 0.80281853113918 0.012418986801511323 0.07106285460992945
18 0.4951476309557844 0.6249127465647114 0.01791217187933314 0.151189940713653
19 0.46149537977069427 0.721435727642949 0.016807823982598502 0.059084620179520875
32 0.919003409234934 0.8201531395445542 0.012378723367954425 0.06826772357047717
31 0.46718781736130094 0.43098340454258127 0.029052777563703613 0.09599092081801397
