15 0.5233585042816967 0.2705022728423825 0.5409951207822092 0.327738806726094
17 0.11862427307004303 0.2677018040290709 0.13039099565439816 0.20114405958772286
32 0.1427327078540387 0.40694643815842874 0.046341939864520176 0.032091630368719204
18 0.06462529396728156 0.6766740645892446 0.0729126725460123 0.07568703593496773
18 0.4609713725396194 0.6755956964774126 0.07402004249744376 0.07702820160555113
32 0.5391860509330288 0.4530839327770441 0.044269766104294006 0.030837518360008365
19 0.6007987578284796 0.7257713143866474 0.06684764346881322 0.028760938133103986
34 0.17424767262819785 0.6510510305220034 0.10901486848051123 0.04273523447436067
34 0.5709115921518269 0.6512560120103502 0.10901486848051123 0.04273523447436145
27 0.8718242869164641 0.50733514190843 0.09899880087511848 0.05438523301431475
19 0.20254795060975328 0.7257822246338995 0.06551076655163612 0.028420871530591585
