15 0.3963080294442215 0.5296804948941936 0.3245824137239166 0.5207610513041345
17 0.39353453143810074 0.9192770284817893 0.19920687763342693 0.125514167076773
32 0.5314381257524085 0.8960702871247541 0.03178256169743121 0.044608678334154384
18 0.7975000717922369 0.5897342496616657 0.07628635696729535 0.07125157634104329
32 0.5771312785287901 0.5144449234128916 0.03054052781400518 0.042614007135826304
19 0.8471924574262624 0.45513662878321554 0.028483946754615075 0.0643474363312001
34 0.7731917910627226 0.8657340316630142 0.04232365918247283 0.10493754072238193
34 0.7733947984115346 0.48390596739715885 0.042323659182473494 0.10493754072238204
27 0.6308600041051385 0.19424788129497855 0.05386145869957004 0.0952960898187657
19 0.8472032625989021 0.8384922286453359 0.02814715527186995 0.06306056071604349
