15 0.3817792348444218 0.12801214376449563 0.434041240276287 0.2064532092666625
17 0.42973027218011906 0.38208069801330496 0.2675684758918999 0.04979566055297868
17 0.4303006173719142 0.6286137392044069 0.2664400541510187 0.04908643760681153
32 0.6142841184951711 0.3909426837158203 0.04376516228540739 0.01783211807250973
32 0.6140735066557101 0.6373354434967027 0.04204195865745708 0.01748313903808596
18 0.5069214474919499 0.7314443917083755 0.09149262506706046 0.025230973358154496
19 0.5653323502045314 0.7788467424011236 0.03575507058074012 0.023675395812988387
32 0.6250712132007817 0.13440379152297965 0.04131222756840036 0.017436592369079573
34 0.9376672610727244 0.14658102929021338 0.056582917748241535 0.0416470864741956
27 0.7476573672181989 0.26130564525590894 0.0722918238468977 0.038461293955457165
34 0.9381266034545879 0.4031727260113934 0.056582917748241424 0.04164708647419557
34 0.9373954255469854 0.6492000170403154 0.056582917748241424 0.04164708647419568
31 0.38956506455151924 0.7708284103887302 0.05808892633193119 0.04092356089637317
