15 0.22006497000406727 0.4927094635803909 0.21932195634490237 0.4917223309711902
17 0.21819090356392273 0.8605812833991616 0.13460508109069946 0.11851523582713885
14 0.8283623221639438 0.8473313342239777 0.12693260341818036 0.05672956842472121
32 0.31137305026437145 0.8386685982516265 0.021475635507049562 0.04212120556459187
14 0.8291073217826394 0.48201482269400553 0.11829844576159165 0.061816587767193454
18 0.49187407576091535 0.9096621398698872 0.050649567431534814 0.06627192727695164
18 0.49115243462750935 0.5494144959630596 0.051547072007185335 0.06727844011384765
32 0.34224814156554906 0.4783234592820612 0.020636387015320112 0.040237761384757986
19 0.5247298275233856 0.42232231862801756 0.01924674493289069 0.06075928932388408
34 0.4747272080608201 0.8100239555479763 0.028598307668850853 0.09908600499436804
34 0.47486438113924745 0.4494874190292874 0.028598307668851408 0.09908600499436793
27 0.37855290949837456 0.17598127081384596 0.036394456366412364 0.08998218146455939
19 0.5247371286324468 0.7843012121781239 0.019019173247695198 0.059544172572026155
