15 0.21967578751001654 0.30084466984556496 0.42395290715144285 0.2135320419746568
17 0.8126350119566292 0.29944177047584614 0.10289576885516893 0.13137704345960965
17 0.536847324469149 0.2990200771762794 0.10218140524839858 0.1310516206606388
14 0.5254234900841346 0.8930834857815799 0.04891107021233976 0.12358168991717233
32 0.7938560361707706 0.3902075273462354 0.03626999323918256 0.0201675834873285
14 0.7995967375926472 0.8968001207555107 0.046121841821914256 0.13267625045373543
32 0.5179546568259215 0.389742293921595 0.03631603941306161 0.020908696871699828
14 0.21045508751502406 0.8938088180396975 0.053296993940304516 0.11517546672881462
18 0.5791638321314091 0.565478244827417 0.05713829627403855 0.04931246163872771
18 0.26856570325020207 0.56477565441031 0.05800609099559295 0.0501862728517688
32 0.2072724697015207 0.41980230889486403 0.034692172475961236 0.020091603831177585
18 0.8555290161132799 0.5651007086523231 0.055643690529847634 0.050100312664994595
19 0.15898943497095108 0.597466632499009 0.05238541291065646 0.018738647125792096
19 0.7456179111578525 0.5977731992888717 0.05133776417267644 0.018517083140839552
34 0.7688879693595192 0.5495209344094074 0.08542992097270907 0.02784333650547055
34 0.4932578334692488 0.548784039949394 0.0854299209727083 0.02784333650547044
34 0.18241062730409724 0.5489175917744309 0.0854299209727084 0.027843336505470995
19 0.4710802117817799 0.5974737408649589 0.051337764172676326 0.018517083140839552
