15 0.5956755075127891 0.9077889337668532 0.5172972326566492 0.17676261395406556
17 0.6528243141584028 0.6902586665839262 0.31889235234175284 0.042634411710911424
17 0.653504060601821 0.479180209911946 0.3175474814178382 0.042027184037938925
17 0.6534712825687317 0.053556258295880343 0.3184238730818414 0.04312776664402185
32 0.8727785146259583 0.6826711470526756 0.05216001438618878 0.015267632864757519
32 0.8725275040960638 0.47171279754128465 0.050106272977941124 0.014968841450668902
32 0.8731325467551119 0.04599348649143026 0.05125249360613837 0.014977547293060112
18 0.7448219808983342 0.3911379121159059 0.10904236133312062 0.02160243872805201
19 0.8144370209598764 0.35055262189067676 0.04261346007832445 0.02027057300376256
32 0.8856347451446656 0.9023164861876829 0.04923656789481978 0.014928988784228658
31 0.604954782815877 0.3574178158544651 0.06923130350557516 0.0350382327407075
