15 0.17543445786473394 0.5340621948242188 0.10918143378559642 0.63192138671875
17 0.3281404240449595 0.5299104895019567 0.02649895161602378 0.3887939379882823
17 0.2571162734084809 0.5286625408935521 0.026314980138258615 0.3878308898925781
17 0.7795025488966415 0.530304332885742 0.026514715261298116 0.38896082885742234
17 0.6521061891411721 0.5280693072509786 0.02606481650459147 0.38512203247070287
17 0.5805079118087082 0.5286358898925755 0.02656357498452344 0.38993366210937386
32 0.32330423713188644 0.7985204012402655 0.0093406833599875 0.05968344238281276
32 0.7748631482472658 0.7976484521484386 0.009115322237412293 0.06106185546874909
32 0.25225080720568516 0.7971436010742202 0.009352541722554841 0.061876674804686616
32 0.6472308059320822 0.796470855102541 0.008964283526361916 0.06060834350585931
32 0.5757062299286786 0.7975488366699196 0.009641388355086655 0.05903701416015683
18 0.5193335795630409 0.6414684350585936 0.013022929026516472 0.1349235424804689
32 0.17224020680716012 0.8861024578857382 0.008934344046636289 0.05945859008789112
19 0.49399439494234865 0.7265685980224645 0.01208978877553668 0.05183388061523431
32 0.8464608219085337 0.36522118835448864 0.009034203789207607 0.06212419311523398
31 0.49841022713100214 0.47027179652935236 0.0216364787743224 0.0829048416855942
