15 0.6247010639391464 0.9183347782041004 0.6653395327919401 0.08568745391093646
17 0.6982049566971562 0.8128847945988877 0.41015430843955714 0.02066745963288341
17 0.6989810887386865 0.3789507256138022 0.4060114810341283 0.02096709396025853
17 0.6983543341385727 0.4415622555743863 0.41005219469572374 0.02076168752786567
17 0.6990792358398421 0.7105623909916858 0.40842455669202227 0.02037309991462999
17 0.6996624556692022 0.07870774188604485 0.40943245142886564 0.020831762346992577
17 0.6990370772512305 0.5042369021246242 0.4095517578125001 0.020906618395853616
18 0.8165309030633179 0.6678830021443837 0.1402485634251649 0.010471999318559577
19 0.9060686684056303 0.6482088747492094 0.05480875950863451 0.009826364020955047
32 0.5262645045230205 0.3090686894556576 0.06711710526315817 0.007463645022697696
32 0.5258907245836723 0.13131471189506388 0.06539388748971997 0.007097884494568718
31 0.6366359213191051 0.6515368465312663 0.08904420944302605 0.016985135521192518
