15 0.1303931211739734 0.783089974230167 0.20896257034952637 0.42216042536534437
17 0.42265738346045556 0.7858635560738494 0.0507163979191354 0.25973707757046005
17 0.28672411569411455 0.7866972586932428 0.05036429453001634 0.25909370514744257
17 0.9056640365817534 0.7867150631197826 0.050840080716824665 0.26049847990605346
32 0.41340139539538767 0.606416433409426 0.01787715306575821 0.03987202831419634
32 0.27741208993631533 0.607336216401356 0.017899848810229435 0.04133723577766124
18 0.30758154127172127 0.25990000448525274 0.02816295171800942 0.09749248678888334
32 0.8964740877702908 0.6070654953353356 0.01845267297344 0.039440176474426214
18 0.15449052040136346 0.26128905067523256 0.028590679921998374 0.09922004256915445
18 0.7885823564622814 0.711336327309499 0.024924610609202036 0.09013681334812129
32 0.12427963751480958 0.5479064999510725 0.01709945941943103 0.039721813837422126
18 0.9265309661689822 0.25985120347315527 0.027124802456657826 0.09735237758828624
18 0.4437994518599421 0.2606464069024009 0.027426274005232898 0.09905009622912309
19 0.10048136447225403 0.19665782677127042 0.025820298306674316 0.037046970413622454
19 0.8731892071482088 0.19588178812684404 0.02593404298919466 0.03625566021514004
19 0.3896252579482622 0.1960517333474706 0.025303921677527708 0.036608930551931096
19 0.7400856389773387 0.6544844439098358 0.023138671566449887 0.03462806220641956
34 0.8843026121167543 0.2928725544379147 0.042107638773278055 0.05504726444818486
31 0.7485371092720523 0.8257056891661947 0.041410101161282076 0.05538528045801683
34 0.40109486009505524 0.29144817351626523 0.04210763877327839 0.05504726444818486
34 0.26523924809226795 0.2929050400165425 0.042107638773277944 0.05504726444818481
34 0.11202545927152968 0.2926410033186094 0.042107638773278055 0.055047264448185806
19 0.2543080980662169 0.1966437732795073 0.025303921677527708 0.036608930551931096
