15 0.22431885710685523 0.8399250283557571 0.4266880871975812 0.25308491082603257
17 0.8211036249369947 0.8415877889353865 0.1035596125252024 0.15571221546464376
17 0.5435366620463693 0.8420875931339966 0.10284064012096883 0.1553265140996558
14 0.5320391255040322 0.1379849048371012 0.04922662550403223 0.1464729165851843
32 0.8022034944686466 0.7340093511928849 0.03650399319556441 0.023903256023154018
14 0.80798123267389 0.1335798318454709 0.04641940209173312 0.15725207657032225
32 0.5245221062247984 0.7345607605209631 0.03655033644153294 0.02478164698060037
14 0.21503866872479838 0.13712521816821838 0.053640845514112856 0.136509595734903
18 0.5861261794354827 0.526272968896666 0.057506930443548265 0.05844668482087001
18 0.2735241916582681 0.5271057012183185 0.05838032384072578 0.0594823534300688
32 0.21183551789314353 0.6989326826990785 0.03491599294354797 0.023813202538329414
18 0.8642743646043333 0.5267204366786609 0.056002682081653044 0.05938047070556951
19 0.1632409797126993 0.48835932293296436 0.05272338331653159 0.02220963557963096
19 0.7536541557459677 0.4879959703046789 0.051668975554435614 0.02194703095666456
34 0.777074343355387 0.5451860764884744 0.0859810817531782 0.03300080058908694
34 0.4996659485238892 0.5460594670437096 0.08598108175317731 0.033000800589087054
34 0.18681327651251078 0.545901177208528 0.08598108175317742 0.03300080058908761
19 0.4773452454061784 0.48835089787344677 0.051668975554435725 0.02194703095666456
