15 0.3316700701599783 0.8417434273818999 0.43864391268980474 0.2808350467754781
17 0.32878819227901557 0.4489551513153538 0.26987865543655176 0.06816025452826485
17 0.3279219372796891 0.631642536657379 0.26921016218139915 0.06768704551486271
32 0.5152419271082103 0.46139472763210104 0.04142885371475069 0.02402598278264323
32 0.5142862306805867 0.6441574247777335 0.042951271014099235 0.024056484706741377
18 0.8752882816736745 0.6036112194798309 0.10129913486306974 0.03784957205414008
18 0.8738449994068624 0.8093577507132419 0.10309414401437089 0.038424416965233577
32 0.5760364132829419 0.8499596379047252 0.041272774030640225 0.022980802149681234
18 0.8745127355612798 0.4205412886892923 0.10291756202548796 0.036859514745886335
19 0.9409997851986149 0.8819433042230642 0.03849348986578127 0.034701165240180076
19 0.9416295438754048 0.4933486448381105 0.038038346495390396 0.034007181362792016
19 0.4652970745492162 0.02234775058884206 0.035980134049620416 0.0310971955447192
34 0.8425082969321236 0.4779340839911465 0.05719661533770182 0.05659052089911942
34 0.840994546273484 0.6605171039439371 0.05719661533770193 0.05659052089911887
34 0.8412688924303386 0.8664286290469674 0.057196615337702816 0.05659052089911898
19 0.9410143874167376 0.6752080125776745 0.038038346495390396 0.034007181362792016
