15 0.8834628191295755 0.49185420689957865 0.22008869722337798 0.5680192240168539
17 0.5756370653403189 0.4955860768521737 0.053416771851601874 0.3494776970681188
17 0.7188080445351506 0.4967078284102902 0.05304592086106552 0.3486120358584971
17 0.06691291987312817 0.4967317843662242 0.05354704008943437 0.35050216818820124
32 0.5853858847166715 0.2541389651772895 0.01882901479305321 0.05364803809691038
32 0.7286158853083402 0.25537653836025154 0.01885291896318675 0.05561948297050484
32 0.07659218376273863 0.2550122816450161 0.01943517802360649 0.05306697902036567
18 0.1902285663217569 0.3953092718574439 0.026251711340473965 0.12127958874648892
32 0.8899018127339859 0.17541352100158364 0.018009913165557223 0.0534459236745089
19 0.24130747175930883 0.3188147433505937 0.024370680701435554 0.046592252238412846
31 0.23240600637402814 0.5491938907601328 0.04361496511662488 0.07452120600952272
