15 0.7502383277529762 0.5886672826222548 0.48146391369047614 0.5280371538173658
17 0.7543523497953889 0.19362728449351507 0.29549020182291663 0.12726785803393348
32 0.5497953515624989 0.2171582717377743 0.04714413318452315 0.04523195328093896
18 0.15355262416294302 0.14092169411177785 0.11118785993303605 0.07116626122754488
18 0.1551367982700867 0.527774453436874 0.11315809616815473 0.07224710734780437
32 0.4820171749441995 0.6041157263597826 0.04530178292410758 0.043209412425149196
19 0.08142642624628219 0.6642526797966597 0.042251187686012284 0.06524650230788342
34 0.19119408135219967 0.24791838705626498 0.06278009445400132 0.10640373390612773
34 0.19089295378479498 0.6350813743757352 0.06278009445400237 0.10640373390612767
27 0.4023195653392826 0.9287865794454109 0.07989449707102897 0.09662757211164263
19 0.08141039857353333 0.2755408140682023 0.04175161365327378 0.06394164639471067
