15 0.1907634265317117 0.697906442384903 0.2490330588054187 0.5664809722965747
17 0.18863548409598108 0.27410550220824637 0.15283975956357754 0.13653361215203572
14 0.8814655924078278 0.289369897617773 0.14412790683689936 0.06535440645074947
32 0.294440828009545 0.2993496662540148 0.024384896474753393 0.048525071935225705
14 0.8823115156201891 0.710227035097698 0.13432409728101913 0.071214827020878
18 0.49939396287138416 0.21756267398287088 0.05751096203432904 0.07634753078158463
18 0.4985745624711374 0.6325803022952332 0.05853004974214904 0.07750706805406848
32 0.3294985055707343 0.7144796122189531 0.02343195668488318 0.04635527971092035
19 0.5367006169662087 0.7789948449210418 0.021854062596213364 0.06999678298982792
34 0.4799242436355618 0.3323492760496547 0.03247246264862136 0.1141504725631049
34 0.48007999927387446 0.7476997185487009 0.032472462648621914 0.11415047256310484
19 0.5367089071417684 0.36198275770485944 0.021595662234451973 0.06859692686027852
