15 0.308267774988302 0.28231408901515215 0.4796009217083993 0.24516753693181792
17 0.8984814763285487 0.3093991598011338 0.11567775954230974 0.1511356482007581
32 0.9190683033688748 0.4136441202651512 0.04142488408858891 0.024720685606060444
18 0.8489554232893348 0.6151973804450768 0.06375825470026097 0.05722926467803047
18 0.25408895345642857 0.6147393061079556 0.0635193222018206 0.057065704071969314
32 0.32311588593360063 0.4197371943655325 0.040506058498043285 0.02333514914772672
19 0.3769903481595962 0.6520308449337129 0.059695381444249185 0.020717369791666607
34 0.3514042059736354 0.5963065983756237 0.09674822266237815 0.031960775358400806
27 0.6179151105763403 0.48897979772567357 0.08934747053173353 0.040833927166853634
34 0.9474792909157597 0.596566057224046 0.09674822266237804 0.031960775358400584
