15 0.9188584603466822 0.7625072303265514 0.12698707730001346 0.43311181577890745
17 0.7625837128990725 0.7146588718716584 0.03062875805276921 0.2669955241233949
17 0.11950218058287648 0.714153638165823 0.031072810078537905 0.2642986942920236
17 0.21229120432071474 0.714561632595019 0.030768401891368424 0.2669290517933619
17 0.6109439758858044 0.7140897479757773 0.030192522891263285 0.2658695187031579
17 0.30517376557056286 0.7141171916822824 0.0309831865126442 0.2666032855995718
32 0.1137303871899038 0.5320648036001059 0.01105965243572804 0.045082892799785834
32 0.2068862539325293 0.5308659407621802 0.01077377866335294 0.042146109642666296
32 0.7571328038653291 0.5305002158056751 0.010968337882177992 0.043671446734474983
18 0.775697050344823 0.17443717587325824 0.01688169069670531 0.10110094937767697
32 0.605579352390303 0.5307103766561865 0.010753684751922177 0.041951933050053625
32 0.29974063541791846 0.5302037991836215 0.01075993906925754 0.04291161670235566
18 0.22525971409853918 0.17467952229992367 0.01678650156925765 0.10121207926258027
18 0.5476939829953288 0.6376329881557845 0.015519291637884569 0.09129670938169188
18 0.03426823698792608 0.1287707014520881 0.017505460115329385 0.10434102649892912
18 0.31821812708358244 0.17425184229456586 0.016435321622717547 0.10115106815444228
18 0.13251630516803825 0.17510133372925374 0.01737154462998558 0.1013521856597965
18 0.933203741780638 0.17524640783926482 0.016818426974148593 0.10081200398153048
18 0.624206664323417 0.17469636057949983 0.017426842282106003 0.09937583478319112
19 0.7427432527555861 0.10914150411536375 0.01584425691149094 0.03758084850107085
19 0.5185373232708129 0.5793471623226731 0.014562473157436306 0.03567850726043875
32 0.9149270287604931 0.5197362198039309 0.010725054412504487 0.041223764554335185
19 0.9006623345334275 0.10936735102716681 0.015805937133965053 0.036599207876070655
32 0.01593841339800467 0.8265858471627447 0.011060971287842336 0.04369079229122075
19 0.5913633842325283 0.10938833603787887 0.016056439258844812 0.03586626321600639
19 0.09955106854051587 0.10867574193656088 0.016329853998978683 0.03796106296841539
19 0.19245718559474062 0.10952496946935356 0.015886429019251636 0.03713939457307258
19 0.28551925592601207 0.10950308610478823 0.01589863018455684 0.03863455985679848
34 0.9074369449824733 0.20780954248417652 0.0256166605896061 0.05646175518347013
27 0.8368711071948277 0.39741256290432403 0.02365711497500489 0.07213702336756811
34 0.7496102406080809 0.20735118370484373 0.0256166605896061 0.05646175518347013
34 0.5982815849055244 0.20808079592099538 0.02561666058960621 0.0564617551834701
31 0.523469310284683 0.7547380726316747 0.02517162803813433 0.057964538909378804
34 0.2924750967478211 0.20850787777014299 0.0256166605896061 0.05646175518347013
34 0.19890272797633546 0.20776062312325816 0.02561666058960621 0.05646175518347013
34 0.10650420612492234 0.20776062312325816 0.0256166605896061 0.05646175518347013
