15 0.8967589671014349 0.2991522665077684 0.20523399073894522 0.5712283721751412
17 0.6097096606199095 0.2953993125441417 0.04981145055517877 0.3514521473340405
17 0.7432174317542677 0.2942712234066008 0.04946562984872038 0.3505815953831214
17 0.13532143497866567 0.29424713210628295 0.049932926444918646 0.3524824064265526
32 0.6188004914115122 0.5382105321945903 0.017558165850465435 0.05395113435734489
32 0.7523633003418346 0.5369659670727415 0.017580456628200403 0.0559337173375698
32 0.009898958282827719 0.536357835120941 0.016850627606187052 0.05478720316913843
32 0.1443474048741752 0.5373322817355205 0.018123416589895358 0.05336679246115872
18 0.2503139927996523 0.39624265316031076 0.02447987356962744 0.12196478416313583
32 0.9027633661025998 0.6173807528910629 0.01679434881691222 0.053747878045551256
19 0.2979453693209381 0.47316935414460065 0.022725801554015157 0.04685548530190664
34 0.02198935342278263 0.9618569627163489 0.041356299989891765 0.07448485782678127
34 0.15630170136554622 0.96246905769559 0.04135629998989132 0.07448485782678116
31 0.2896447010563086 0.24148862963105294 0.04067120874335384 0.07494222977228848
34 0.7643189386463838 0.962425101220554 0.04135629998989143 0.07448485782678116
