15 0.3855302326165595 0.8772310501784628 0.6502085008038585 0.16072090769289205
17 0.381258381481113 0.6524397038511928 0.40004520950562794 0.03900787349065937
17 0.379974318604298 0.7569910507480262 0.39905429185088415 0.03873705763973312
17 0.3793639174286594 0.17554477746715647 0.39626704305667193 0.03836880339649154
17 0.37994689635248924 0.2809412695549818 0.40121791599678325 0.03910300254404625
32 0.6576415704079901 0.6595588295440092 0.06141061595659192 0.013749985286300115
32 0.6562249271503231 0.7641532771206713 0.06366731812700877 0.013767441429981986
32 0.6555327126457013 0.1827216022032594 0.06236228270699362 0.013195904607761239
32 0.6566418898211391 0.2880096019944179 0.06074548080787845 0.014192639115659156
18 0.4960446920217041 0.3709931571802866 0.1388280822950163 0.0191704477711116
32 0.7477581560239107 0.8819331585092656 0.06117925668207458 0.013151832092952453
19 0.5836075606662015 0.4082937916492644 0.05333389645297426 0.01779681543324757
31 0.3198938099337387 0.40179345058419313 0.08530401716845692 0.03185005350557907
27 0.8553883683520942 0.9807546028567138 0.10789610536923522 0.029410943880882723
