15 0.4512299084272541 0.9011040792465209 0.8287493596311475 0.06458657569885262
17 0.45667476786628625 0.8107704473972323 0.5098936891649604 0.015675527286529656
17 0.45831142177894807 0.8527849779129031 0.5086306752689548 0.015566698455810712
17 0.4570071681288497 0.3177040923357016 0.5058503698130123 0.01578674750328063
17 0.457788042712598 0.27056201264858215 0.5108847015881148 0.015632090902328533
17 0.456884886494623 0.06802382475137714 0.5088568247310441 0.01533951175212861
17 0.4561582519531252 0.5437659482479096 0.5101125624359637 0.015684852313995412
17 0.4569374119492865 0.22337241060733856 0.5102612064549181 0.01574121365547182
17 0.4590894331134709 0.6191276132106787 0.5050780753714136 0.015418713474273704
32 0.10850107902151428 0.32063649029731695 0.08628570056352461 0.005618929862976074
17 0.4583463739113764 0.6614817699432374 0.5113884093237689 0.015713755416870145
32 0.10439947378325846 0.8136313069896092 0.07827336705942659 0.0055255067825317195
32 0.10620653416368091 0.27330803358554845 0.08066489017674253 0.005473689794540382
32 0.10554301357581805 0.5465103983879089 0.08008112192622835 0.005392193794250488
32 0.10620511334528492 0.855663157749176 0.08114973744876933 0.005532521629333598
32 0.1070874031442085 0.6220116594791418 0.07948635213883193 0.005302846431732178
32 0.10590879466573382 0.07074935734271956 0.08029324891137293 0.0054634809494018555
32 0.10567365682633498 0.6643222179889677 0.07742559234118923 0.005703389644622803
32 0.10493923860143954 0.22613274846076947 0.08213002049180365 0.00546665849685668
18 0.3105516617571777 0.10015840365886736 0.17473591508709074 0.00788467917442326
18 0.31036926549692634 0.6976696134567265 0.17694890817110684 0.00770374927520745
19 0.19899641313396876 0.11497163825035114 0.06828632332223314 0.00739856119155885
32 0.6721950435450892 0.3703203519821172 0.08362131147541019 0.005619599914550744
19 0.19876249439676774 0.71265907740593 0.0679788598232581 0.007151747608184933
32 0.6726607365842772 0.5041565987586969 0.08147435162653649 0.00534420795440671
31 0.5346831144220987 0.1124659094964782 0.11094032651917995 0.012788612780116615
31 0.53488944717462 0.7100468798001909 0.10872766122700861 0.012799118181197056
