15 0.7020181561799327 0.1197411175953817 0.45339651065022424 0.21248724021084364
17 0.7049969582048741 0.4169351385228407 0.27895529183015766 0.051571855233434105
17 0.7058923473409491 0.2787090204568265 0.27826431561799325 0.05121381275100456
17 0.7059114691353718 0.908088891817269 0.2797730311098646 0.05169762424698798
32 0.5122723578545181 0.40752302535788004 0.04282220081278043 0.01817869540662642
32 0.513260196538676 0.26923992438504024 0.04439582048766755 0.01820177397088385
18 0.14011682096061898 0.29991825803212807 0.10470605643918196 0.02863798945783136
32 0.5129694445417617 0.8987439318210346 0.04235839580997802 0.01876392287901607
18 0.141608644110844 0.1442449789784146 0.10656143585341926 0.029072932354417658
18 0.6249553829176009 0.7890323399849384 0.09680612913396869 0.02534502572791142
32 0.44943321407301295 0.1135245149347382 0.04266087181193984 0.01738788403614444
18 0.14006440911130347 0.9293077937107883 0.1045555804143253 0.027582329245083415
18 0.140918450462444 0.4384338201242464 0.10637891500840801 0.02788888585592353
19 0.0721952892902209 0.08932482523845264 0.039788113964406194 0.02625582141064231
19 0.07136183074609483 0.8750662941764115 0.0389382539081885 0.026371484678169077
19 0.07154435038887541 0.38334584462851407 0.03931766308155828 0.025730734814257028
19 0.563896970028725 0.7397176055785628 0.03719022824411433 0.023528962412148968
34 0.17552904389184112 0.8863671541685227 0.05912026831991152 0.04281788810198395
31 0.7477870518175052 0.7483116307939102 0.05948329448293743 0.04210858479532775
34 0.17399927155670636 0.3950089099440481 0.05912026831991152 0.04281788810198439
34 0.1755639331119369 0.25686175749784035 0.059120268319911545 0.042817888101983836
34 0.17528036006639888 0.10106363970904136 0.05912026831991257 0.04281788810198395
19 0.07218019596610761 0.2457462266279764 0.03931766308155826 0.025730734814257028
