15 0.18241862776360585 0.6092874679400648 0.35992736607142906 0.4367491225701943
17 0.685828908110118 0.6121568971044791 0.08735640784438847 0.26871287290766815
17 0.4516907897534 0.6130194101815623 0.08674992772108936 0.26804726731236495
32 0.6698859409123277 0.42650857797649044 0.030792484056122227 0.041249895383369484
32 0.4356513004889457 0.42746014612580885 0.030831576318027687 0.0427657363660901
18 0.4876166411564617 0.06801749924068264 0.04850924744897955 0.10086155760664178
18 0.2239251684736409 0.06945454702686053 0.04924598745748299 0.10264881293871486
32 0.17188846407312774 0.3659767029731399 0.029452946428571103 0.04109448990955761
18 0.7222450422512743 0.06878969526187909 0.047240357674319555 0.10247299372300211
34 0.6486885617419592 0.10065588577600657 0.07252825943805497 0.056949545725011985
34 0.4146842014759337 0.10216309755491115 0.07252825943805441 0.056949545725011985
34 0.15078126726225388 0.10188993647864773 0.07252825943805441 0.05694954572501296
