15 0.077013612877734 0.36168977181477624 0.14656689287927233 0.43311181577890756
17 0.2573839675302442 0.4095381302696691 0.03535132862330154 0.2669955241233948
17 0.8925246831994412 0.40963536954630847 0.03551250379142412 0.2669290517933619
17 0.4324046512377375 0.4101072541655503 0.03484783146795278 0.2658695187031579
17 0.7853207952566049 0.41007981045904507 0.035760405509047466 0.2666032855995719
32 0.8987630091882454 0.5933310613791474 0.012434960287541541 0.04214610964266641
32 0.263675338411675 0.5936967863356526 0.012659518099174927 0.04367144673447487
32 0.4385964324324899 0.5934866254851412 0.012411768146838642 0.041951933050053514
32 0.7915916459763237 0.5939932029577062 0.012418986801511323 0.04291161670235566
18 0.5054070002144874 0.48656401398554316 0.01791217187933314 0.09129670938169188
18 0.9845998718498682 0.9490956684120738 0.020050019065446456 0.10135218565979653
18 0.06045646885995127 0.9489505943020629 0.0194116176002236 0.10081200398153045
18 0.41709702248639446 0.9495006415618279 0.020113842922386327 0.09937583478319112
19 0.5390592513995776 0.5448498398186544 0.016807823982598502 0.03567850726043864
32 0.08155122193533776 0.6044607823373968 0.012378723367954439 0.041223764554335185
34 0.09019618274624133 0.9163874596571511 0.02956642855627864 0.056461755183470186
27 0.17164238820164363 0.7267844392370035 0.02730474557015261 0.07213702336756811
34 0.2723577866303847 0.9168458184364838 0.029566428556278612 0.056461755183470186
34 0.4470194241883547 0.9161162062203323 0.029566428556278668 0.056461755183470075
31 0.5333668138089709 0.3694589295096529 0.029052777563703613 0.057964538909378915
34 0.7999774396382608 0.9156891243711847 0.029566428556278668 0.056461755183470075
34 0.9079774947760654 0.9164363790180694 0.029566428556278668 0.056461755183470186
