15 0.6121697191922171 0.27884745169974723 0.19076872051886784 0.4468692805109802
17 0.6109163741892699 0.9038585261164471 0.11737175486438711 0.10845770230679985
17 0.6105396349867327 0.6131633960620759 0.11708102336379722 0.10770472445101476
32 0.6920061588649858 0.8840644705583798 0.018017642983490623 0.038230533414273626
32 0.6915905210790099 0.5932495031408362 0.018679750884433743 0.03827906857052443
18 0.8485923564637395 0.6577672825168907 0.04405556714327852 0.060226852829391886
18 0.8479646648363808 0.3303800655880509 0.044836226783608546 0.061141555373733114
32 0.7184460250221096 0.2657736842799813 0.01794976304540108 0.03656742504222932
18 0.8482550670695754 0.9490711250923761 0.04475943027712259 0.05865145758551504
19 0.877170661298643 0.21488075578019167 0.016741036630306794 0.05521705685177303
19 0.8774445469118506 0.8332188793285473 0.016543092202240595 0.05411277845228046
34 0.8343361555525557 0.8577467785140878 0.024875131764792946 0.09004775453880143
34 0.8336778168227132 0.5672177163594785 0.024875131764792946 0.09004775453880065
34 0.8337971315192321 0.23956795850972412 0.02487513176479339 0.09004775453880076
19 0.8771770118859585 0.5438413043105247 0.016543092202240595 0.054112778452280574
