15 0.2253994000813459 0.21325127450811301 0.43874884591919694 0.42417352786730017
17 0.27387051374389487 0.7352540825955544 0.27047052009897044 0.1023089012966496
32 0.4604260286740775 0.7534616936697431 0.044239838665943165 0.03663741754865568
18 0.8211232947227514 0.6914517467615144 0.10241679687500038 0.0563897244620285
18 0.8203035304534997 0.16533388981459413 0.10212409080124663 0.05617840535024582
19 0.887268801687907 0.801526951870988 0.03806997017353608 0.05292439587931397
32 0.47133012006846925 0.22638339189312032 0.04176029945092086 0.03582478046937698
19 0.8870400153369048 0.27403159203200245 0.03707555331480461 0.05279639675085279
34 0.7873165806071356 0.25140243578085575 0.05719661533770182 0.08556704765163789
27 0.5952458419168778 0.48711272219512597 0.07307590002744968 0.07902159913801798
34 0.7877809050104945 0.7785892284022209 0.05719661533770182 0.0855670476516377
