15 0.496363506249998 0.932489939266134 0.8090528718749993 0.1294123936637257
17 0.406982772656258 0.7732305125088 0.4987476390625015 0.031213734332915077
17 0.40603899609375727 0.11786681576540953 0.49370996093749997 0.03166626727396549
17 0.40680112968749566 0.21242800988805471 0.4986234687500001 0.031356045218382866
17 0.405919649218752 0.6186946198914591 0.496644260937499 0.030769167549813292
17 0.40597091406250363 0.3070845279884139 0.49801493750000003 0.03157493199452133
32 0.06589705312499788 0.11198478733701739 0.08421484374999999 0.011270879881856044
32 0.06365757734375255 0.20691983077061393 0.07872893281250071 0.0109795462284219
32 0.06297440312500113 0.7676754969851861 0.08157826249999922 0.011177821318713255
32 0.0633669835937562 0.6132275378669053 0.07836621093749996 0.01095906854493145
32 0.06242069687500501 0.3015476309033734 0.08015890000000037 0.010965442312989793
18 0.2630984218750054 0.554236620280744 0.1705422531250006 0.01581569338806943
19 0.15422049921875347 0.5245230997681497 0.06664745156249952 0.014840600705497087
32 0.04286725859374291 0.9284834215722753 0.07700599218749804 0.010929891396876501
32 0.6160623625000071 0.012325092204332977 0.08161440000000031 0.011272223922624836
31 0.4818507196759683 0.5295492824203846 0.1082777586827196 0.025652379014377003
