15 0.0935249324170513 0.508859646451269 0.1144974470802981 0.8570475337658889
17 0.23442950323094902 0.41417666594942587 0.02761631087860167 0.5283343634136669
17 0.8142616820654394 0.41317690264169205 0.028016688809981538 0.5229978399761652
17 0.7305987884785929 0.41398424755031316 0.02774222024953965 0.528202827065678
17 0.37115493335426375 0.41305047586732213 0.02722298099511211 0.5261062086202319
17 0.6468515571263687 0.4131047818458725 0.027935880040213412 0.5275581965042373
32 0.8194657990718415 0.05285704780190457 0.009971896325281615 0.08921063956567797
32 0.7354721427930704 0.050484721762449745 0.009714139254089038 0.08339929323358126
32 0.23934429599490903 0.049761020259535084 0.009889562882501063 0.08641765095338903
32 0.37599192706922846 0.0501768894001655 0.009696021650238307 0.0830150539592161
32 0.6517503196253518 0.04917446702860697 0.009701660833243086 0.08491408898305124
18 0.42818406472561554 0.2617568028336922 0.013992914167433979 0.18065916644597516
19 0.45447306337670634 0.14642002035884905 0.013130202183979645 0.0706011139433258
32 0.9076395848001526 0.6356592823093296 0.009973085463604758 0.0864559322033902
31 0.45002615480830793 0.49348593186013584 0.022695908989323055 0.11470101555372836
