15 0.3524778493986881 0.057247661508729564 0.5895476494169096 0.11129432648822057
17 0.34860453831086347 0.2129088125624471 0.362723207452625 0.02701176262752436
17 0.3474402713875705 0.1405101937184472 0.36182473692602035 0.026824230910812208
17 0.34897197237153776 0.6730057534609013 0.36287890738884876 0.02702783133282516
17 0.34688681726038806 0.5431440034871942 0.3592975230047375 0.02656922607935419
17 0.3474154074799538 0.47016014737589396 0.363786506924197 0.027077636595498555
32 0.5992027066964576 0.20797903515799782 0.05568134566326555 0.009521445427534636
32 0.5983892264941703 0.6682765705524295 0.05696732871720034 0.00929172308845172
32 0.5979182284074358 0.13555057040781454 0.05772751002186505 0.009533533274611039
32 0.5972905936816709 0.5381742712551263 0.05654422717747809 0.009137761457456928
32 0.5982962907707705 0.46526554275018445 0.05507826393950488 0.009827969703144812
18 0.45268192192055395 0.40780196183476997 0.12587619123542282 0.013274950370740224
32 0.6809119140624963 0.053991594906920015 0.055471570927478675 0.009107242585191355
32 0.19528982325072364 0.9718838192180261 0.059485714285714586 0.009683584875893936
19 0.5320756599626492 0.38197241015789263 0.04835813934948985 0.012323751873422495
32 0.19495854307124305 0.7412598113102135 0.057958430894679 0.009209034825935936
31 0.29296494136849194 0.38647369808094995 0.07734562489618102 0.02205519060588268
