15 0.4439235482977441 0.22856871867551593 0.16298405960414974 0.447898487900556
14 0.9166596449121172 0.7918815108580508 0.0949611493377317 0.045801837261652434
17 0.46192933669293756 0.7797682939949666 0.10047293292959347 0.10803126357256387
14 0.9167305775932597 0.23511115681276468 0.09473122374262533 0.0457979061837922
32 0.531229975196414 0.7989942968749999 0.016433977135374533 0.038686629038665266
18 0.6652198540428593 0.7335159970041075 0.038045240418513426 0.05954372599973512
18 0.6649153324247086 0.17797120907541042 0.03793650754180078 0.05932058734441212
19 0.6897912309251613 0.8497479508739416 0.014142027598710749 0.05588457395391966
32 0.5352805683735409 0.2424353443210406 0.015512891254532257 0.037828539376986214
19 0.6897062426029921 0.29274861328125 0.013772626976732538 0.055749415552171666
34 0.6526615178564783 0.26885375846012394 0.021247090790234235 0.09035300116435654
27 0.5813121137177121 0.5177478405551923 0.027145841992469277 0.0834414512931953
34 0.6528340025864932 0.8255272699908197 0.021247090790234124 0.09035300116435652
