15 0.6006698608398438 0.34198798187638196 0.4513724190848214 0.19494960505711145
17 0.6036353646414596 0.6146530931915525 0.27770995570591606 0.047315371971720976
17 0.6045267565046055 0.48783546828942437 0.27702206420898434 0.046986880526898034
32 0.411771141971239 0.6060178088213418 0.042631030273437676 0.016678316714259234
32 0.4127545706612713 0.4791479040968129 0.04419762486049045 0.016699490489130775
18 0.5239511178152902 0.9560392507599471 0.09637395891462064 0.023253173936071958
32 0.34921253008161557 0.33628446653924016 0.04247042149135083 0.015952774963153837
19 0.46316528712681104 0.9107947081395068 0.03702420043945304 0.021586999412767538
31 0.6462344310504626 0.9186794254520398 0.059217744061138555 0.03863315259409228
34 0.07500820338011392 0.5945365459693 0.05885633855062622 0.039283913549720384
34 0.07656587983911578 0.46779136925925663 0.05885633855062622 0.03928391354971994
34 0.0762835727446739 0.3248520496962098 0.05885633855062723 0.03928391354971994
27 0.274496021077006 0.21641704030792136 0.07490109100408965 0.03567458631387843
