15 0.22886868990384607 0.7607099656400476 0.18299985859728507 0.42463340941011285
17 0.2276663861001142 0.16679896073685924 0.1125919096436655 0.10306093060293012
17 0.2273049892180422 0.4430293250902906 0.11231301788744341 0.10234542034510541
14 0.7364253946019512 0.454471496288122 0.10591118583851789 0.0489895791532905
32 0.30545387185238454 0.18560807934099383 0.01728389281674214 0.036328211526885895
14 0.7396106012266686 0.1798581633100934 0.11370534767392537 0.04619587367074565
32 0.3050551604920819 0.4619523180427366 0.017919037047511077 0.036374331611156385
14 0.7370470141932973 0.769945466116573 0.09870693845446832 0.05338254288723909
18 0.45566325597426605 0.4006448936597122 0.042261449024321385 0.057230011035313
18 0.4550611264493788 0.7117415749147253 0.043010317095588224 0.058099198685794606
32 0.3308170013786753 0.7731331924658926 0.01721877722002274 0.03474785814606707
18 0.45533970234728505 0.1238361058512253 0.04293664804864261 0.05573300624498376
19 0.48307773844032703 0.8214937280547777 0.016059274957579306 0.052469498645665524
19 0.4833404703407798 0.2339236331260032 0.01586939161481904 0.051420168288523305
34 0.44198762433095834 0.21061622330603533 0.023862117349032208 0.08556704765163797
34 0.4413560957756345 0.48668878317044734 0.023862117349032097 0.08556704765163714
34 0.44147055150261183 0.798034941512429 0.02386211734903254 0.08556704765163714
19 0.4830838304064398 0.508902002966564 0.01586939161481904 0.05142016828852336
