15 0.3436560741388131 0.6241663141689681 0.27587291098226474 0.4871945010359122
17 0.3412987900217416 0.2596818960059872 0.16931225752472712 0.11742393531307671
32 0.45850743839529395 0.2813928068888121 0.027013009464528892 0.041733349159761346
18 0.6855496560048622 0.21105298112338988 0.06370927854280373 0.06566168853591159
18 0.6846419436924469 0.5679834275725117 0.06483819971435878 0.06665893329880301
32 0.4973435013962295 0.6384198506560793 0.02595736538625526 0.03986724792817631
19 0.7268770818234126 0.6939053270315405 0.024209411770975686 0.06019981152163845
34 0.6639815632088351 0.3097736867683034 0.035972223288786576 0.0981736108415654
34 0.6641541056076208 0.6669903656763229 0.03597222328878724 0.0981736108415654
27 0.5430092531480236 0.937978041072101 0.04577856585243123 0.08915361625770346
19 0.7268862654831051 0.3352595724644003 0.023923161984140462 0.05899588369014741
