15 0.13979303626543277 0.7450077901773524 0.2774529738940327 0.4619931955617623
17 0.17044486534421877 0.1764627736765204 0.17103828500085783 0.1114308487898823
32 0.28841755722736584 0.1566317567198428 0.027976084533607448 0.039904040441979816
18 0.5165128105174052 0.2241705625307282 0.06476562875085756 0.06141747961511146
18 0.5159944136338319 0.7971975291005382 0.06458052929955371 0.061187319113991556
19 0.5583414507244515 0.10428095976289237 0.024074425582990444 0.05764317942799402
32 0.2953130114561924 0.7307048021863393 0.026408090599279177 0.03901894795877947
19 0.5581967723872607 0.6788082485385707 0.02344558309756517 0.057503767789827465
34 0.4951343534429212 0.7034550393505715 0.036169601743045954 0.09319627742477343
27 0.37367398233701055 0.4467286260007632 0.04621123444808539 0.08606723122899507
34 0.4954279797117118 0.12926382990457402 0.036169601743046176 0.09319627742477332
