15 0.10512488594604341 0.3137473275533552 0.1463234262798051 0.6166561523437495
17 0.28519562206923055 0.3818728866949252 0.03529260548605356 0.3801430175781263
17 0.9192812867157212 0.3820113340796527 0.03545351292133869 0.3800483755716464
17 0.4599255737439871 0.38268319419302427 0.03478994470471697 0.3785398330316304
17 0.8122554783209628 0.38264412037918927 0.03570100284208888 0.37958455602134156
32 0.9255092500367699 0.6435536758050666 0.012414304207329696 0.06000680854611329
32 0.2914765421684662 0.6440743878620419 0.012638488999342445 0.06217855373475556
32 0.4661070695879177 0.6437751649437834 0.012391150591777367 0.059730343702362854
32 0.8185159123451339 0.6444964200647828 0.01239835725532945 0.06109672256097576
18 0.5328066563603104 0.4915408369855141 0.01788241744099539 0.1299864734184455
19 0.5664030067959238 0.5745270585222915 0.016779904009205482 0.050798362471417335
32 0.10965495744707307 0.659399955340135 0.01235816070455252 0.058693591606324924
27 0.1995964706132688 0.8335619912307337 0.027259388849936422 0.102707286319068
31 0.5607200250817135 0.32480890268599966 0.029004517135856944 0.08252877948378023
