15 0.10103991458451911 0.3597203798076939 0.16599253006364822 0.6223483629807687
17 0.30531613910617483 0.4284747902644169 0.04003671200239478 0.38365203004807813
17 0.5035336596618345 0.42929257752403677 0.039466482497938826 0.3820340468749993
17 0.9032244936229012 0.42925314302884326 0.04050000699297274 0.38308841346153855
32 0.31244135374136306 0.6930966129807684 0.01433738136483198 0.06275250961538403
32 0.5105460852234796 0.6927946280048027 0.014056795206501271 0.06028170072115391
32 0.9103264684015777 0.6935225408653808 0.014064970604978022 0.061660692307692555
18 0.5862115712228144 0.5391550600961497 0.020286209735199567 0.13118634855769273
19 0.6243240139908532 0.6229073082932666 0.0190354941209957 0.05126727043269197
32 0.10617892785767208 0.7085636472355823 0.01401937074900872 0.059235378605767774
27 0.20821056904997703 0.8843333326882482 0.030923653431523368 0.10365535357739786
31 0.617877113880386 0.3708840617877167 0.03290336554482265 0.08329058360209207
