15 0.5604378136405109 0.7569544478612582 0.295204151459854 0.46905428025266016
17 0.558498330862228 0.10091445485649522 0.18162636519160635 0.11384212724401677
17 0.5579153475707105 0.40604125803413305 0.1811764741104014 0.11305176750886647
32 0.6839803334261094 0.12169119402382829 0.027881316149635182 0.04012850315824454
32 0.6833371567062052 0.4269437839372782 0.028905891879561607 0.0401794478612596
18 0.926288901973086 0.35922299423758985 0.06817357835310245 0.06321683843085107
18 0.9253175835424285 0.7028634772550956 0.0693816064096715 0.06417695173980498
32 0.7248945788663301 0.770677267564275 0.027776275661496652 0.03838282912233992
18 0.9257669651003649 0.05345725876828608 0.06926276802007303 0.06156323207557604
19 0.9705122641993598 0.8240967953512881 0.0259058377052922 0.05795832917774757
19 0.9709360871920607 0.1750610344636525 0.0255995295392335 0.05679922844636534
34 0.904228211511984 0.14931543815542553 0.03849290462873067 0.09451821043789087
34 0.9032094683679943 0.4542679289276397 0.03849290462873067 0.0945182104378901
34 0.9033941013290308 0.7981839868124881 0.03849290462873134 0.0945182104378901
19 0.9705220913855708 0.47880487207122224 0.025599529539233612 0.056799228446365424
