15 0.9413262055245633 0.3568478033685082 0.09022195556890689 0.6566987596387981
17 0.8302959052724376 0.42939710011667365 0.021761162686177116 0.40482762910917325
17 0.37339844240114917 0.4301631525213009 0.022076653387995027 0.40073860465706157
17 0.4393233172384456 0.4295445375913185 0.02186037703514432 0.4047268415178571
17 0.7225586936901193 0.4302600249847792 0.021451225720969136 0.40312034167004773
17 0.057266874693261305 0.4308356705306411 0.02193416014958194 0.4041151468648545
17 0.5053146487375695 0.43021841391030546 0.02201297751205622 0.40423290381493504
32 0.3692976905913929 0.7062523919439953 0.007857677268265584 0.06835620434253253
32 0.4354832005577308 0.708070148259941 0.007654569272255829 0.06390335455560125
32 0.05342895466136055 0.7085957944399364 0.007540602861471513 0.06344088879870036
32 0.8264231358292079 0.7086246727881484 0.007792799977061282 0.06621612215909023
32 0.7187472285162925 0.7083060198102628 0.007640292922072467 0.06360893744926943
32 0.5014545108585484 0.7090741096793791 0.0076447364981648835 0.0650640422077925
18 0.6776207506361486 0.5461863458806773 0.011026167940743514 0.13842715351055246
19 0.6569054864208131 0.6345612831016612 0.010346366213938252 0.05409695743709386
32 0.9385329965348534 0.7249454069855983 0.0076199515986418165 0.06250486378855369
32 0.29981831283074356 0.2596896408279164 0.007858614288152932 0.06624545454545483
32 0.1126577574204089 0.2593207151734947 0.007473498047541827 0.06454461622361973
27 0.8830757166515659 0.9104166659859763 0.01680794000101926 0.10937659062550098
31 0.6604095714245222 0.36862766260067503 0.01788397335177805 0.08788779113857115
