15 0.6648859057266738 0.8334632721170239 0.6328866365131587 0.09849724488553346
17 0.19140495103170105 0.8343049132557542 0.15253874850478627 0.06045099111818075
14 0.20845871336722488 0.5602776127446877 0.07301556892942584 0.05700528999101917
32 0.2196083591880979 0.7924569155656355 0.0542134176883981 0.009644683846809388
14 0.6786507784464713 0.5599430342505634 0.07956297659988032 0.05312769946039331
18 0.12823389653110212 0.7113941072325554 0.08529736094497606 0.022746663990197313
18 0.5919019166791242 0.711718195457105 0.08659282483552622 0.023149732289637126
32 0.683401863412084 0.7785909466520038 0.051789271830143035 0.009267778289393735
19 0.7554798865505419 0.6966386259247144 0.07820214750298948 0.008643691587006841
34 0.25647634429470995 0.7190947463068309 0.12753174805495215 0.012843467935061081
34 0.7205161927326396 0.7190331420309859 0.12753174805495215 0.012843467935061414
19 0.2895836072922712 0.6966353470048144 0.07663819340610062 0.008541489398136815
