15 0.3719600554435484 0.8982812361969963 0.5017738058312655 0.10386596547408733
17 0.3686634159817026 0.7530097183113715 0.30871975224876014 0.025208857387367667
17 0.3676724890469892 0.8205760775544763 0.30795504904621585 0.02503384251079721
17 0.3689761452194478 0.3236220353448911 0.30885227105304003 0.025223853583873246
17 0.36720143503799774 0.4448161380883155 0.3058040952620966 0.024795858025372985
17 0.36765132696184655 0.5129286728258736 0.3096247441066988 0.025270334584805765
32 0.5819516833669601 0.7576104567842321 0.0473913190136479 0.008885934739399248
32 0.5812593168424328 0.32803556803960543 0.04848584057071892 0.008671545261582259
32 0.5808584425403238 0.8252046698628288 0.04913284351736902 0.0088972157808207
32 0.5803242521906034 0.4494541645962171 0.04812573181606694 0.008527859828965478
32 0.581180217703162 0.5174965861338091 0.04687802613213443 0.00917199999386531
18 0.4572454074906948 0.5711247493988032 0.10713531909119112 0.01238891128042785
32 0.6514957481971122 0.9013199760134476 0.04721277624844955 0.00849937794464073
32 0.23817471308932558 0.04469264299911743 0.050629280397022525 0.00903725215940316
19 0.5248187378838428 0.5952303027305414 0.04115841636941675 0.011501200707940806
32 0.23789275502093404 0.25992360758367594 0.049329384111352126 0.008594376042893537
34 0.9552403005043058 0.334132266730691 0.06542838627960434 0.020929827517459754
34 0.9540877538500931 0.45557293936472976 0.06542838627960434 0.02092982751745992
34 0.9546254253703198 0.5235464833373338 0.06542838627960434 0.020929827517459754
31 0.32130762999849316 0.5910294541270443 0.06583014724414404 0.02058311270914137
34 0.9563184240340172 0.7637274861090145 0.06542838627960423 0.020929827517459865
34 0.9545868134790971 0.8312552461386686 0.06542838627960434 0.020929827517459754
34 0.9549006436982286 0.9074109809824278 0.06542838627960545 0.020929827517459754
27 0.7345552917059586 0.9651833829219281 0.08326473640156862 0.01900683691713112
