15 0.3335223635188572 0.3345261101973685 0.6436657276459863 0.4257154605263157
17 0.815067470726883 0.3308884486019718 0.1551367320559628 0.261275546875
32 0.786383712553224 0.5117598996710536 0.05513676056873584 0.04168533881578895
18 0.8793144312652051 0.8621218902138188 0.0867501140510949 0.09831347615131614
18 0.40774938887621925 0.8607211467927653 0.088067641803528 0.10005557976973678
32 0.31469104888990007 0.5716900768914447 0.05267132755474391 0.04005631332236881
19 0.24138541951794035 0.9258966336348662 0.07953405755778498 0.03735894490131619
34 0.7488878055591515 0.828838917541213 0.12970382162279803 0.05551082035932742
34 0.27694460203833743 0.8291051777060761 0.12970382162279803 0.05551082035932842
19 0.7152166719022643 0.9259108054718233 0.07794346677311448 0.03691721628289468
