15 0.567815209410245 0.8725824629715728 0.49726807154605335 0.21489356402763016
17 0.9398359595277236 0.8744186896004924 0.11985187382518925 0.13188723141936765
14 0.9264365748355263 0.276567416540748 0.05736937558740607 0.12436967093683557
32 0.9176761388334118 0.7831180102616891 0.04259625675516998 0.02104201481137058
14 0.5569999522732613 0.27583745942232357 0.06251376732847747 0.11590984802570403
18 0.6251597722333198 0.6069686028410589 0.06803721951362784 0.050506270340727966
32 0.553266956943137 0.7528663267551157 0.04069157072368379 0.02021971182585036
19 0.4966342244772059 0.5740691806837817 0.06144454446663461 0.01885812840395873
34 0.8887084362496451 0.6230621829627246 0.10020351632889091 0.028020871063422437
34 0.524105698191272 0.6229277795851369 0.10020351632889102 0.028020871063422992
27 0.24751489416888928 0.7172945987699242 0.09099701809761829 0.03565960549397684
19 0.8626955867515613 0.5740620269935006 0.060215723390507514 0.018635151683714102
