15 0.5478501521915576 0.811769246511959 0.6871340625000009 0.1535420225892179
14 0.05230062905844156 0.3859149118943386 0.07927404626623377 0.08886246040361595
32 0.06440595880681799 0.7478466572940391 0.0588602820616894 0.015034575503036995
14 0.5627948711444806 0.3853933555933231 0.08638266030844155 0.08281789445116744
18 0.4686103926542179 0.6219874375652517 0.09401506696428563 0.03608686438164388
32 0.5679531919642885 0.7262317490330781 0.05622835227272671 0.014447037834567245
19 0.6462093313717572 0.5984807130018516 0.0849051887175315 0.01347418286114288
34 0.10443405692256821 0.633486343331757 0.13846304074537658 0.02002098684182274
34 0.6082487495123203 0.6333903117612862 0.13846304074537663 0.020020986841823185
19 0.14037908531992044 0.5984756016711343 0.08320718141233782 0.013314865401955145
