15 0.6594465467817334 0.8995892626854346 0.49486911584518356 0.1363878745574847
14 0.03705975392088012 0.5039955365233059 0.05060502618796803 0.07946512901424474
14 0.6522180102630503 0.5039361788312642 0.050600682862242286 0.07927272330721369
32 0.029201057759831506 0.826529737546359 0.042743653806764925 0.013752235755225772
18 0.10154599581943186 0.7144046939533457 0.06578801187236649 0.03183691393079913
18 0.7153501622575054 0.7146595229001595 0.06554147290862011 0.03174592438258583
32 0.6441257431658914 0.8231401312531597 0.04179557721427307 0.012981455190070434
19 0.5885361763371957 0.6939140613146911 0.06159579620932831 0.011525172001432882
34 0.6149368586302002 0.724913726459953 0.09982822226024413 0.017779932347053662
27 0.33994152448021814 0.7846201394985295 0.09219186566102089 0.022716109179133137
