15 0.7654686190981663 0.8990180324477348 0.4595827962805704 0.14094997767857131
14 0.1874607105978261 0.49019190290178577 0.04699666779891287 0.08212319604747387
17 0.19988992442255593 0.8834464760725188 0.11084947044836979 0.08688983258928595
14 0.758755508661685 0.4901305597259685 0.04699263417119548 0.08192435447010304
32 0.18016237364130439 0.8235147043771779 0.03969584544836957 0.014212240853658464
18 0.24734880307404622 0.7076391366779176 0.0610970405910326 0.032901842062282305
18 0.817386063731318 0.7079024895198165 0.060868080927309776 0.032807808961236695
19 0.12808471127717302 0.6863896044751742 0.05734243240489145 0.012230143728223064
32 0.7512402553923235 0.8200117175250423 0.038815370838994445 0.013415678081445614
19 0.6996144663722826 0.6864631030868897 0.05720374813179352 0.011910682981271736
34 0.7241326652322206 0.7184996908293453 0.09271003597733984 0.018374661791415003
27 0.46874569403901994 0.7802032521786197 0.08561818480519168 0.023475951158644204
34 0.15293723600941983 0.7183505245924473 0.09271003597733973 0.018374661791415003
