15 0.8736818124438956 0.27293208607456143 0.1583163459380612 0.5068041196741855
17 0.6522535921837602 0.26960239759555427 0.03842427275022464 0.3118146871083969
17 0.7552407358056559 0.26860153655623226 0.03815750860263356 0.31104231770833335
17 0.1824935390250985 0.2681257602012858 0.03779476384836927 0.3088698004777567
17 0.2863131835353082 0.2685801623198601 0.0385179785682227 0.3127287515664151
32 0.6592662079170791 0.48502889322527554 0.01354427036579886 0.047866419956140493
32 0.7622958073851736 0.48392469259085336 0.013561465346349721 0.04962540335212973
32 0.1895629905604817 0.4833851469494064 0.012998479344329739 0.04860819529291982
18 0.7394385210951531 0.9010223003798594 0.021337101660682145 0.11703985256109062
32 0.29327576593824767 0.48424969356986036 0.013980301606448253 0.04734798128132889
18 0.16656324735375616 0.8998116516878141 0.02074061237657096 0.11883126860119064
18 0.8554248959735931 0.8993547486881293 0.02166116144898267 0.11911378544016293
18 0.3750177957622692 0.35907242911967413 0.018883636763165623 0.10820935737781967
32 0.8783135720564039 0.5552701416627475 0.012955066202872456 0.047686087288534296
18 0.2705037683004599 0.9010808860560366 0.02055056846806036 0.11687165129019828
18 0.636235723486124 0.9001262433427317 0.020778972406119034 0.1189097646459899
19 0.0221644223993181 0.976701613898026 0.02035014306552977 0.04406130267073982
19 0.8963438615069579 0.9769446139763446 0.01956223677812663 0.04447493440632866
19 0.31091709380632415 0.9778762493414579 0.0196484131803234 0.04352496552143381
19 0.6772797267728905 0.9776722298911318 0.019171014269150133 0.04394906700344614
19 0.20744535551316573 0.9774119174890348 0.01944961288150801 0.04383018679511175
19 0.4117603716664807 0.4273231863839315 0.017530555477633436 0.04157103207236834
34 0.19888945335844813 0.8608956511317983 0.03190201716754665 0.06608430995158021
34 0.30249724300430225 0.8614387128427039 0.031902017167546426 0.06608430995158043
31 0.4053572828615092 0.2217718668907086 0.03137354163386186 0.06649009859496258
34 0.6685900102451585 0.8631486839240826 0.0319020171675467 0.06608430995158021
34 0.7715183195183655 0.8613997138648524 0.03190201716754637 0.06608430995158032
34 0.8875977070988889 0.8617166902515943 0.03190201716754637 0.06608430995158143
27 0.9756565387804613 0.6391623622995022 0.028970923774944923 0.08409947060108303
19 0.7798000884788565 0.976961485210817 0.019171014269150244 0.04394906700344614
