15 0.7026514286198474 0.3484906546677215 0.5738538265997839 0.19689858203505362
17 0.27333464106562044 0.3468081919045147 0.13831062228850466 0.12084312051180623
14 0.28879770539587846 0.8945959698492271 0.06620500610086766 0.11395507337055721
32 0.2989073625610085 0.4304634394778486 0.049156634693601764 0.019279976570106827
14 0.7151323761184925 0.8952648010551056 0.07214170112527107 0.10620366795733938
18 0.21605589750542453 0.592510124490325 0.07734120797180033 0.04547117932996614
18 0.6364750567719607 0.5918622636091173 0.0785158368356833 0.04627692345727852
32 0.7194403013150783 0.4581818758748162 0.04695860222342685 0.01852653245192326
19 0.784795211666218 0.6220067195487454 0.07090780402657182 0.017278966726509415
34 0.3323364683626654 0.5771163445297722 0.11563616201078086 0.025674430059085207
34 0.75309277345389 0.5772394930967732 0.11563616201078086 0.02567443005908565
19 0.36235563524548664 0.6220132741958286 0.06948972851138846 0.017074661864045826
