15 0.6732435071790541 0.8878092264067688 0.5465266047297299 0.2197231013808143
17 0.6768341712415509 0.5804948110789563 0.3362542166385144 0.05332803967244637
17 0.6779134781461171 0.7234279647269527 0.3354213101773649 0.05295780471345579
17 0.6779365276604752 0.07261572233181068 0.3372399239864855 0.0534580915178573
32 0.44452289622463526 0.5902274364031888 0.05161811233108132 0.018797737359842137
32 0.44571364231418786 0.7332195134058346 0.053514961993242516 0.018821601822051837
32 0.44536316828547495 0.08227890770997659 0.051059039273649076 0.019402893674730137
18 0.5803516237331081 0.19572652551391345 0.11669063133445967 0.02620810384655292
32 0.36877625263936153 0.8942375240085141 0.05142364548141937 0.017979996366278894
19 0.5067514827913819 0.24672058227133659 0.04482930215371622 0.02433019784312751
34 0.03861068533989497 0.095077153704476 0.07126389100183932 0.04427597233137037
31 0.7284135813800197 0.23783390337340682 0.07170148470105431 0.04354251500845785
34 0.03676668949808388 0.6031676969432392 0.07126389100183932 0.044275972331370816
34 0.03865274099438883 0.7460191959428478 0.07126389100183932 0.04427597233137037
34 0.03831092051247 0.9071227313639895 0.07126389100184054 0.04427597233137037
