15 0.30310870327858275 0.720532265701828 0.1046369466987842 0.4619931955617623
14 0.6066087011567188 0.13949284719187055 0.06096574564310653 0.04724315381883726
17 0.31466854983752474 0.15198724920099593 0.06450435062888016 0.1114308487898823
14 0.6066542404517513 0.7137839466441763 0.060818131745782766 0.04723909903572987
32 0.3591600616755043 0.13215623224431822 0.01055073234609405 0.039904040441979816
18 0.4451825343337757 0.19969503805520372 0.024425319896210662 0.06141747961511146
18 0.44498702924938616 0.7727220046250138 0.024355512601849316 0.061187319113991445
19 0.46095753625355673 0.079805435287368 0.009079284143817867 0.05764317942799402
32 0.3617605718321595 0.7062292777108148 0.009959388539510838 0.03901894795877947
19 0.46090297313518525 0.6543327240630463 0.008842126269076545 0.057503767789827354
34 0.4371199915467613 0.678979514875047 0.013640786172105734 0.09319627742477332
27 0.39131315733247846 0.4222531015252386 0.017427827166401566 0.08606723122899507
34 0.43723072799267343 0.10478830542904966 0.013640786172105845 0.09319627742477332
