15 0.7014061470232864 0.29040766180945754 0.35538636862917394 0.49540564431179845
17 0.7044428592514294 0.6610350757841741 0.2181122755107644 0.11940299040262303
32 0.5526774544870212 0.9613598624916869 0.03356538060193337 0.04238291344803358
32 0.5534517533501749 0.6389582506729872 0.034798832930579504 0.0424367202130157
18 0.26097030254558184 0.7104835791198489 0.08207188255162595 0.06676834620786509
18 0.26213964019936103 0.34753745098900024 0.08352618697825132 0.06778239846676026
32 0.5034221677971245 0.2759138971793052 0.03343892588422698 0.04053916783707823
19 0.20773128123627155 0.21949327232560578 0.03118716841498273 0.06121441508660985
19 0.2072210549621062 0.9049917164091759 0.030818414295913865 0.059990196336610624
34 0.28752842726588934 0.932183694532472 0.046340315765695195 0.09982822226024435
34 0.28875485794011224 0.6100990413573244 0.046340315765695195 0.09982822226024346
34 0.2885325845160174 0.24686185662501253 0.046340315765695916 0.09982822226024346
19 0.20771945061666783 0.5841836182618552 0.030818414295913865 0.05999019633661051
