15 0.480192611958661 0.44544291435917716 0.41660884104330764 0.2559681566455696
17 0.16851538508858432 0.4432557127670085 0.1004113336614184 0.1570960566653481
32 0.18708077817421248 0.5520075346123423 0.035686942667323474 0.025063969541138875
18 0.12693191929133968 0.7626682251285619 0.05614849901574803 0.059112533128955924
18 0.4321496081446833 0.7618260059829919 0.05700126107283465 0.06016000049446202
32 0.4923810691437025 0.5880415019284002 0.03409120570866109 0.024084492187500195
19 0.5398277048474434 0.8010137987045083 0.05147794906496006 0.02246265674446224
34 0.21134978254360434 0.7426563111798432 0.08395003257790551 0.033376759076810814
34 0.5168122339562888 0.7428164043169444 0.08395003257790556 0.03337675907681148
27 0.7485387028380328 0.6304123829841789 0.07623687185501249 0.04247555540485082
19 0.23314322495774706 0.8010223197457165 0.05044844857283476 0.02219706042325953
