15 0.13517013126407673 0.36793619791666665 0.11916514146959467 0.6419518849206349
17 0.30183975110853006 0.3637185925099244 0.02892205394847991 0.39496527033730267
17 0.22432104976069783 0.36245083519344967 0.028721259853603853 0.393986935763889
17 0.7944750792687219 0.3641186873759918 0.028939259044200583 0.3951348102678577
17 0.65542941274282 0.3618481851438511 0.028448220896677978 0.39123508060515855
17 0.5772840857263514 0.3624237611607116 0.028992586570945944 0.3961230853174591
32 0.29656133629304554 0.6365921536409046 0.010194808910472974 0.060630798611111425
32 0.7894114451365428 0.6357063640873029 0.009948840442004503 0.0620310912698403
32 0.2190106783150339 0.6351934995039697 0.010207751618806493 0.06285884424603094
32 0.6501082174655113 0.6345100750248036 0.009783990533502207 0.061570380704365046
32 0.5720433311338686 0.6356051674107119 0.010523010803772492 0.059974109623016414
18 0.5105158843609225 0.47704729910714283 0.014213764428490872 0.13706518601190476
32 0.13168379328547236 0.7255644016617022 0.009751313344594448 0.06040237723214348
19 0.4828596481735634 0.5634982583085355 0.013195296487894304 0.05265664062499997
32 0.867556113281251 0.19641517547122656 0.009860304405968412 0.06311029141865054
31 0.4876792704227109 0.3031332536171198 0.023614949581163613 0.08422079155361939
27 0.058413479143175295 0.8318278811349249 0.021806492625195073 0.10652599609470526
