7 0.7993086683732005 0.5309564941320377 0.08909198926462125 0.22512017539909485
2 0.42299012476570974 0.11455398329237781 0.027152129331719177 0.138736467492312
2 0.31785289359322716 0.11990557381119471 0.027335401317624464 0.12575830819404993
3 0.8071059121961767 0.15031568435606274 0.027464364351880155 0.18736854850321694
23 0.13956405202504157 0.40851841095184693 0.02779759445540997 0.09902256041729324
11 0.8426927308545884 0.06882569329560295 0.02470425494336881 0.11245613652417069
36 0.7636924079487768 0.8713498930410264 0.024222220700571562 0.20669153194062784
22 0.13964605916409634 0.6853504463448143 0.02741356610483403 0.09814539685717594
4 0.24876174941232093 0.1627356252063882 0.024596708752744223 0.04587256251149979
11 0.033035419741421046 0.06797114126608801 0.024717383223836653 0.11336627520530124
8 0.36863970484126574 0.9653559162224099 0.016536694850153966 0.03455629634087931
