20 0.11657609756908283 0.48890016603246744 0.10298062353988935 0.2832992317935874
7 0.8949229655628803 0.2167414742364291 0.06095335913776567 0.27656365298052865
16 0.13550485908417653 0.2269686857077411 0.06507481360475631 0.0701646385625887
24 0.845521759690177 0.898807511696893 0.016030447428942107 0.10155881353117113
23 0.4435507280429153 0.06632437595451512 0.01901805955835134 0.1216507627001513
22 0.05825840340734645 0.6954095923593733 0.01888943773850138 0.11745938031984249
36 0.87055567136827 0.6349200834429798 0.01657192447562128 0.2539237765442479
22 0.4436068342163201 0.4064168569353286 0.018755321929918578 0.12057315356086651
19 0.016775856066033268 0.3032678729936378 0.007775976518464178 0.06542482464423127
24 0.009216596376107722 0.8661790233846509 0.015562775255700823 0.10033334645601943
14 0.20115994160819894 0.6900317751321068 0.012517012154810603 0.21271601115464644
8 0.600275599168564 0.7504079517654216 0.011313779257517864 0.042452949996900635
