20 0.14099064386546367 0.11168003967850965 0.23060287230257037 0.10575598786224105
7 0.3625252228790911 0.9110036317742676 0.2251201753990949 0.06259607378119492
1 0.6785049191725394 0.33487977398635177 0.19895827008367584 0.06004799281627371
2 0.7789277337187509 0.6466020451072552 0.13873646749231194 0.01907709890635223
2 0.7735761431999341 0.5727325767751941 0.12575830819404987 0.019205865890302598
31 0.692627638281395 0.22505772995893786 0.08765884875156416 0.013166348998605915
16 0.3542003702983095 0.1311189380287619 0.057113346492917993 0.06682860290757942
3 0.743166032655066 0.9164819789709308 0.18736854850321694 0.019296475379146028
23 0.48496330605928173 0.4474667523920624 0.09902256041729318 0.019530603007441694
11 0.8246560237155258 0.94148529458625 0.11245613652417075 0.01735722120370975
22 0.20813127066631443 0.4475243706467363 0.09814539685717594 0.01926078450675328
4 0.7307460918047406 0.5241891062064817 0.04587256251149974 0.01728165919932767
11 0.8255105757450407 0.3726196849814429 0.11336627520530129 0.01736644513977359
14 0.6819645988776699 0.1359964615075907 0.04447998950085141 0.05712768543172131
19 0.2920935596617766 0.009190146276796374 0.05325518317622635 0.007985541843075206
