7 0.09176426377106811 0.7612214270601865 0.0638643010358067 0.2363949755025554
1 0.6795606743940501 0.4294163703513734 0.06126459469677714 0.2089227911229251
2 0.3615227566802486 0.3239640325390745 0.01946361031690047 0.14568487154034093
2 0.4368888567874889 0.3295836492942261 0.019594986183304408 0.13205672095835957
31 0.7916077670703554 0.41458633642905274 0.013433105707694848 0.09204910828837037
16 0.8874498051467288 0.7699632171658821 0.06818258328486759 0.05997378120875696
3 0.08617492256463166 0.36151680377289397 0.019687431464975327 0.1967526160409407
23 0.5646926284084843 0.6326512195137091 0.019926302634220572 0.10398195409428623
11 0.06066502747230175 0.27594551098987363 0.017708887045753047 0.11808833034007243
22 0.5646338427796203 0.9233479645256899 0.01965101747794662 0.103060859137168
4 0.4864158419552779 0.3745587783886781 0.017631794117982602 0.048170019732443004
11 0.641056134232633 0.2750481600273278 0.017718297863300148 0.11904405192676878
14 0.8825040533588051 0.09182127004115392 0.058285120447704286 0.04670770182977517
14 0.8824734606422796 0.4257834178730311 0.058285120447704175 0.046707701829775516
