28 0.46361990721996044 0.0736030370660663 0.03545845072375731 0.14264339308464857
24 0.9161144906180504 0.47950610062139604 0.012935396397581345 0.07959267166032069
2 0.7867197007597002 0.49612450510263095 0.0139610535353758 0.08681210172023479
4 0.7902520844333567 0.6077269797861145 0.00697108079514519 0.1208666851829513
29 0.7387706336454121 0.501080339427085 0.014778691285707968 0.1260540965641932
24 0.6437121086578225 0.47949774641283516 0.012935396397581345 0.0795926716603208
2 0.5436409248929815 0.4961245051026322 0.013961053535375578 0.08681210172023457
4 0.547173308566638 0.6077269797861147 0.006971080795145301 0.12086668518295152
29 0.4956918577786931 0.5010803394270855 0.014778691285708079 0.1260540965641932
24 0.40063333279110364 0.4794977464128357 0.012935396397581456 0.0795926716603208
2 0.30915637206552404 0.49597203783289606 0.013961053535375578 0.08681210172023446
4 0.31268875573918026 0.6075745125163795 0.00697108079514519 0.12086668518295118
29 0.26120730495123573 0.500927872157349 0.014778691285708079 0.1260540965641932
24 0.16762365325584194 0.47934527914309977 0.012935396397581345 0.0795926716603208
28 0.22892675575561394 0.0733854660383064 0.03545845072375742 0.14264339308464868
