28 0.44076482685956603 0.16529834294617043 0.038262687526655736 0.16014098263636545
24 0.9290450110940439 0.6209921822976208 0.013958394128666063 0.08935603938398684
2 0.7894170152039091 0.6396491110618872 0.015065165512408774 0.09746105286458351
4 0.7932287579611533 0.7649414893065445 0.007522389747530722 0.1356929985653933
29 0.7376758890480666 0.6452128610634741 0.015947466264765175 0.14151673240940088
24 0.6350996465979699 0.6209828033061429 0.013958394128665952 0.08935603938398684
2 0.5271143185122391 0.6396491110618884 0.015065165512408552 0.09746105286458318
4 0.5309260612694832 0.7649414893065449 0.007522389747530722 0.13569299856539352
29 0.4753731923563964 0.6452128610634746 0.015947466264765175 0.14151673240940088
24 0.3727969499062997 0.6209828033061435 0.013958394128665952 0.08935603938398673
2 0.2740855202558809 0.6394779411403979 0.015065165512408663 0.09746105286458318
4 0.2778972630131246 0.7647703193850555 0.007522389747530611 0.1356929985653933
29 0.22234439410003837 0.6450416911419838 0.015947466264765175 0.14151673240940088
24 0.12135966551388172 0.6208116333846533 0.013958394128665952 0.08935603938398673
28 0.1875109329123682 0.16505408320567197 0.03826268752665585 0.16014098263636561
