12 0.6429465560126442 0.39854984404078814 0.04986649496855655 0.23464678895831537
28 0.38291640728520954 0.48223848369932365 0.0519473599080561 0.14196895623791272
2 0.8562642529648283 0.9027622142983632 0.02045323069380156 0.08640164261044636
29 0.7860178830360769 0.9076946167820397 0.021651086821860233 0.12545809610762493
24 0.64675518799253 0.8862140691248312 0.01895062188287655 0.0792163469716195
2 0.5001488446991829 0.9027622142983645 0.020453230693801228 0.08640164261044614
29 0.4299024747704312 0.9076946167820401 0.021651086821860233 0.12545809610762493
24 0.2906397797268843 0.8862140691248317 0.01895062188287644 0.0792163469716195
2 0.15662415002191982 0.9026104679140643 0.02045323069380134 0.08640164261044614
29 0.08637778009316843 0.9075428703977397 0.021651086821860455 0.12545809610762493
28 0.03908611131275136 0.48202194137618676 0.0519473599080561 0.14196895623791284
36 0.7126141014109528 0.17279054187174583 0.040453380831250385 0.0824615930465431
24 0.7063612266856923 0.04600584256268559 0.02794763138072942 0.08314877298859764
