28 0.6856790104919318 0.03122221844409034 0.23027411780138296 0.022062038386714562
13 0.4172083190154228 0.22693938138973968 0.2088016421806672 0.04411118243172654
2 0.16600686255237845 0.0965717915680412 0.09066581367252237 0.013426853352027451
23 0.404930813071666 0.17385716189972716 0.08473805473111434 0.012440763810175448
2 0.16313772582814984 0.3868274685484757 0.08606984796494 0.02342397052893691
4 0.14615818245259454 0.36117305920883747 0.051628493103992756 0.01630100657040473
4 0.14306687172976015 0.11383286498528813 0.045271562842104596 0.01869392889861228
29 0.4773974874604269 0.09733828908846547 0.09597571322526122 0.019496243443616945
2 0.18272896809694988 0.2115317344137263 0.12581546789825154 0.013775660506278264
2 0.18094291148442937 0.24995618247572354 0.1209511290139933 0.01640653013080351
29 0.47716462478586275 0.35471048751764234 0.09641032022854512 0.01937523836393973
2 0.1800217705211775 0.5340624513546793 0.11686050002770038 0.013044831039671356
