28 0.8171051741346003 0.6464160343885406 0.14647041094789526 0.044490641792449215
24 0.4003120283863225 0.07865929341227638 0.08172808480242688 0.016230378818625074
2 0.38324776427266427 0.24101430689683243 0.0891412068883386 0.017517297547110344
4 0.2686510768537705 0.23658213308522102 0.12410944990737194 0.008746796665744572
29 0.3781589685395054 0.3011772504468332 0.1294360357403056 0.018543208931378563
24 0.4003206067321862 0.4204496579608995 0.08172808480242699 0.016230378818625102
2 0.38324776427266305 0.5460115790192516 0.08914120688833838 0.01751729754711029
4 0.26865107685376993 0.5415794052076404 0.12410944990737216 0.008746796665744738
29 0.3781589685395049 0.6061745225692525 0.1294360357403057 0.018543208931378508
24 0.4003206067321858 0.725446930083319 0.08172808480242699 0.016230378818625102
2 0.38340432212768477 0.8402254556204447 0.08914120688833826 0.01751729754711029
4 0.26880763470879093 0.8357932818088338 0.12410944990737194 0.008746796665744516
29 0.3783155263945269 0.9003883991704457 0.1294360357403057 0.01854320893137862
28 0.8173285824338367 0.9408916451332956 0.14647041094789537 0.044490641792449215
