13 0.34894985935161904 0.08670932863802067 0.22912233459110667 0.10084202109225882
2 0.0697796242012827 0.03898174396354809 0.08961873898029574 0.05359895560921257
24 0.6860256158206404 0.14023099158245028 0.13143660552312275 0.0293784379161125
13 0.349308197896057 0.48435417104021306 0.22809309825170632 0.10342001600272166
2 0.0748979112163187 0.7900049716385451 0.0990425464574837 0.03147966823791448
23 0.3358963571640162 0.6088070577342821 0.09256711413561941 0.02916775115529502
2 0.07176369120778636 0.10949166178433117 0.09402195348343989 0.054918215141917304
4 0.05321538567253303 0.16963920891826267 0.05639851692338335 0.038218208341637805
4 0.04983846471987361 0.7495358572184361 0.049454261582950396 0.04382848790871885
29 0.415058322121306 0.7882078947646478 0.1048430345558568 0.045709538891925416
2 0.0931649939035951 0.5204778704964654 0.13743972308450306 0.03229745727656275
2 0.0912139211910056 0.43039057710735523 0.1321259615859383 0.038465611555596024
29 0.41480394496050954 0.1847909058548977 0.105317795467052 0.04542583878263884
28 0.6440630877916951 0.9432426518500198 0.2515494439025977 0.051725123590557365
