28 0.9195950048739034 0.3734597370153488 0.025685572493001296 0.2547803541912549
13 0.6917326791518942 0.6705016213462386 0.05135613283967477 0.23102273437604093
2 0.8435122255567972 0.948436443818194 0.01563211925757857 0.10031465255877248
23 0.7535332785752534 0.6840857242528173 0.014484071467620874 0.0937560495465356
2 0.5055841020577627 0.9516109198635333 0.027271192378000908 0.09522957490432815
4 0.5354520670802158 0.9703974605157532 0.0189783318582728 0.05712290154441768
4 0.8234161426475816 0.9738177547650544 0.021764274791284288 0.050089453933557904
29 0.8426198362280569 0.6039070001125919 0.022698363838120406 0.10618964233914208
2 0.7096709234071159 0.9299347380505307 0.016038215525273514 0.13920500393145996
2 0.6649355309243287 0.9319108704126405 0.019101186918754065 0.13382299228520722
29 0.5429760705632923 0.6041646445029812 0.022557484528076932 0.10667050109690401
2 0.33416681240913726 0.9329300410563852 0.015187352476469407 0.1292970303058777
