12 0.7724102018108878 0.283022423790791 0.044520087191366575 0.21028727061306648
28 0.5402590369650518 0.3580230478915549 0.04637785338484757 0.1272306535776208
2 0.9628571637191001 0.734890713237728 0.018260349246670526 0.07743198055978562
4 0.9674773422314713 0.8344344459532926 0.009117819770804503 0.10780693741953906
29 0.9001422182215877 0.7393110654635653 0.019329777914105728 0.11243384460492656
24 0.7758104934883209 0.7200604899148382 0.016918841781205396 0.07099261603600648
2 0.6449224655580881 0.7348907132377291 0.018260349246670415 0.0774319805597854
4 0.6495426440704591 0.8344344459532931 0.009117819770804614 0.1078069374195394
29 0.5822075200605753 0.7393110654635657 0.019329777914105728 0.11243384460492656
24 0.4578757953273085 0.7200604899148386 0.016918841781205396 0.07099261603600637
2 0.338228574819169 0.7347547201856974 0.018260349246670415 0.0774319805597854
4 0.3428487533315396 0.8342984529012623 0.009117819770804503 0.10780693741953917
29 0.27551362932165635 0.7391750724115338 0.01932977791410595 0.11243384460492656
24 0.15311096397791485 0.7199244968628071 0.016918841781205285 0.07099261603600648
28 0.2332923097992599 0.3578289855977267 0.04637785338484768 0.12723065357762098
36 0.8346083811193977 0.08069999832997561 0.03611619471006411 0.07390096156501638
