28 0.9658682360268834 0.6954919607736643 0.031540372105376635 0.22075563280482335
13 0.6860667037064752 0.43811862697344983 0.06306231017813013 0.2001707316930721
2 0.872443058483084 0.19730069653272528 0.019195322911879642 0.0869181011836741
23 0.7619542044689824 0.4263486173008181 0.017785587758034516 0.08123536884397758
2 0.4574872009511813 0.194550156874999 0.03348742005239813 0.08251211180104742
4 0.4941633050596348 0.17827247061830606 0.02330427514949651 0.04949440594866078
4 0.8477662507930912 0.1753089406248734 0.02672524919223873 0.043400242279473894
29 0.8713472568808809 0.4958198488690579 0.0278722555953389 0.09200851363248408
2 0.7080938124610489 0.21333158626782317 0.01969398524059307 0.12061482852566885
2 0.6531613819858616 0.21161935711464375 0.023455133936999495 0.1159515592932241
29 0.5034023387484126 0.49559661167865704 0.027699264089623976 0.09242515595836676
2 0.2469968526326486 0.21073629193047697 0.01864917546742939 0.11203001830954423
