13 0.3931266362039615 0.462240981713253 0.21843787339255782 0.05716679027739868
23 0.4293199316165212 0.3781149504018168 0.08794080243415292 0.017080443000793477
2 0.14546572653550993 0.2793317214488986 0.12387440293069993 0.017924401950836222
2 0.1269747021746253 0.4351844749715231 0.08543962679986744 0.030384954815574128
24 0.7144838340811631 0.4925821197398558 0.12530743738992012 0.01665447579131185
13 0.39346826466083495 0.6876636682508239 0.21745663253012415 0.05862824149373036
2 0.1318543125931052 0.8609354355822025 0.09442398211490675 0.01784565176963815
23 0.3806818465536044 0.7582153291159675 0.08825051295831071 0.01653503861879757
2 0.12886624792175833 0.4751561617830119 0.08963751005675097 0.031132835829963845
4 0.11118288927674995 0.5092534773213393 0.053768534268925056 0.021665693303047573
4 0.10796344132188296 0.8379937159329123 0.04714810430706151 0.024846130108409414
29 0.4561523209170309 0.8599166825301543 0.09995398113097231 0.025912487623791614
2 0.14926956240895423 0.708141995921092 0.1310306168266765 0.018309251903363855
2 0.14740947236171864 0.6570720019636912 0.12596464731509144 0.021805944832054225
29 0.4559098059036292 0.5178428914538751 0.10040660293231896 0.02575165958332215
4 0.11012298064595782 0.31342836579460914 0.05522363161277799 0.021289827794609528
29 0.4557866311044323 0.2668687689599516 0.09957679629651417 0.025923151198945726
28 0.6744781078774019 0.9478050384755239 0.23981915895377193 0.029322689691717252
