12 0.8743267918193738 0.7280124219512536 0.05869358919020318 0.22765043974625543
28 0.5682675282577565 0.6468190857687754 0.06114279746113338 0.13773593690054364
24 0.8788096070030967 0.2548886439454045 0.02230515732845828 0.07685439167200692
2 0.7062518106036617 0.2388339067701648 0.024073749733390937 0.0838254468445383
4 0.7123428781800769 0.1310709667661598 0.01202058669915862 0.11670842766518952
29 0.6235708124444573 0.2340485713330206 0.025483643802216127 0.12171737305854435
24 0.45965659674591 0.25488864394540406 0.02230515732845828 0.07685439167200692
2 0.30191825319620963 0.23898112860630916 0.024073749733391048 0.0838254468445383
4 0.30800932077262416 0.1312181886023031 0.012020586699158398 0.11670842766518918
29 0.2192372550370053 0.23419579316916528 0.025483643802216127 0.12171737305854435
24 0.05786623784670941 0.2550358657815481 0.02230515732845828 0.07685439167200692
28 0.16357427368515376 0.6470291715547546 0.06114279746113338 0.13773593690054375
36 0.9563265050953222 0.9470403687803934 0.04761421706822189 0.08000287582267818
