28 0.13309920834529487 0.9339451470063881 0.24795588041827488 0.04176138281546393
13 0.4221846136316072 0.5634707954500198 0.2248346254195399 0.08349835784364379
2 0.6926747533587783 0.8102444946813574 0.09762765293666253 0.02541578221433849
23 0.43540485663890266 0.6639504904790978 0.09124472679082485 0.023549206600345984
2 0.6957641987957601 0.2608175456265988 0.09267878271939078 0.04433939344907245
4 0.7140475285376526 0.30937895190093484 0.05559282382447783 0.03085628642881899
4 0.7173762077624188 0.7775708911752752 0.04874777213176629 0.035385865411698636
29 0.3573737768952904 0.8087935863012496 0.1033452769193437 0.03690457208172826
11 0.9582329820383952 0.5208939805989652 0.05748337289777827 0.04326795302915354
2 0.6746686289956056 0.5926360354143512 0.13547629846901021 0.026076041653747772
2 0.6765918292408734 0.5199021358143815 0.13023844784899619 0.031056032695442992
29 0.3576245200966512 0.32161199789775907 0.10381325553180842 0.036675520741755285
