28 0.9679310469980378 0.7984316488840828 0.04187787202833826 0.29606672288749236
13 0.596423294182098 0.45325504555714285 0.08373126818630383 0.26845925423228645
2 0.8438853440389065 0.13028174439037143 0.0254866770043366 0.11657033186467164
23 0.6971832673005179 0.4374696807723126 0.023614894763805738 0.1089489275114327
2 0.2929258232991975 0.12659285431636325 0.04446307376552738 0.11066123309777999
4 0.3416226867737408 0.10476201283350642 0.030942356962790574 0.06637949113370495
4 0.8111206007740904 0.10078747047557647 0.03548457075454858 0.05820629508270589
29 0.8424303884945585 0.530641119272148 0.03700751370538724 0.12339734557533588
2 0.6256698876749212 0.151781594376249 0.02614877817161043 0.16176274444060912
2 0.5527331041151189 0.14948523587443693 0.031142660401706546 0.1555085944465628
29 0.3538898556324808 0.5303417244048512 0.0367778234495425 0.12395612600812933
2 0.013446309213781649 0.14830091177882734 0.02476152725940417 0.15024921432132904
