28 0.9358884159907681 0.860961255471439 0.043265755395271666 0.22838041617472682
13 0.5520684465829457 0.5946983821814145 0.08650622376020145 0.2070845234127341
2 0.8077316882937982 0.3455627271695464 0.026331336328687893 0.08992020665218914
23 0.6561677271678261 0.5825218425694318 0.024397520959148156 0.08404119572839142
2 0.23851270216934378 0.34271718531969464 0.04593663384709379 0.0853620367152283
4 0.28882343864088206 0.3258772763468989 0.031967824124381594 0.051203916680440165
4 0.7738810817795718 0.3228113875872457 0.036660572378978795 0.04489926380557413
29 0.8062285137616694 0.6543925739122325 0.03823398750253981 0.09518643926781667
3 0.5867132404794562 0.10520064745637825 0.033828425156568476 0.17492753178651593
11 0.5079578847992161 0.10096962180674116 0.04482659687026136 0.05294521187953266
2 0.5822843075834561 0.3621473153987842 0.027015380330035477 0.12478080122145668
2 0.5069303107356488 0.36037594675182716 0.03217476586170531 0.11995646512407554
29 0.30149715632347085 0.6541616262267685 0.03799668503360509 0.09561747220034977
