13 0.5815961629499128 0.5426729690851138 0.25244616505846484 0.04555548112377916
23 0.5397679832216251 0.4756340149505529 0.10163218484905101 0.013611185706468909
2 0.8678150585547699 0.3969149282207566 0.14316023811751544 0.014283725756931043
2 0.8891849250317204 0.5211119862808091 0.09874160462499648 0.02421338033552367
24 0.21020730552296713 0.566851432384134 0.1448163797380514 0.013271737906850878
13 0.5812013468290949 0.7223094134543531 0.25131215615756863 0.046720092832357896
2 0.883545614787609 0.8603874599503311 0.10912472184537125 0.014220970748723305
23 0.5959784647614033 0.778531126081518 0.10199011377816758 0.013176559957703282
2 0.8869988871323391 0.5529649102457621 0.10359305054462842 0.024809357112749342
4 0.9074353435304625 0.5801366231728028 0.06213968331678166 0.017265112795580295
4 0.9111560229034527 0.842105498144204 0.05448852773211299 0.01979956204747957
29 0.5087580961857068 0.8595756287244187 0.1155156787920818 0.0206493286589593
2 0.863419008713005 0.7386283298235005 0.15143059309909312 0.014590407742447242
2 0.865568693617894 0.6979313074014162 0.14557590977133317 0.01737687743815064
29 0.5090383680275423 0.5869814170029324 0.11603876865830876 0.02052116685861627
4 0.9086602678762283 0.42408610628301924 0.06382132276207286 0.016965590398194674
29 0.5091807197415843 0.38698336141244394 0.115079770570223 0.02065782632507429
28 0.2564414681416852 0.929612731049756 0.277156273521425 0.02336687489830236
