28 0.8423140072318149 0.028118764614168703 0.30185933268311715 0.05449443601509713
13 0.4903839486223912 0.511550813196798 0.2737117179020485 0.10895702230413762
2 0.1610916046067048 0.18953576828331048 0.11885105574898046 0.03316505882415491
23 0.4742897397439448 0.38043484091747487 0.11108053696274334 0.03072936396669468
2 0.15733054059646598 0.9064830938193746 0.11282634418012788 0.05785848255877146
4 0.13507257395416195 0.8431153059586711 0.06767822030806 0.04026437376101788
4 0.1310202688109682 0.23217155942827075 0.059345113899541446 0.0461750221978427
29 0.56928409769269 0.19142905889183576 0.12581164146702717 0.04815678280719177
2 0.18301210383143646 0.47349308627419506 0.16492766770140366 0.034026631486469505
2 0.18067081657632808 0.5684035650625403 0.15855115390312596 0.04052502270058722
29 0.5689788450997288 0.8271524020172618 0.1263813545604624 0.0478578936720907
