28 0.4272602077040637 0.8182276971859654 0.046768370843460305 0.20997506464558413
2 0.8534167558689748 0.1962642774538194 0.018414107660670753 0.12778984204272315
29 0.7901737289846524 0.1889691507034867 0.019492541284887976 0.18555515613120754
24 0.6647950884149656 0.2207393313293579 0.017061304241471453 0.11716263905243018
2 0.532804938322976 0.19626427745381764 0.01841410766067053 0.1277898420427227
29 0.4695619114386536 0.18896915070348602 0.019492541284887976 0.18555515613120754
24 0.3441832708689665 0.22073933132935725 0.017061304241471564 0.11716263905243018
2 0.22352857965934392 0.19648871353968794 0.01841410766067053 0.1277898420427227
29 0.1602855527750215 0.18919358678935683 0.0194925412848882 0.18555515613120743
24 0.036852214937648065 0.22096376741522733 0.017061304241471453 0.11716263905243018
28 0.11770871523711157 0.8185479678247308 0.046768370843460305 0.20997506464558424
