28 0.14894196922510372 0.9675153324901764 0.22110715451311136 0.03982285708795563
13 0.4067251331746816 0.614238066218255 0.200489474896405 0.0796224393761007
2 0.6479265316575092 0.8495567528858037 0.08705650580339319 0.024236004525343913
23 0.4185138849009323 0.7100535844223758 0.08136472452685017 0.022456073667969312
2 0.6506814511554548 0.3256337073017568 0.0826435005141064 0.04228119879294834
4 0.6669850572947221 0.3719409368922709 0.04957321869698661 0.02942396544074377
4 0.6699533062849596 0.8183998285875634 0.043469350945524066 0.03374328545226968
29 0.3489320303524882 0.848173194364189 0.09215502400451037 0.03519149512833242
3 0.8806337680677103 0.6461259799638497 0.16935659128376057 0.03113650803535606
11 0.8847300476775499 0.5736376287143978 0.05125905863496161 0.04125949367103621
2 0.6318701150279287 0.6420494820463111 0.1208068903545314 0.02486561531703546
2 0.6335850706606514 0.5726918244702126 0.1161361955341369 0.029614439665813674
29 0.3491556230161222 0.3836061359263777 0.09257232977358709 0.034973076144989346
2 0.6344695419995701 0.05986870518074461 0.11220841005844484 0.023546439051714607
