13 0.8893158626993741 0.6067551020725201 0.20107397248694903 0.058451116569202544
23 0.8559996177965568 0.6927711340874083 0.0809502775983697 0.017464177366762423
24 0.59350375209381 0.5757323109200077 0.11534659181043516 0.01702864024992845
13 0.8890013907176098 0.37626800170859337 0.20017073169307142 0.05994540118779812
23 0.9007714003902434 0.3041313060262099 0.08123536884397764 0.016906519765999772
29 0.8313001688220018 0.200145099439962 0.09200851363248486 0.02649464535872459
24 0.24867126573907328 0.1956087681074613 0.08053261095855135 0.01672916363903898
29 0.8315234060123986 0.5499040231165571 0.09242515595836676 0.026330204107161137
29 0.8316367894921044 0.8065166056764949 0.09166131169424763 0.026505548504963006
28 0.6303293728759687 0.1102822172751508 0.22075563280482335 0.029981462051241636
