28 0.016200347274630003 0.20297184361877596 0.023736311655587768 0.2377659127298526
13 0.2267703542066685 0.48017702677003443 0.04745875042654529 0.21559484629270942
2 0.08650925559217713 0.7395511333577325 0.014445808230916485 0.09361555761049833
23 0.16965976074745348 0.49285397211949555 0.013384885016323123 0.0874949434980512
2 0.39879224086519793 0.7425136152836056 0.025201599912951067 0.0888700656213336
4 0.37119093563891525 0.7600455753100779 0.017538079005787244 0.053308187228951365
4 0.10508026027270922 0.76323745949821 0.020112598601589968 0.04674443903046077
29 0.08733392209438853 0.4180296490776757 0.020975800258310404 0.09909821074457614
2 0.21019343125460987 0.7222849867081151 0.014821086125727023 0.12990877935384537
2 0.251533884861233 0.7241291513268648 0.017651610678279472 0.12488618286890052
29 0.3642379237245148 0.41827008776391233 0.02084561218444425 0.09954695735926833
2 0.5572007875839673 0.7250802609173459 0.014034794501970649 0.12066246835051941
