13 0.4889797600743261 0.2833934010792628 0.24799123273390378 0.08158716828439894
23 0.4478897246941846 0.16333060517276732 0.09983867570465599 0.024376827362804887
2 0.7701477339920386 0.022349383642748577 0.1406338809742652 0.025581306756315425
2 0.7911404851782196 0.24477895800813904 0.09699910571984949 0.043364729938882074
24 0.12414482366079721 0.32669559667402415 0.14226079656620338 0.023768896460353073
13 0.48859191129681667 0.6051116324583188 0.24687723575478815 0.08367291887049455
2 0.78560069217371 0.8524012348936243 0.10719899145986478 0.02546891625381098
23 0.5031082565597315 0.7058013895675967 0.10019028824090581 0.02359843839114817
2 0.788993024418239 0.3018256580708072 0.10176493788795848 0.04443208904513307
4 0.8090688374681604 0.3504885864488523 0.06104310067001495 0.030920794344697855
4 0.8127238577933917 0.8196593242025116 0.05352696547801694 0.0354598428306776
29 0.41742707095890025 0.850947293255579 0.11347716681339792 0.03698172449723025
2 0.7658292615004225 0.6343378450497535 0.1487582885149915 0.026130556026543017
2 0.767941010789343 0.561451888516822 0.14300692312830965 0.031120958199335913
29 0.41770239682705634 0.362747206757865 0.1139910256819856 0.03675219430428145
4 0.8102721455019419 0.0710113541096582 0.06269506412509507 0.030384367472724882
28 0.16956308929212605 0.9763795949810962 0.2722652804592822 0.04184868884225579
