28 0.4395548394491598 0.07689051762981118 0.055967469985583995 0.14901456200654353
2 0.9495341991837912 0.5182839122784308 0.0220360683774814 0.09068956532064221
4 0.9551096987670395 0.6348711128782982 0.011003124705275646 0.1262651971762344
29 0.8738515926462852 0.5234610990044734 0.0233266243751844 0.1316843043511795
24 0.7238116152777238 0.500914519205468 0.02041717545059618 0.08314767932753103
2 0.5658596783075034 0.5182839122784322 0.022036068377481288 0.09068956532064198
4 0.5714351778907516 0.6348711128782986 0.011003124705275646 0.12626519717623474
29 0.49017707176999703 0.5234610990044739 0.0233266243751844 0.1316843043511794
24 0.3401370944014354 0.5009145192054685 0.02041717545059607 0.08314767932753103
2 0.19575024305062155 0.5181246350562015 0.022036068377481288 0.09068956532064187
4 0.20132574263386926 0.6347118356560689 0.011003124705275535 0.12626519717623452
29 0.1200676365131152 0.523301821782243 0.023326624375184513 0.1316843043511795
28 0.06911615297822832 0.07666322878939702 0.055967469985583995 0.14901456200654367
