28 0.16031159943094433 0.3633516445117676 0.17508124923800888 0.07381993250092178
2 0.6789166666128518 0.1967581808182266 0.10655362922512746 0.029065117301717708
4 0.8158981297083217 0.189404212468392 0.1483524036793662 0.014512893351296685
29 0.6849994836699795 0.29658196966434736 0.1547194596312692 0.030767333904748784
24 0.6585088957428683 0.4944815889367562 0.09769246288336753 0.026929831096719203
2 0.6787295274858578 0.6849248522017055 0.10655362922512734 0.02906511730171768
4 0.8157109905813288 0.6775708838518715 0.14835240367936575 0.014512893351296352
29 0.6848123445429852 0.7847486410478262 0.1547194596312692 0.03076733390474906
24 0.6583217566158746 0.9795777638756634 0.09769246288336741 0.026929831096719203
28 0.1600445516096997 0.8519525914199977 0.17508124923800905 0.07381993250092178
