32 0.14208912253324563 0.2359429146772371 0.017686284772011285 0.06976035894801347
27 0.020331134260557993 0.12470271034631429 0.03630443790979254 0.1111356265647935
17 0.8847680691145632 0.6212442362420463 0.048020135866477354 0.4190041395849491
32 0.8759395811362378 0.33254583571765195 0.016562588778408993 0.06541617077368012
18 0.7735471608768457 0.5024223723146228 0.023371667825886844 0.1451022153625488
19 0.7277251257933541 0.40912024697614346 0.0219924726176991 0.0513442634491455
17 0.42588916330831744 0.6212862880091541 0.048020135866477465 0.4190041395849491
32 0.41706067532999114 0.33258788748475976 0.016562588778409104 0.06541617077368012
17 0.29675055255690114 0.6203818364315755 0.048020135866477465 0.41900413958495064
32 0.2879220645785747 0.3316834359071849 0.016562588778409104 0.06541617077368012
