32 0.30809363275281415 0.866366249327488 0.07848040381651511 0.016633817757534586
18 0.8306560611676955 0.8388192694206431 0.1815543073243291 0.024983339414122452
19 0.945924961014732 0.8874086030015933 0.06288893179221844 0.022885803059239263
34 0.7722453747764905 0.8769144841585684 0.10243204968230146 0.03800686682724819
27 0.4332388626251023 0.9808787211981755 0.1250275798853927 0.03414405070175419
32 0.2003626704762984 0.05328508349190923 0.07359319212039006 0.015576990130173024
18 0.8301984601102766 0.025796449482026723 0.18402681624066775 0.025209967327402175
19 0.947271901666801 0.07439367938702904 0.06035476374042126 0.023097735224333185
34 0.7717160944518668 0.06419123811683032 0.10120038981478485 0.03834633331151646
32 0.19941534658234733 0.17618541445805275 0.07359319212039017 0.015576990130172691
18 0.8292511362163257 0.14869678044817008 0.18402681624066763 0.02520996732740216
19 0.9463245777728502 0.1972940103531721 0.06035476374042126 0.02309773522433317
34 0.7707687705579176 0.18709156908297492 0.10120038981478485 0.03834633331151646
19 0.11326913391654447 0.31557999455139407 0.057762296380288625 0.02068375502690578
32 0.19936803834435118 0.607757572791561 0.07359319212039017 0.015576990130172663
18 0.8292038279783227 0.5802689387816784 0.18402681624066775 0.025209967327402216
19 0.9462772695348505 0.6288661686866808 0.06035476374042126 0.023097735224332783
34 0.7707214623199247 0.6186637274164825 0.10120038981478485 0.03834633331151682
32 0.20038554636912287 0.7292114645721339 0.07359319212039006 0.015576990130172774
18 0.8302213360030969 0.7017228305622525 0.1840268162406693 0.025209967327402216
19 0.9472947775596289 0.7503200604672553 0.06035476374042137 0.02309773522433345
34 0.7717389703447064 0.7401176191970553 0.10120038981478485 0.03834633331151682
