32 0.9286370239171462 0.3645541484358874 0.00802066014561853 0.05647267152934421
18 0.915354146402698 0.7405779064487121 0.012046715772904726 0.1306422528894644
19 0.9387834358800557 0.8235227232698601 0.011035304773287513 0.04525341123672855
24 0.21122506199734675 0.8982090453455649 0.01666754140728069 0.09050456762566139
24 0.32089089661909953 0.7854787196443691 0.01630493962306062 0.08851366789870818
34 0.9337232769920274 0.6985469363471043 0.018326530112611095 0.07370771828991018
27 0.9838537897070359 0.454605742418063 0.0164639189069804 0.08996693579054715
32 0.05030901052096129 0.28600928768476314 0.007511068459865676 0.052955947769169565
18 0.03705426681303 0.7401527659399083 0.012155993480429561 0.1324214127446086
19 0.06048736381867373 0.8234677820863969 0.011137496338382291 0.0434298829031603
34 0.05556784893179084 0.6980702171063322 0.018490217447703516 0.07282144452280814
32 0.11634792468521828 0.28667122306888504 0.0075110684598656 0.052955947769169676
18 0.10309318097728695 0.7408147013240286 0.012155993480429561 0.1324214127446075
19 0.1265262779829308 0.824129717470519 0.011137496338382263 0.0434298829031603
34 0.1216067630960477 0.6987321524904531 0.018490217447703516 0.07282144452280814
18 0.172543952821435 0.799759030210256 0.012155993480429561 0.12685157147476767
19 0.19597704982707997 0.884002353235053 0.011137496338382152 0.0434298829031603
34 0.19122122227528862 0.7586047882549896 0.018490217447703516 0.07282144452280814
18 0.3592452560464605 0.7413459928034221 0.012155993480429395 0.1293737914209694
34 0.37767699449767556 0.69868546578786 0.01799915544242653 0.07278639331977099
19 0.38264885018044736 0.8245337892613089 0.011137496338382402 0.04342988290316041
32 0.4313164226263957 0.2867316363344209 0.0075110684598656 0.052955947769169676
18 0.41806167891846413 0.7408751145895632 0.01215599348042945 0.1324214127446075
19 0.44149477592410835 0.8241901307360548 0.011137496338382291 0.0434298829031603
34 0.43657526103722455 0.6987925657559926 0.018490217447703516 0.07282144452280814
32 0.5365774380162174 0.2870334560041089 0.007511068459865711 0.052955947769169676
18 0.5233226943082859 0.7402486273809398 0.012155993480429395 0.1324214127446075
19 0.5467557913139303 0.8244919504057404 0.011137496338382236 0.0434298829031603
34 0.5418362764270468 0.6981660785473751 0.018490217447703516 0.07282144452280814
32 0.5958387453620294 0.28635178378412307 0.0075110684598656 0.052955947769169676
18 0.5825840016540978 0.7395669551609539 0.012155993480429395 0.1324214127446075
19 0.606017098659742 0.8238102781857546 0.011137496338382347 0.0434298829031603
34 0.6010975837728593 0.6974844063273904 0.018490217447703516 0.07282144452280825
18 0.6422733027026177 0.1488326827294324 0.010598958859035057 0.11746369815063473
19 0.6630534142592803 0.22436297467010619 0.009973499290678256 0.041564403744546286
32 0.8039385130017356 0.2863177418774168 0.0075110684598656 0.052955947769169565
18 0.790683769293804 0.7395329132542428 0.012155993480429395 0.1324214127446075
19 0.8141168662994483 0.8237762362790458 0.011137496338382125 0.0434298829031603
34 0.809197351412565 0.6974503644206865 0.018490217447703627 0.07282144452280814
32 0.8625023618748219 0.28704991696402493 0.0075110684598656 0.052955947769169676
18 0.8492476181668909 0.7402650883408528 0.012155993480429395 0.1324214127446086
19 0.8726807151725353 0.8245084113656589 0.011137496338382458 0.0434298829031603
34 0.8677612002856514 0.698182539507302 0.018490217447703627 0.07282144452280814
