32 0.13334013013317336 0.09132334994729818 0.09882717517635231 0.010974116228120723
18 0.7913817066556167 0.10949739535515335 0.2286239425565626 0.016482690534046496
19 0.9365351360926255 0.07744071408468883 0.0791934696642751 0.015098846603162408
24 0.8699581297480163 0.9228604699688133 0.1548989188227391 0.022308924610613623
34 0.7178275089778028 0.08436418057769535 0.12898850700734266 0.025074927482597875
27 0.2909304196019807 0.015774056682431092 0.1574421376334575 0.022526445002691742
18 0.7927258577763588 0.8703828446151316 0.22640413498669631 0.016632207686219314
34 0.7180699354991251 0.8451639678172598 0.1273761883095993 0.02462700329487244
19 0.9383045015776611 0.838361320511229 0.07600229508053058 0.01523866827525966
18 0.791901820902106 0.7899083887722097 0.23173747230306307 0.016632207686219314
19 0.9377030991584663 0.7578464979233318 0.07600229508053058 0.015238668275259437
34 0.7182573604433573 0.7645775309274077 0.12743752791491425 0.02529888957646087
18 0.790805468287015 0.6458869994843308 0.23173747230306296 0.016632207686219314
19 0.9382312835804161 0.6138251086354529 0.07600229508053047 0.015238668275259548
34 0.7171610078282769 0.620556141639528 0.12743752791491425 0.02529888957646076
18 0.7896125419020397 0.5648038388920467 0.23173747230306307 0.016632207686219314
19 0.9370383571954408 0.532741948043169 0.07600229508053058 0.015238668275259548
34 0.7159680814433037 0.5394729810472431 0.12743752791491425 0.02529888957646076
18 0.7895529685652952 0.2800752759481887 0.23173747230306296 0.016632207686219314
19 0.9369787838587005 0.24801338509931065 0.07600229508053047 0.015238668275259326
34 0.7159085081065718 0.25474441810338566 0.12743752791491425 0.02529888957646098
18 0.7908342749668628 0.19994639969223238 0.23173747230306518 0.016632207686219314
19 0.9382600902602733 0.16788450884335415 0.07600229508053058 0.01523866827525966
34 0.7171898145081488 0.1746155418474301 0.12743752791491436 0.02529888957646098
