32 0.3664589386927882 0.8447435103444925 0.06508131048198812 0.01794733694576789
27 0.26267996757918344 0.9682986644957436 0.10368140770983783 0.03684029677192979
17 0.7259168789331285 0.09110251289112593 0.3909002033932758 0.04872892015970956
32 0.4565823955170777 0.10006131065510931 0.06102850078276251 0.01680705503344096
18 0.6150647741715688 0.2039650581508023 0.13536974969798754 0.023716637092689508
19 0.5280207182155485 0.25046343323552633 0.047900440900727204 0.022317084759657824
17 0.7259561101548815 0.5567545390782755 0.3909002033932757 0.04872892015970953
32 0.4566216267388308 0.56571333684226 0.06102850078276256 0.016807055033441043
17 0.7251123230123845 0.6877992547854324 0.39090020339327713 0.04872892015970953
32 0.4557778395963371 0.6967580525494168 0.06102850078276256 0.016807055033440932
