23 0.9693119736359588 0.18152458891107554 0.016947037492460293 0.13595666009136176
18 0.07199722625802446 0.5550217653235442 0.01036776673955353 0.16406236409374597
23 0.45287922238503825 0.2931546976874566 0.01670066615810384 0.13843549496470098
19 0.05183327346343192 0.4508585069900096 0.009497315944538176 0.05682986527403128
23 0.6237848372491106 0.22781695615053257 0.016557505033884534 0.13594866720307158
24 0.6779919421016306 0.35706638159261284 0.014344588574191075 0.11365689887873748
24 0.5836102189755579 0.4986346975894634 0.014032522548146353 0.1111566992216334
34 0.056188198739759554 0.6078048440557959 0.01577236426381967 0.09256318110825912
27 0.013044368324799216 0.9141495992224988 0.014169344912280724 0.11298173331836148
18 0.8844047752104544 0.5554082808187399 0.01046181442880001 0.1662966578653226
19 0.8642375455422421 0.450780121006872 0.009585265085999106 0.05453985294815478
34 0.8684714283515038 0.6082561328422975 0.01591323851871629 0.09145018614492195
18 0.8278885787745935 0.5555556627066932 0.01046181442880001 0.16629665786532244
19 0.8077213491063813 0.45092750289482375 0.009585265085999217 0.05453985294815483
34 0.811955231915643 0.6084035147302538 0.015913238518716177 0.09145018614492184
18 0.7710534985174187 0.5547243950150073 0.01046181442880001 0.1662966578653211
19 0.7508862688492063 0.45009623520313563 0.009585265085999106 0.05453985294815478
34 0.7551201516584682 0.6075722470385672 0.015913238518716177 0.09145018614492184
18 0.7112820706912885 0.4807012843206751 0.01046181442880001 0.15930197347994068
19 0.6911148410230751 0.3749073437779068 0.009585265085999106 0.05453985294815483
34 0.6952078495774411 0.5323833556133354 0.015913238518716177 0.09145018614492195
18 0.5506013010692965 0.5540571917618156 0.010461814428799898 0.16246941248214752
34 0.5347383913377939 0.607630876851126 0.015490615754026993 0.09140616835506121
19 0.5304594624617893 0.4495887962100505 0.009585265085999217 0.05453985294815478
18 0.49998211453852304 0.5546485271931731 0.010461814428799787 0.16629665786532094
19 0.4798148848703103 0.4500203673812999 0.009585265085999106 0.05453985294815478
34 0.48404876767957283 0.607496379216727 0.015913238518716177 0.09145018614492195
18 0.4093913116256817 0.5554352785714444 0.010461814428799898 0.1662966578653211
19 0.3892240819574691 0.44964133802867146 0.009585265085999217 0.05453985294815483
34 0.3934579647667312 0.6082831305949907 0.015913238518716177 0.09145018614492184
18 0.3583892441058118 0.556291332057008 0.010461814428799898 0.16629665786532094
19 0.3382220144375994 0.4504973915142351 0.009585265085999217 0.05453985294815478
34 0.34245589724686076 0.6091391840805529 0.015913238518716177 0.09145018614492184
23 0.2551298568203564 0.18073359916403609 0.016947037492460293 0.1359566600913633
18 0.17929231095690773 0.5563340823584593 0.010461814428799898 0.16629665786532088
19 0.15912508128869501 0.45054014181568336 0.009585265085998995 0.05453985294815483
34 0.16335896409795708 0.609181934381995 0.01591323851871629 0.09145018614492195
18 0.12889049722338547 0.5554146066682979 0.010461814428799898 0.1662966578653226
19 0.10872326755517264 0.4496206661255181 0.009585265085999217 0.05453985294815483
34 0.11295715036443504 0.6082624586918268 0.01591323851871629 0.09145018614492184
