17 0.7084689897749419 0.29661289071672275 0.2907375662426178 0.037730106752232095
32 0.5073519590255933 0.30326595984255267 0.04539081237357401 0.013013462611607185
18 0.6234251655372798 0.560480010657197 0.1006831698434002 0.018363453291768028
18 0.11808612052118356 0.28030116960115303 0.11350406806680635 0.02106112699009266
18 0.11826782082824894 0.08712586154429569 0.11126171983800659 0.02090348588663349
32 0.4969610265426089 0.10945294699937214 0.04374273733753675 0.013296213283699343
19 0.5602762985223749 0.5964830382227977 0.03562663178104075 0.017846999913906147
19 0.046673249538480566 0.3206170839560729 0.03722561391699453 0.019296507941700014
19 0.046818354684840524 0.1270944928772857 0.039012425782484206 0.01961734108373614
27 0.3604661283051956 0.20535096255016266 0.07606583851924575 0.02897328947555422
34 0.1547491251704105 0.11883402605539534 0.0634779954292446 0.032035622457963986
34 0.15415687666425032 0.31237727302062834 0.062418381019549884 0.0320356224579641
31 0.7529382108315832 0.5901955697280212 0.0645402971249196 0.031080941537911633
17 0.7085292026301911 0.48276584476579054 0.2907375662426188 0.037730106752232206
32 0.5074121718808431 0.4894189138916203 0.04539081237357401 0.013013462611607185
18 0.11814633337643327 0.466454123650221 0.11350406806680635 0.02106112699009266
19 0.04673346239373133 0.5067700380051406 0.03722561391699464 0.019296507941700014
34 0.15421708951949897 0.4985302270696964 0.062418381019549773 0.0320356224579641
17 0.7079043942570256 0.8578806793633243 0.2907375662426188 0.037730106752232206
32 0.5075830551176546 0.8648173484891529 0.04539081237357401 0.013013462611607185
18 0.11831721661324418 0.8418525582477541 0.11350406806680746 0.02106112699009277
19 0.046904345630540745 0.8824520726026749 0.03722561391699453 0.019296507941700014
34 0.1543879727563074 0.8739286616672299 0.062418381019549884 0.03203562245796421
17 0.7080049882440412 0.9716558565310596 0.2907375662426188 0.037730106752232095
32 0.5076836491046701 0.9785925256568884 0.0453908123735739 0.013013462611607296
18 0.11841781060025997 0.9556277354154896 0.11350406806680746 0.02106112699009277
