32 0.19995108717435928 0.14847193392872704 0.013171520861950503 0.044188406747784015
18 0.17670737235512884 0.5274260945919604 0.021316930151915714 0.11049733778689097
23 0.5720728264201951 0.7756315645425303 0.03453118165756952 0.09033764831677682
19 0.49672950658756265 0.09694956369013824 0.018063765095046813 0.03468287994578134
23 0.27275924052938616 0.727338339256238 0.03431259833670275 0.09067695140038678
19 0.21751295368601947 0.5969472338930024 0.0195308784835021 0.03623950493906092
19 0.021639885792510083 0.5968059725915791 0.01985560838434841 0.03797898403990185
27 0.10084683890270946 0.29146674926580296 0.029325191776876758 0.0740508494193981
34 0.2091730640752455 0.4923108551679153 0.03242471908700817 0.06076491397267447
32 0.38836500827665443 0.14841331611600045 0.013171520861950503 0.044188406747783904
18 0.3651212934574244 0.5273674767792338 0.021316930151915603 0.11049733778689097
19 0.4059268747883147 0.5968886160802748 0.01953087848350199 0.03623950493906092
34 0.3975869851775412 0.49225223735518964 0.03242471908700817 0.06076491397267425
32 0.7683229380312422 0.148246959587449 0.013171520861950614 0.044188406747783904
18 0.7450792232120125 0.5272011202506828 0.021316930151915825 0.11049733778689197
19 0.7861718490773171 0.5967222595517252 0.0195308784835021 0.03623950493906092
34 0.7775449149321296 0.4920858808266412 0.03242471908700828 0.06076491397267447
32 0.8834799999419055 0.1481490303418112 0.013171520861950725 0.044188406747783904
18 0.8602362851226761 0.527103191005045 0.021316930151915714 0.11049733778689197
19 0.9013289109879807 0.5966243303060884 0.0195308784835021 0.03623950493906092
34 0.8927019768427934 0.4919879515810013 0.03242471908700817 0.06076491397267425
18 0.9760431027895512 0.5276555344381517 0.021316930151915825 0.11049733778689108
