18 0.6108166704828762 0.6284988569748511 0.13832709129472698 0.05734009768202042
19 0.522992746789896 0.7400178612061685 0.04791537660359502 0.0525259718565273
34 0.6553200505904611 0.7159324581472952 0.07804346642461069 0.08723083092847228
27 0.9136107265153282 0.9545442549320765 0.09525910848410868 0.07836515247404208
18 0.6119231338652555 0.035091347721842636 0.14021090761193733 0.057860238983770795
19 0.5227243212507582 0.14662847507052967 0.045984581897463794 0.053012384455219275
34 0.6564811267478445 0.12321251096216218 0.07710505890650277 0.08800995180759419
18 0.6111478896559037 0.31384423592152766 0.14021090761193855 0.057860238983770795
19 0.5219490770414033 0.42538136327021536 0.045984581897463794 0.05301238445522061
34 0.6557058825384869 0.4019653991618443 0.07710505890650277 0.08800995180759419
