14 0.663506518796412 0.12337824302509852 0.046259445905528884 0.1183302905701755
32 0.6710024034930484 0.5762168926815152 0.040129771553655935 0.020805721089758422
18 0.6045441780412214 0.43768182393994814 0.060273337002387795 0.04813135632769738
19 0.7217679498157249 0.4071232072163673 0.0552129440142044 0.016672309403005292
34 0.6964504551812329 0.453166918187909 0.09169313416078684 0.027155475159440556
27 0.9472684659929583 0.5430399896354505 0.08237393090093192 0.03314571318599102
32 0.04709830267535022 0.6050408319398991 0.037580131304146044 0.01951008602022042
14 0.039510671680852705 0.12349918119871951 0.04773890763588065 0.11814715179490978
19 0.09802366108898908 0.4070298076866673 0.05572423910556873 0.016000483174848534
34 0.07340985063184376 0.453570918371326 0.09251211105847779 0.026828953245245146
17 0.3200791918057111 0.6908741149591249 0.10895657890496113 0.12496614689375718
32 0.3401108270700656 0.6047710832237803 0.03758013130414606 0.01951008602022042
14 0.33252319607556957 0.12322943248259935 0.04773890763588068 0.11814715179490975
18 0.2737933635016718 0.4377970727165279 0.0608200861925115 0.048786836274329504
19 0.3910361854837082 0.4067600589705468 0.05572423910557023 0.016000483174848534
34 0.36642237502655917 0.4533011696552045 0.09251211105847779 0.02682895324524509
