18 0.1095010496420604 0.7147624818079346 0.018901011401365297 0.10905292814261791
23 0.4600584189130858 0.4698015278044308 0.030617647736378317 0.08915676402505424
23 0.19466703942323527 0.5174634691000527 0.03042383719187644 0.0894916317742378
19 0.14568199842211677 0.6461501155696513 0.017317378922038523 0.03576578592024959
24 0.9863766092184387 0.5849171696282711 0.02591589002403849 0.07453317333877996
27 0.04223804331424853 0.9476373912474755 0.026001670042164086 0.0730828644596675
34 0.1382872963005638 0.7494186984944105 0.028749917590480595 0.059970601371724386
18 0.2765613930194291 0.7148203333747432 0.018901011401365242 0.10905292814261791
19 0.31274234179948524 0.6462079671364609 0.017317378922038495 0.035765785920249704
34 0.30534763967793277 0.7494765500612179 0.028749917590480567 0.059970601371724386
18 0.6134574240684971 0.7149845153081497 0.018901011401365353 0.10905292814261891
19 0.6498928856690672 0.646372149069866 0.01731737892203844 0.03576578592024959
34 0.6422436707270012 0.7496407319946221 0.028749917590480623 0.059970601371724386
18 0.7155633522959524 0.7150811644329296 0.018901011401365353 0.1090529281426188
19 0.7519988138965223 0.6464687981946449 0.01731737892203855 0.035765785920249704
34 0.7443495989544564 0.7497373811194039 0.02874991759048051 0.059970601371724386
18 0.818245397293915 0.7145360411754187 0.018901011401365353 0.10905292814261791
19 0.8546808588944852 0.6459236749371324 0.01731737892203855 0.035765785920249704
34 0.8470316439524188 0.7491922578618926 0.028749917590480623 0.059970601371724386
18 0.9262324435664568 0.6659936526808785 0.018901011401365353 0.10446600003804396
19 0.962667905167029 0.5966167984251634 0.01731737892203833 0.035765785920249704
34 0.9552732030454745 0.6998853813499215 0.02874991759048051 0.059970601371724386
