18 0.6115910896694666 0.8085551089045189 0.22549210772702066 0.02905779015389587
19 0.7547561159635028 0.8650687172540408 0.07810862761407944 0.02661817348656148
34 0.5390444837406638 0.8528631470483907 0.12722154115792705 0.044205281862718215
27 0.11799529969875722 0.973782569921824 0.15528539602204017 0.039712491746988654
19 0.7552524436265535 0.06240560313153348 0.0749611677506602 0.02686466897213613
34 0.5372105278162265 0.05053927923572741 0.12569180835443605 0.04460011082055455
18 0.609787402785862 0.5078386543347763 0.2285629863811034 0.029321378068943416
19 0.7551936863629193 0.564361446793896 0.0749611677506603 0.026864668972135797
34 0.5371517705526005 0.5524951228980886 0.12569180835443605 0.04460011082055493
18 0.6110511570449423 0.6491000622768601 0.2285629863811054 0.029321378068943527
19 0.7564574406220048 0.7056228547359802 0.0749611677506602 0.026864668972136463
34 0.5384155248116902 0.693756530840171 0.12569180835443605 0.04460011082055493
