32 0.7353166577533767 0.28553260221085536 0.06520308878418923 0.029196871243990397
18 0.9020537394200012 0.8626154085257625 0.1446295697099006 0.0412000554623001
18 0.17614325455974572 0.23400903436156123 0.16304656031746456 0.047252528503413216
19 0.8113415232845842 0.943391431910123 0.051177018291332144 0.04004134596068698
19 0.07355994477677505 0.3244614063117021 0.053473927483370036 0.04329344730509632
27 0.524317793428636 0.06585151854203158 0.10926721428986103 0.06500417510541023
34 0.22795824954050287 0.30597465100781984 0.0896628860899723 0.07187479397620156
32 0.735403152441211 0.7031834606542764 0.06520308878418923 0.029196871243990397
18 0.17622974924758 0.651659892804983 0.16304656031746456 0.047252528503413105
19 0.07364643946461082 0.7421122647551233 0.053473927483370015 0.04329344730509632
34 0.22804474422833568 0.723625509451242 0.08966288608997225 0.07187479397620145
