32 0.055063043479663676 0.5183262141555933 0.006889133586831631 0.08147583907668743
27 0.007636065044834883 0.6482479795191902 0.014141247061179807 0.12979962491918628
32 0.8658837507490036 0.4051750866149403 0.006451433306037591 0.07640209258300046
32 0.8094796260907777 0.40500576620168094 0.0064514333060374796 0.07640209258300046
32 0.7527572499587587 0.4059607722138876 0.0064514333060374796 0.07640209258300046
32 0.48222340130220065 0.40604793333744693 0.0064514333060374796 0.07640209258300046
32 0.39181224020816674 0.4064833830898976 0.006451433306037702 0.07640209258300046
32 0.3409113099326705 0.4054999017954142 0.0064514333060374796 0.07640209258300046
18 0.30102757682879966 0.20709448118979162 0.00910369497467256 0.16947052633946547
19 0.2831790504152583 0.3160656657454202 0.00856647304513769 0.059966964181063065
32 0.16216952650955746 0.4054507878994791 0.006451433306037591 0.07640209258300046
32 0.11186765971545037 0.4065071321084024 0.006451433306037591 0.07640209258300046
