18 0.6500718043287227 0.6963174130381904 0.036276547473092835 0.11350406806680635
23 0.48661345779989296 0.4909653794034562 0.05839220720881788 0.09314435143849242
19 0.580630022713457 0.6249045420554873 0.033237095372022685 0.03722561391699453
19 0.9139612573471949 0.6250496472018473 0.03378971151234089 0.039012425782484206
27 0.7791691097807238 0.9386974208222023 0.04990478010061017 0.07606583851924575
34 0.9281894236250572 0.7329804176874173 0.05517946781637495 0.0634779954292446
34 0.5948226104467524 0.732388169181257 0.05517946781637528 0.062418381019549884
18 0.32943433426389096 0.69637762589344 0.036276547473092724 0.11350406806680635
19 0.25999255264862586 0.6249647549107382 0.033237095372022685 0.03722561391699453
34 0.27418514038192043 0.7324483820365058 0.05517946781637506 0.062418381019549884
