32 0.842082408693655 0.24468837216376033 0.016671712716187725 0.06102850078276256
18 0.5125622118227711 0.08862653048188918 0.023525653924300283 0.1353697496979862
18 0.8715028939955947 0.7680610391773111 0.026981678061978265 0.1526076037117733
19 0.4664382746047614 0.173530952291563 0.02286401892337908 0.04790044090072865
19 0.8198536625745771 0.8640765151022258 0.02472100212150441 0.05005029188230059
27 0.96752255895843 0.4421781628579535 0.037118050206603304 0.1022714475213029
34 0.8304097893220355 0.7195634676556879 0.04104124399812392 0.08392227448055334
32 0.6035994880597836 0.244607415245574 0.016671712716187725 0.06102850078276256
18 0.6330199733617228 0.7679800822591247 0.026981678061978154 0.15260760371177318
19 0.5813707419407056 0.8639955581840382 0.02472100212150452 0.05005029188230059
34 0.5919268686881634 0.7194825107375029 0.04104124399812381 0.08392227448055323
32 0.12267177170130483 0.24437766064973904 0.016671712716187947 0.06102850078276256
18 0.15209225700324341 0.7677503276632905 0.026981678061978376 0.15260760371177473
19 0.1000797020097503 0.8637658035882059 0.02472100212150441 0.0500502918823007
34 0.11099915232968355 0.7192527561416722 0.04104124399812392 0.08392227448055334
