32 0.2568805417813923 0.16882660296661994 0.026267081395977554 0.04676950527277135
18 0.21052715894119695 0.5699159365657899 0.04251092529718836 0.11695162153612526
19 0.8487258556976884 0.11429474848512305 0.03602335622760766 0.03670874910149291
23 0.40207696294729955 0.7815052983249435 0.06842731548345915 0.09597350229994206
19 0.2919029952977252 0.6434978900783412 0.03894912214299329 0.03835629845185651
27 0.05924358069525332 0.3201739191995532 0.05848126480071503 0.07837624950230682
34 0.2752713123253743 0.5327495733436112 0.06466244440765534 0.06431426642434934
32 0.6326217985124978 0.16876456121623418 0.026267081395977554 0.04676950527277124
18 0.586268415672303 0.569853894815404 0.04251092529718825 0.11695162153612526
19 0.6676442520288306 0.6434358483279544 0.038949122142993176 0.03835629845185662
34 0.6510125690564807 0.5326875315932265 0.06466244440765512 0.06431426642434923
