32 0.19100414621033107 0.38538913452593976 0.018188961526937608 0.059962555724977884
27 0.0657855718835208 0.28977255439879823 0.0373362768331823 0.09552669024951355
17 0.9547913949383129 0.716575101938388 0.04938495648197938 0.36015524357582707
32 0.9457119850877538 0.46842422957753227 0.017033328025663708 0.05622850633917453
18 0.8404093838486633 0.6144417020457151 0.024035933627968853 0.12472269073297737
19 0.793285002218296 0.5342438077941009 0.022617539154327848 0.044132990492804725
17 0.48287030631932426 0.7166112475584302 0.04938495648197927 0.36015524357582707
32 0.47379089646876427 0.46846037519757444 0.01703332802566382 0.05622850633917448
17 0.35006133864303596 0.7158338256968036 0.04938495648197938 0.3601552435758284
32 0.3409819287924759 0.46768295333595106 0.01703332802566382 0.05622850633917453
