32 0.09786753155908429 0.3605126711438757 0.01120674726337112 0.045322016641384466
18 0.11642683322904152 0.6622896998675439 0.016832093190528474 0.10484664881574846
23 0.7347896315495345 0.8296399914990988 0.027113569988479247 0.08846939274814225
19 0.08369060940629985 0.7288568776985289 0.015418914319174193 0.03631802430463571
24 0.9470317057377374 0.6983247474003642 0.02278183268991696 0.07103644684864463
34 0.09076084062680778 0.6285578385121134 0.02560646972416447 0.059153964996997876
27 0.020716732538371974 0.43278337714230963 0.02300396411334782 0.07220276375547097
18 0.8934416514595077 0.6629061258592219 0.016984779830719887 0.10382864789198809
34 0.8676881809599297 0.6286690150059683 0.02514905036932591 0.058414557696121916
19 0.8607413300704532 0.7296683064559975 0.015561699952984065 0.03485455570572116
32 0.792741293362566 0.2980563875465204 0.010494727912586432 0.042499677827486426
18 0.8112612854927266 0.662528223598418 0.016984779830719887 0.10627450959121365
19 0.7785197416581121 0.7293925040726724 0.015561699952983954 0.034854555705720935
34 0.7853934601544401 0.6287549678466352 0.025835179401583974 0.058442687960979844
32 0.6456669160989994 0.2982986122495821 0.010494727912586654 0.042499677827486426
18 0.6641869082291598 0.6620254376857648 0.016984779830719776 0.10627450959121365
19 0.6314453643945455 0.7296347287757322 0.015561699952983954 0.034854555705720935
34 0.6383190828908728 0.6282521819339868 0.025835179401583863 0.05844268796097973
32 0.5628649419642059 0.2977515377290839 0.010494727912586432 0.042499677827486426
18 0.5813849340943666 0.6614783631652668 0.016984779830719776 0.10627450959121354
19 0.5486433902597523 0.729087654255234 0.015561699952983954 0.03485455570572116
34 0.5555171087560786 0.6277051074134896 0.025835179401583974 0.05844268796097973
18 0.49798495216850824 0.18738588974888626 0.014809236525619607 0.09427022908904448
19 0.4689502525188304 0.24800255716624225 0.013935322511214876 0.03335741956568683
23 0.4137430809115739 0.9014844727210725 0.02751355441748282 0.08688525411358894
32 0.27210065833121555 0.2977242174727463 0.010494727912586432 0.04249967782748654
18 0.29062065046137625 0.6614510429089252 0.016984779830719776 0.10627450959121365
19 0.2578791066267616 0.7290603339988946 0.015561699952983732 0.034854555705721046
34 0.2647528251230888 0.6276777871571539 0.025835179401584196 0.058442687960979844
32 0.19027319760163142 0.2983118229562662 0.010494727912586432 0.04249967782748654
18 0.20879318973179117 0.6620386483924465 0.016984779830719887 0.10627450959121465
19 0.1760516458971763 0.7296479394824184 0.015561699952984065 0.034854555705720935
34 0.1829253643935047 0.6282653926406797 0.025835179401584085 0.058442687960979844
