18 0.8792713580416585 0.2868757372155197 0.015068334250596949 0.11248922913944759
23 0.32570400145936895 0.46642468336235887 0.024272461582095728 0.09491818675256258
19 0.9085773009852844 0.3582951922460299 0.013803236003551045 0.03896535181659089
23 0.0773127138495808 0.5112234537555574 0.024064393661045916 0.09321309528046595
24 0.13570181458296604 0.3255374852518714 0.020394627449306812 0.07621450219979875
34 0.9022479273266614 0.25068506136493246 0.02292328354019668 0.06346587132935311
27 0.9649524300295927 0.0406400242232981 0.02059348272523298 0.07746583537318175
18 0.18367640937824598 0.28753709630909685 0.01520502154812789 0.11139702313696231
34 0.20673129014725758 0.25080434184011624 0.022513795091351985 0.06267256645757047
19 0.21295021194187974 0.3591657684300109 0.013931059776392557 0.037395206691103855
18 0.2572454663699601 0.2871316476420385 0.015205021548127862 0.11402117088260055
19 0.2865561718654689 0.358869862000521 0.013931059776392363 0.037395206691103966
34 0.2804027192511819 0.25089656003591154 0.023128027764619252 0.0627027472200945
18 0.38890858462983624 0.28659221218677733 0.015205021548127862 0.11402117088260044
19 0.4182192901253451 0.3591297431739633 0.013931059776392363 0.037395206691103855
34 0.4120658375110585 0.2503571245806556 0.023128027764619252 0.0627027472200945
18 0.4630341142802082 0.2860052597969034 0.015205021548127862 0.11402117088260044
19 0.49234481977571687 0.35854279078408935 0.013931059776392363 0.037395206691103855
34 0.4861913671614313 0.24977017219078268 0.023128027764619252 0.0627027472200945
23 0.6131095356525926 0.5435061199353648 0.0246305334512944 0.09321857559795066
18 0.7233305233080916 0.2859759480867967 0.015205021548127973 0.11402117088260044
19 0.7526412288036004 0.3585134790739848 0.013931059776392196 0.037395206691103855
34 0.7464877761893141 0.24974086048068223 0.02312802776461942 0.0627027472200945
18 0.796583654406771 0.28660638586068876 0.015205021548127973 0.11402117088260155
19 0.8258943599022801 0.3591439168478794 0.01393105977639253 0.037395206691103855
34 0.8197409072879929 0.25037129825457893 0.02312802776461942 0.0627027472200945
