32 0.7894696544641128 0.056895413816735296 0.02377188813442377 0.09487408816929832
18 0.7501014388005671 0.6886153272782809 0.03570444010112128 0.21947898485430006
19 0.8195419135760795 0.8279626195378094 0.03270678794976323 0.07602573087770403
34 0.8045444534113657 0.6180032975075795 0.05431675396034885 0.12382896672704902
27 0.9531228645080476 0.20818209170679036 0.04879628751316201 0.1511444521281191
18 0.3805994022471298 0.6868597387115722 0.03602832085304197 0.2224679734109405
19 0.4500511618963122 0.8283885213932414 0.0330096665669351 0.07296220327730929
34 0.4354705469041029 0.6161610566711978 0.05480189570032995 0.12234002679831768
18 0.5541728037947342 0.6880897928570773 0.03602832085304197 0.2224679734109426
19 0.623624563443917 0.8296185755387513 0.03300966656693605 0.07296220327730929
34 0.6090439484517056 0.6173911108167118 0.054801895700330006 0.12234002679831768
