18 0.4730608843614511 0.724644265662215 0.2066224752812449 0.040449216194293425
19 0.34187619499578614 0.8033127105075629 0.0715723407844494 0.037053204953054086
34 0.5395366446058352 0.7863222323807609 0.11657538708613396 0.06153492724411613
27 0.9253515873053229 0.9546452828258392 0.14229080221266444 0.05528084399331645
18 0.4747136351041683 0.30603896843722456 0.2094363766420988 0.04081613757769875
19 0.34147524136619534 0.38472019780722855 0.0686882666836594 0.03739633322034841
34 0.5412709717530564 0.36820195956024065 0.11517366539590584 0.06208453964721761
18 0.4735556343395717 0.5026786027486303 0.2094363766421008 0.04081613757769875
19 0.34031724060159396 0.5813598321186348 0.0686882666836594 0.03739633322034941
34 0.5401129709884511 0.5648415938716443 0.11517366539590579 0.06208453964721761
