32 0.7758981263258631 0.30523820415637865 0.021257553812513597 0.058806252997498976
18 0.7406938565498078 0.6968001339879152 0.031928008936579544 0.13604069309150835
19 0.8027896657240641 0.7831724225785319 0.029247416147384575 0.04712338690766782
34 0.7893784753844643 0.6530323469399597 0.04857171267608118 0.07675349177296431
27 0.9222418622305356 0.3990109383857517 0.04363514171850058 0.0936845777653631
18 0.016934137932112847 0.08060262829676429 0.02809094690611391 0.12231756997504106
19 0.07200869933054033 0.1592540066812676 0.02643326035781146 0.04328194108936223
32 0.4454034715220824 0.22376888823598762 0.019906957666357084 0.055144210073680755
18 0.41027376617029176 0.6957119592564842 0.03221763307050862 0.13789337194893014
19 0.4723796666258107 0.783436411331899 0.029518259526201684 0.0452245061636215
34 0.4593412320654696 0.6518904621240207 0.04900554134741042 0.07583059512292412
32 0.6006181479059963 0.22453131849146402 0.019906957666357084 0.055144210073680755
18 0.5654884425542073 0.6964743895119625 0.03221763307050873 0.13789337194893136
19 0.6275943430097266 0.7841988415873804 0.02951825952620235 0.0452245061636215
34 0.6145559084493836 0.6526528923795045 0.04900554134741042 0.07583059512292412
