18 0.4432580314497334 0.09725585693375323 0.1450878087462657 0.02261163940654129
23 0.7691626050370037 0.5166343048346732 0.11861725996376782 0.036628474285851365
23 0.7057515005306546 0.19914155023025076 0.11906277966485557 0.03639661504549632
19 0.5345423100102321 0.1405398140632685 0.04758404561563645 0.02071710975335897
27 0.1334331519345181 0.01678784322870223 0.09723198488981843 0.03110629238173005
34 0.397150195336422 0.13169339127981564 0.07978697399890289 0.034394073191065744
18 0.4431810637130229 0.2971133229373538 0.1450878087462657 0.022611639406541206
19 0.5344653422735203 0.34039728006686876 0.04758404561563645 0.020717109753358998
34 0.39707322759971286 0.33155085728341643 0.07978697399890278 0.03439407319106569
18 0.4429626303581428 0.7001484521064844 0.14508780874626692 0.02261163940654143
19 0.5342469089186421 0.743736887763608 0.04758404561563656 0.020717109753358942
34 0.3968547942448361 0.7345859864525475 0.07978697399890289 0.0343940731910658
18 0.4428340450008271 0.8222997159368755 0.1450878087462668 0.02261163940654143
19 0.5341183235613276 0.8658881515939992 0.04758404561563656 0.020717109753358942
34 0.3967262088875176 0.8567372502829386 0.07978697399890289 0.03439407319106569
18 0.44355929594342847 0.9451401992166466 0.1450878087462657 0.022611639406541317
19 0.5348435745039309 0.9887286348737707 0.04758404561563645 0.020717109753358942
34 0.39745145983011965 0.9795777335627096 0.07978697399890278 0.03439407319106569
