32 0.8354779511743329 0.19791471705016866 0.08607528160521016 0.019300509175805947
18 0.26234496517091455 0.2298779588150951 0.19912407900087709 0.0289886049392436
19 0.13592101049997132 0.1734989066759292 0.06897495744952986 0.02655479688302209
34 0.32640829863223625 0.18567541600013732 0.11234482868381457 0.04410003119161654
27 0.6982218926047266 0.06504389651449782 0.13712702310010816 0.0396179381952102
19 0.13548272115235796 0.9742509181457638 0.06619554732820404 0.026800705474583353
32 0.9547253772997439 0.49798287982439504 0.0807151139384924 0.01807425362723203
18 0.2639377370560332 0.5298784218263383 0.20183586297363562 0.02925156526401751
19 0.13553460760693822 0.4734902074445021 0.06619554732820404 0.02680070547458313
34 0.3280796864878246 0.48532827818817664 0.11099397592589305 0.04449392008050601
32 0.953609400756446 0.357057808567889 0.0807151139384924 0.01807425362723214
18 0.2628217605127324 0.3889533505698308 0.20183586297363743 0.02925156526401751
19 0.13441863106363286 0.3325651361879943 0.06619554732820404 0.026800705474583797
34 0.3269637099445155 0.34440320693167076 0.11099397592589305 0.04449392008050601
