18 0.24750659757099552 0.6800842403543981 0.03869241760958364 0.22549210772702066
19 0.17225489662253263 0.8232492666484342 0.03544390261928798 0.07810862761407944
34 0.18850744084764076 0.6075376344255955 0.05886232976847128 0.12722154115792716
27 0.027495031364689893 0.18648845038368872 0.05287987513343717 0.15528539602204028
18 0.64793094438685 0.6782805534707934 0.03904340278883678 0.22856298638110328
19 0.5726670141738057 0.8236868370478508 0.0357721280698885 0.0749611677506603
34 0.5884678289376087 0.605644921237532 0.05938807129389567 0.12569180835443605
18 0.45983180266735896 0.6795443077298737 0.03904340278883678 0.22856298638110528
19 0.3845678724543145 0.8249505913069363 0.035772128069889386 0.0749611677506603
34 0.40036868721811986 0.6069086754966218 0.05938807129389578 0.12569180835443594
