17 0.5691153459982772 0.1929058516412991 0.29474773957010214 0.04916432376500823
32 0.7730064047579617 0.20157515243817364 0.046016892544244015 0.016957229761960124
18 0.6553321885012866 0.5367386587119097 0.10207190322055049 0.023928550454649367
19 0.7193520743715693 0.5836525069917319 0.03611803359871024 0.023255584400101226
27 0.9219182469365719 0.07398673452180538 0.07711502249882152 0.0377537279093223
31 0.5240327563753375 0.575459603145225 0.06543050811974604 0.04050010997121767
17 0.5690543026208866 0.4354729920626459 0.29474773957010325 0.049164323765008344
32 0.7729453613805706 0.44414229285952006 0.046016892544244015 0.016957229761960124
17 0.5696877290405787 0.9242674526327757 0.29474773957010325 0.049164323765008455
32 0.7727721211335962 0.9333062992226491 0.046016892544243904 0.016957229761960346
