32 0.2479513350081327 0.3233654573297871 0.04610511844080367 0.04066662468480853
18 0.5549426536449529 0.3907127560318058 0.10665825397887163 0.06107966926997821
19 0.622660020293752 0.2719207732636634 0.0369455495625991 0.055951578716735506
34 0.5206279523524955 0.29757696347854984 0.06017606374424622 0.09291979816293783
27 0.3214707789071876 0.0434035277730222 0.07345032770804927 0.08347592328756648
32 0.18407798364938122 0.9556161013022371 0.04323401351349054 0.038082875535639715
19 0.6228669920377523 0.9040094671907569 0.03545679424923254 0.0564697138762118
34 0.519732694926608 0.9289525593931482 0.05945249682423648 0.09374973127330699
32 0.18467574214341564 0.6586836769156192 0.04323401351349054 0.038082875535639604
18 0.5546872643473917 0.7258883306320851 0.10811078621482084 0.06163373283053841
19 0.6234647505317906 0.6070770428041351 0.035456794249232315 0.05646971387621336
34 0.5203304534206483 0.6320201350065303 0.05945249682423637 0.09374973127330688
