13 0.027325217294606158 0.5498752713440507 0.05115466810831133 0.21076877218696166
24 0.015061013146669418 0.20986331817956422 0.014945005464930425 0.10175327425774527
23 0.11791643581456122 0.729298195703669 0.013868387332073046 0.0960132342040374
22 0.11801503858380077 0.49373804682435474 0.013868387332073046 0.0960132342040374
11 0.06524481292712958 0.6202474777619836 0.010255670421708496 0.08912832279299487
9 0.016937124813820113 0.7563861960861483 0.010675015025495723 0.07225065692266308
17 0.7081870639449986 0.786184827860009 0.03859757239913142 0.10401007049952116
32 0.6808231063750846 0.7682470550244127 0.006977667624187944 0.035859235740462014
14 0.5122213086173347 0.7764275700784187 0.04111316817590005 0.04366341664089335
18 0.6219066634262039 0.8307346112002578 0.0168720002772742 0.05823486090982544
34 0.6247945055536954 0.7458831115733842 0.014343852285973901 0.08236513721823957
19 0.6113674585389166 0.7212907348193649 0.00615973930197844 0.05343785127305123
22 0.5532150651905899 0.3787972494523639 0.01378916209204517 0.09068942859292894
17 0.7081826112270216 0.16458312735645925 0.03859757239913142 0.10401007049952027
32 0.6808186536571075 0.14664535452086314 0.006977667624187944 0.03585923574046279
14 0.5122168558993576 0.15482586957486905 0.04111316817590005 0.043663416640894126
18 0.621902210708227 0.20913291069670764 0.016872000277274313 0.05823486090982544
34 0.6255158708124015 0.12470851950357043 0.014211885381122613 0.08151092035077001
19 0.6113630058209394 0.09840770901461487 0.00615973930197844 0.05258363440558089
