24 0.6149782037197453 0.06715187736567993 0.020266936010884584 0.1071125863376014
23 0.7180975262571149 0.8052744349773387 0.01912365069336519 0.09939633939617853
2 0.821460204844495 0.9222112632047487 0.032017068178919694 0.10005740924022866
22 0.6711793066825922 0.8059811324528315 0.01912365069336508 0.09939633939617853
11 0.6963771055769232 0.42777080894585506 0.017752333062300285 0.07350357857499396
9 0.7234928393260968 0.0815440092334831 0.014390686209141856 0.07650906995362058
22 0.4815141139984665 0.5658948354150392 0.019073910983834153 0.10033911356553205
2 0.5698651822466225 0.9230819006602056 0.032017068178919694 0.10005740924022877
24 0.2094379800693612 0.07290359557141234 0.020266936010884473 0.1071125863376011
23 0.3128975837174603 0.8100803310806423 0.01912365069336508 0.09939633939617853
2 0.41548148611519914 0.9250864237695153 0.030996224846728926 0.10005740924022866
22 0.265979364142938 0.8107870285561354 0.01912365069336497 0.09939633939617842
11 0.2911771630372686 0.4325767050491578 0.017752333062300396 0.07350357857499429
9 0.3182928967864423 0.0863499053367862 0.014390686209141967 0.07650906995362028
23 0.06338237617282777 0.7922803022945737 0.018953510138000174 0.09939633939617853
2 0.16602328771448382 0.9076908962007093 0.03167678706818955 0.10005740924022877
22 0.017115770809616127 0.7925434072191109 0.01912365069336497 0.09939633939617853
11 0.0419695806656985 0.4186973894426378 0.017752333062300285 0.07066611226771619
9 0.06887775867980622 0.07633475683398408 0.014390686209141967 0.07650906995362058
