13 0.19534055431536307 0.3292246556369927 0.15300366985376812 0.20307903257151694
24 0.15865830591337904 0.6568315292498728 0.04470052815663669 0.09804088282545609
23 0.46629899081093173 0.1563478412871779 0.04148036211021627 0.09251026380190003
22 0.46659391180464144 0.3833137558790214 0.04148036211021622 0.09251026380190003
11 0.30875810750645394 0.26141992607012854 0.030674721767517288 0.08587654318860702
9 0.16426975802018862 0.1302481261591175 0.031928981949148616 0.06961464622233371
2 0.12959491512649574 0.8698070079564785 0.06757168943211941 0.14905055597718397
2 0.5070341085382037 0.8668492035436994 0.041756241651433934 0.15323580079255184
2 0.7340514025516636 0.8636307896216087 0.04966385743655721 0.1606120142088081
4 0.681001980365406 0.9219532634455181 0.03615516459852386 0.04258994166289465
