13 0.8748816930950917 0.5931299161190988 0.08082947633044535 0.4503982201986749
24 0.7451428516504932 0.7022736870772608 0.039022212768151876 0.13158532957367586
11 0.9018693181306171 0.25926168834797286 0.03418056471467312 0.09029744255404892
9 0.9540782919565838 0.684593286670125 0.02770800770433457 0.09398961904898429
22 0.48816941949407716 0.08957952338086245 0.036725147419038984 0.12326427527421313
2 0.6572646903640261 0.7726180457716382 0.059604458838767416 0.1994504238918402
13 0.09470464201379103 0.5872259841511331 0.08082947633044535 0.4503982201986749
2 0.35820220081699067 0.7677836717373627 0.05298515825318495 0.19945042389184053
11 0.1216922670493153 0.2533577563800081 0.034180564714673234 0.09029744255404926
9 0.17390124087528191 0.67868935470216 0.02770800770433479 0.09398961904898384
