13 0.8813488078312696 0.4044411790579841 0.07354754152590082 0.5620672004132224
24 0.7632981503005989 0.2682369690192862 0.035506698104354584 0.16420979145144676
11 0.9059051152960269 0.8210866533839347 0.031101234560198088 0.11268523822860643
9 0.9534105779665012 0.29030093977529847 0.025211790794034128 0.11729283038344307
2 0.6833369404813812 0.18045186023539372 0.054234687772211854 0.24890094221213122
13 0.17145797756810416 0.41180889581139574 0.0735475415259007 0.5620672004132224
24 0.05281116388127738 0.27705468577270237 0.03550669810435436 0.16420979145144632
2 0.4112170175602048 0.1864848394021342 0.04821172057271794 0.24890094221213171
11 0.19601428503286034 0.8284543701373452 0.0311012345601982 0.11268523822860699
9 0.24351974770333462 0.29766865652870944 0.02521179079403435 0.11729283038344263
