13 0.19442322091989944 0.3310456762226284 0.3238577678571425 0.11307170511599696
24 0.11677912846903327 0.5134528274586088 0.09461611793154767 0.05458785996652826
23 0.7679519115021864 0.23479016463173438 0.08780009979995762 0.05150848483152887
22 0.768576160938872 0.3611617680471375 0.08780009979995773 0.05150848483152881
11 0.43449037517437517 0.2932929043585295 0.06492816107457822 0.04781491739864269
9 0.12865670209511348 0.22025819028065358 0.06758301179236459 0.03876050939249051
23 0.7522285527411592 0.9068454373996874 0.08780009979995762 0.051050220750273656
2 0.8541745773582456 0.6303878760266397 0.08838404482886864 0.08531965639696104
11 0.42223031305528247 0.9645196059078093 0.06242173250314931 0.04781491739864263
9 0.119809987584305 0.8920439316075767 0.06758301179236492 0.03876050939249054
