24 0.6452516469278888 0.9652947652761046 0.1621990593112249 0.02695788980563163
2 0.7319618360123866 0.9045855020070677 0.24585317557279907 0.04117681492965464
13 0.503437743729152 0.5159496272917891 0.5551847448979585 0.05583978870981521
24 0.6365419022163511 0.4258689411136921 0.16219905931122436 0.02695788980563152
2 0.7260027300599328 0.6979828245498135 0.2458531755727995 0.03660397389583925
11 0.09189405072147938 0.5345936090194767 0.11130541898499136 0.02361311242258557
9 0.616180347428785 0.5706613679553361 0.1158565916440536 0.019141646909287435
13 0.5204699507823194 0.1850402042480654 0.5508880102040811 0.0558397887098151
24 0.6410146672748559 0.09609030946340008 0.1593345695153059 0.026278956837095246
2 0.742000491643042 0.3673079681724775 0.24518870165369044 0.04098380540549107
11 0.11291130006849548 0.2031122967632662 0.1070086842911131 0.02361311242258546
9 0.6313461437330282 0.23890397723164364 0.11585659164405393 0.019141646909287435
