13 0.807321038258273 0.8043855003826147 0.0720333274356616 0.30984114464692447
24 0.6917008354414689 0.8794684589916464 0.03477567784926483 0.09052111510535332
23 0.8686414612305906 0.25567923604420806 0.03281393474855643 0.08400009548059728
22 0.788135316231248 0.25508200423690086 0.03281393474855654 0.08400009548059728
11 0.8313717746869911 0.5747084963122728 0.03046091502513526 0.06211805843125928
9 0.8778991837142497 0.8673056322878765 0.024692724512980435 0.0646580067261805
22 0.4626921591373687 0.45797953544651593 0.032728587258731734 0.08479683629342238
2 0.6133858858244114 0.9278602501663661 0.053118091259254485 0.13720735311010412
2 0.6142921980078812 0.15611985160606778 0.05493752228112281 0.08455876726224343
13 0.11204560744170194 0.8003240255436042 0.0720333274356616 0.30984114464692447
23 0.17336603041401866 0.2516177612051975 0.03281393474855632 0.08400009548059728
2 0.3468684319045535 0.9245345532225138 0.04721912632563252 0.13720735311010446
2 0.34938793823413883 0.154425824103667 0.053185875222298895 0.08455876726224343
22 0.09285988541467649 0.2510205293978901 0.03281393474855632 0.08400009548059728
11 0.13609634387041913 0.570647021473263 0.03046091502513537 0.062118058431259504
9 0.18262375289767774 0.8632441574488663 0.024692724512980657 0.06465800672618027
