13 0.6260720990513367 0.897472231158089 0.3886293214285709 0.07276093680369855
24 0.7202475814209507 0.7806841475047517 0.11353934151785738 0.035126947322489666
11 0.3379915139459651 0.9217659043184105 0.07791379328949366 0.030768601035490062
9 0.7049919216410794 0.9687632871742272 0.08109961415083777 0.024942145972707497
22 0.19158004588862987 0.549362252248085 0.10635946037946398 0.03305917904922395
2 0.7809447137800992 0.7015781377905522 0.1720972229009592 0.053654637635610625
13 0.620977849181835 0.19517381619185598 0.388629321428571 0.07276093680369866
24 0.7141507601228744 0.07779595238403264 0.11353934151785716 0.035126947322489666
2 0.7767733396133816 0.4323685883765544 0.17209722290095952 0.04769608719760854
11 0.33289726407646414 0.2194674893521762 0.077913793289494 0.030768601035490173
9 0.699897671771578 0.266464872207993 0.08109961415083755 0.02494214597270772
