13 0.17072390815209537 0.9310822751131931 0.3230885095011873 0.057981371515447244
24 0.0924307517878082 0.8380167709519399 0.09439137655878885 0.027991786147608888
23 0.7428902978066334 0.9804405701193202 0.08759154849401951 0.026412731568440262
22 0.7435130644655594 0.915639222345228 0.08759154849401951 0.026412731568440373
11 0.4102208316363711 0.9504412959128243 0.06477393741406834 0.024518728950156166
9 0.10511360433639484 0.9878923353760533 0.06742248207314308 0.01987577257200135
22 0.5319405794275048 0.6536821356692835 0.0884223542347089 0.026344033304850467
2 0.8467063780164756 0.7757086821086165 0.08817410648010648 0.04422054350279769
13 0.17495903274669306 0.37143822568697604 0.3230885095011873 0.057981371515447355
24 0.0974993680688693 0.27790274046511687 0.0943913765587886 0.027991786147608888
23 0.7471254224012311 0.42079652069310214 0.08759154849401962 0.02641273156844015
2 0.8484728342481953 0.5624808214952823 0.0881741064801066 0.042810600320979275
22 0.7477481890601574 0.35599517291901045 0.08759154849401951 0.026412731568440262
11 0.4144559562309681 0.3907972464866063 0.06477393741406862 0.024518728950156277
9 0.10934872893099211 0.42824828594983533 0.0674224820731428 0.01987577257200157
23 0.731439411285717 0.07617726860612622 0.08759154849401962 0.026177741038137525
2 0.8331432838253282 0.21794030788974872 0.08817410648010648 0.043750562442191665
11 0.4022250153995691 0.04660287253875117 0.06227346235468573 0.024518728950156277
9 0.10052302799384345 0.08376724529781926 0.06742248207314308 0.01987577257200146
