22 0.16350802979908025 0.05640157560363296 0.03351722791556877 0.09520667808903427
13 0.5226038959934377 0.4407730107765786 0.07376907026543655 0.34787790920716066
24 0.641608079601008 0.5241758722327519 0.035613645990210774 0.10163368166560105
2 0.28212269021822833 0.5802318896794976 0.048356936598539235 0.15405122254561598
11 0.49797362374716114 0.18290036426281953 0.031194912977548173 0.0697438047348411
9 0.4503250723337035 0.5114173532482157 0.025287729922932045 0.07259556253911281
13 0.9597631518578269 0.4514453655797142 0.07376907026543655 0.3451855818414319
2 0.7189720637335884 0.5902560625384791 0.05414306340616981 0.15363486420755534
11 0.9358883934928659 0.19606974045212633 0.031194912977548173 0.06705147736911177
9 0.888604565018678 0.5209202179401329 0.025287729922932045 0.07259556253911315
