22 0.11582433616918932 0.446546910850492 0.03532609418402796 0.08309332842145623
13 0.4942999792692741 0.7820139446733085 0.07775025818452364 0.303616657366071
24 0.6197266108810624 0.8548052813459956 0.037535652281746046 0.08870261056082585
23 0.42811285606105925 0.24433079725241452 0.03541821528415601 0.08231259356246035
2 0.24084042270619618 0.9037291715729543 0.050966676034016 0.13445095539137464
2 0.23812095555680254 0.1490913767444415 0.05740697643041798 0.08286004202706443
22 0.5150083776476507 0.24374556340552173 0.03541821528415601 0.08231259356246035
11 0.4683404542351032 0.5569509875597376 0.03287844796363815 0.06087015100741722
9 0.4181203936977447 0.8436700560715453 0.026652464553693467 0.06335907355534176
13 0.9550519568787255 0.7913284329055095 0.07775025818452364 0.3012668805803568
23 0.8902308626691184 0.2590714460908776 0.035103104173045296 0.08231259356246023
2 0.7012657941573057 0.9124779474387172 0.05706507000269334 0.134087571216862
2 0.7001333776106988 0.16349704801235898 0.05866742087486265 0.08286004202706443
22 0.9759195533640317 0.25885356232524526 0.03541821528415601 0.08231259356246023
11 0.9298887194908936 0.5684447957963871 0.03287844796363815 0.05852037422170242
9 0.8800530653530194 0.8519638509254284 0.026652464553693522 0.06335907355534198
