29 0.4829080497581018 0.5290744897685936 0.03000439871239713 0.12286653080102661
24 0.26885543295975534 0.7250087866677255 0.019739112516450996 0.13434268030590424
23 0.5999213563808462 0.27265746507021654 0.01849350146237838 0.10585140241469826
2 0.7480710412833546 0.8418570907390738 0.03020763691842321 0.17134868148146665
2 0.5781643035862779 0.8447806784276886 0.018616498910794865 0.17721781381007373
2 0.47706667398301 0.8482597453095998 0.019083939675834327 0.18445456197673593
4 0.49990626187635506 0.7802445526857893 0.01611932864999377 0.04873194463515318
11 0.6701589919162927 0.15243266976828257 0.013675941650613255 0.09826101621011352
9 0.7345773182419146 0.30252108598524563 0.014235137890066696 0.07965395004187248
36 0.20968683043867448 0.622753091678039 0.019770201851254332 0.24256331361601757
14 0.07322407573121076 0.4689646745658462 0.05482443038100204 0.04813746692288279
14 0.07318075418871706 0.11790286096204472 0.054824430381002154 0.0481374669228829
