13 0.5479113391007719 0.13941710683169817 0.3919892291066277 0.04088703059787124
24 0.6429010187243018 0.205044600918031 0.11452094965778137 0.019739115974541033
11 0.2573401437495325 0.12576560368351086 0.07858739957153538 0.017290001850660985
9 0.6275134656322126 0.09935605598857283 0.08180076355271826 0.01401590373023931
22 0.10966287049285445 0.3350328312075036 0.10727899461905588 0.01857716138225185
2 0.7041229101528378 0.24949715996611038 0.1735850951450597 0.030150502551162917
13 0.5427730467251938 0.5340642628878487 0.3919892291066278 0.040887030597871354
24 0.636751487155637 0.6000231760059009 0.11452094965778092 0.01973911597454092
2 0.6999154722325174 0.4007758483346441 0.17358509514506015 0.026802175209874823
11 0.2522018513739552 0.520412759739662 0.07858739957153571 0.017290001850661096
9 0.6223751732566349 0.49400321204472386 0.08180076355271781 0.01401590373023942
13 0.5547986684197932 0.7763628821649391 0.3889555115273772 0.040887030597871354
24 0.6399094913035726 0.8414938067935771 0.11249847127161372 0.019241987426961482
2 0.7112107217652602 0.6429027131211207 0.17311594208978143 0.03000917704649142
11 0.26704111964490324 0.7631301279459624 0.07555368199228452 0.017290001850661096
9 0.633083012145798 0.7369227305278816 0.08180076355271826 0.014015903730239532
