13 0.44135960176419076 0.6015894920712382 0.6210970890410952 0.0593873213582079
24 0.2924531230912967 0.5057859300981216 0.18145556863584475 0.028670539448957366
2 0.1923713750471072 0.7951873589901751 0.275041223814319 0.03892944459436243
11 0.9017623633481167 0.621417936265622 0.12451976096494466 0.025113266509568355
9 0.3152320314152862 0.6597770998671446 0.12961125549220603 0.020357726320110126
13 0.42230530620242823 0.24965721043453315 0.6162902397260268 0.0593873213582079
24 0.28744934482949913 0.1550562796572436 0.17825100242579886 0.0279484734935741
2 0.17447433583312652 0.4435045461698562 0.27429786258061256 0.043587529221261856
11 0.8782499154484869 0.26887743297858513 0.1197129116498753 0.025113266509568355
9 0.2982657296137356 0.3069429786949537 0.12961125549220653 0.020357726320110237
