13 0.810638897202357 0.733820392558294 0.06769301085717228 0.34522909263959356
24 0.7019853069378094 0.817478815983078 0.032680294275152066 0.1008598211453049
23 0.8682645019856297 0.12244463102387648 0.030836754600633398 0.09359401501518327
22 0.7926091971216813 0.12177918746192762 0.03083675460063351 0.09359401501518327
11 0.8332404737246462 0.4779112433530146 0.0286255143962022 0.06921276053635239
9 0.8769644070283165 0.8039268339451212 0.023204882074110977 0.0720428044487138
22 0.4867753844850894 0.3478502945711179 0.030756549662710908 0.09448175414419391
2 0.628389168546987 0.8713975883833369 0.04991749869581685 0.15287824369374559
13 0.1572567897462097 0.7292950436894472 0.06769301085717228 0.34522909263959345
24 0.0480544985419164 0.8120628579771727 0.032680294275151955 0.10085982114530456
23 0.21488239452948132 0.11791928215502961 0.030836754600633398 0.09359401501518338
2 0.3779305330225214 0.8676920529560497 0.044373971671407 0.1528782436937458
22 0.1392270896655335 0.11725383859308058 0.030836754600633287 0.09359401501518327
11 0.17985836626849788 0.4733858944841687 0.028625514396202312 0.06921276053635239
9 0.22358229957216813 0.799401485076275 0.02320488207411131 0.07204280444871358
