13 0.26220455875594484 0.2045929387546033 0.21186272775194584 0.19077175666199137
24 0.6022639788053682 0.15836373983543794 0.1022814054390142 0.0557345996230717
23 0.08185037354324548 0.5424359261943796 0.09651157278987188 0.051719553879358005
22 0.31863315295307687 0.542803646760169 0.09651157278987188 0.051719553879358005
11 0.19146709867147943 0.34600697071376185 0.08959092654451523 0.038246602596525625
9 0.05462177800307191 0.16585249288306064 0.07262566033229544 0.03981046977951366
4 0.8856058869209786 0.7414419563396195 0.04443206716734516 0.04507986161022137
2 0.8326020659143607 0.12856851357218133 0.15622968017427796 0.08447970268630539
2 0.8299364418453321 0.6037354630363763 0.16158094788565547 0.05206353271826758
2 0.8267643514530012 0.8864685253490218 0.16817915944937722 0.05337079342722806
