23 0.7328277991169334 0.7206760459531285 0.10083633504640455 0.013601992436714005
19 0.8808079306567955 0.8102450824230352 0.05152741095639435 0.0055788628574894306
13 0.6857014434511417 0.1763699611860236 0.23018168541470807 0.04853202535059331
24 0.319033926039918 0.1657502360725136 0.10832660214990542 0.014037026080996107
23 0.8776059986769521 0.2621129062032674 0.1039236636701999 0.013259993497296674
22 0.6239223749091168 0.2621480057814779 0.10485655840704067 0.013259993497296785
11 0.7601978699282754 0.21227498435211029 0.09733751041866545 0.009427230367250128
9 0.9077376354680348 0.16660201178907158 0.07890532269185568 0.010206711597552487
14 0.936936610714521 0.64162028371727 0.04768504712097654 0.03930957000349433
22 0.46736760913273057 0.7602330195992366 0.10022431959459444 0.013601992436714117
31 0.9104866589456386 0.8358582343961478 0.07344185421705329 0.011494870974837479
17 0.09115056126943993 0.8287743583467988 0.11358994541395073 0.036904331179176686
32 0.07156062514635114 0.8026108332916373 0.039162060084978134 0.006671563542867909
14 0.08049460869217473 0.6414054466545079 0.04768504712097643 0.03930957000349444
18 0.13980361412786868 0.746279002367123 0.06359859809888824 0.016131840610309922
34 0.04649053680001197 0.7493616154452942 0.08901850511991982 0.013588422592018978
