13 0.3959501765993916 0.5934937577398827 0.06814505099645224 0.3778340624999994
24 0.5058816984628121 0.5029089832138722 0.03289852662423476 0.11038547092013884
2 0.1738028190107173 0.4420259198203236 0.04467029201645814 0.16731674448704403
11 0.3731976713524138 0.8735721043701044 0.02881666975110181 0.07574952125367462
9 0.32918175852751685 0.5167661524442992 0.023359839550399164 0.07884684709109202
13 0.7997812087278757 0.581902394606477 0.06814505099645218 0.3749098958333329
24 0.9083327497756057 0.4998650181046119 0.032069979044935804 0.10843602647569428
2 0.5773475936548451 0.4311385542984853 0.05001529507748581 0.1668645330698727
11 0.7777266183629146 0.8592686985644962 0.028816669751101864 0.07282535458700745
9 0.7340476226661132 0.5064449855150225 0.02335983955039911 0.07884684709109235
