13 0.5430637766414383 0.7655019384379099 0.0606521330562777 0.35889251319261173
24 0.44571145133754203 0.8524713812594531 0.029281155197498854 0.1048516346470979
23 0.5946956335274909 0.12992924702746 0.02762936556342055 0.09729826363055993
2 0.743268294610942 0.9093764018971215 0.04472548545851063 0.15892883381355116
22 0.5269093796895106 0.12923746664907515 0.027629365563420438 0.09729826363056004
11 0.5633145205388235 0.4994644587891499 0.025648120625423432 0.07195205185045594
9 0.6024906450293336 0.838383041093345 0.02079129850028072 0.0748941027778186
22 0.2528859190359221 0.3642559790528244 0.027557502892443853 0.09822113755359474
2 0.3797701861820206 0.9085241420132842 0.04472548545851052 0.15892883381355083
2 0.15536222597213523 0.9046719495110382 0.03975855114094862 0.15892883381355116
9 0.017068043549307688 0.8336785887072621 0.02079129850028094 0.07489410277781827
