13 0.9144691560813857 0.22372925018945072 0.06776793394611214 0.3141345554272513
24 0.8056953072775302 0.14760588106851563 0.03271646504911474 0.09177544926385708
23 0.972158541279471 0.7800388345879739 0.030870884932233444 0.08516406909002827
22 0.8964195006049372 0.7806443421247125 0.030870884932233444 0.08516406909002827
11 0.9370957481836663 0.45658884554021295 0.02865719731197003 0.06297881674670386
9 0.9808680754367595 0.1599372457866564 0.02323056539682722 0.06555396063000749
22 0.5902471890058256 0.5749352977805533 0.03079059122293526 0.08597185019125264
2 0.7320177121757053 0.09854353389599373 0.04997274772591731 0.1391086097351865
2 0.7328703578380731 0.8809777947920006 0.05168444265517924 0.0857304822820435
13 0.2603638808250655 0.2278470041255376 0.06776793394611225 0.3141345554272513
24 0.15104072377549904 0.1525340276143048 0.03271646504911452 0.09177544926385683
23 0.3180532660231499 0.7841565885240607 0.030870884932233333 0.08516406909002827
2 0.4812818673147432 0.101915314400269 0.04442308508775605 0.13910860973518677
2 0.4836521831754487 0.8826952961166055 0.05003651791804564 0.08573048228204361
22 0.24231422534861663 0.7847620960607997 0.030870884932233333 0.08516406909002827
11 0.2829904729273452 0.4607065994762992 0.02865719731197014 0.06297881674670414
9 0.32676280018043835 0.1640549997227429 0.02323056539682744 0.06555396063000721
2 0.07997032329952586 0.092863463158094 0.049738508718451535 0.1387326371943514
2 0.08095734934319271 0.8677905831188526 0.05113513440946804 0.0857304822820435
