13 0.7522592380963579 0.34817067606166296 0.11705702452667799 0.20443515298935677
24 0.780625347243832 0.6763081464933269 0.03419859684272819 0.09869557987270494
23 0.5449597113798685 0.17413942555591966 0.03173497583131002 0.09312802850174615
22 0.5447340790533559 0.4026209722986284 0.03173497583131002 0.09312802850174617
11 0.6654879775224507 0.27991316032072644 0.023468010026955866 0.0864500092533052
9 0.7760302689968828 0.147865421846036 0.02442759462374644 0.0700795186511966
4 0.42285015932000986 0.9497165319537992 0.0276608789398346 0.042874348618907265
2 0.7989076160267079 0.8985709417337238 0.051836512921975664 0.15075251275581414
2 0.5073464843847364 0.8959987702614389 0.03194604029959114 0.15591617341887953
2 0.33386225596054003 0.8929378883803583 0.032748171870579657 0.16228306203963283
