13 0.9595621631461126 0.18431932844150078 0.059868073283450673 0.26110161330623605
29 0.750844476768334 0.6947169639830465 0.02633308584177818 0.13806111243526864
24 0.562983157271898 0.9148819415221563 0.017323851389878242 0.15095648725205002
23 0.853540134077204 0.4065895183198383 0.016230652251752797 0.11894176774530052
22 0.853424735853873 0.11477619955889456 0.016230652251752797 0.11894176774530052
11 0.9151835518842817 0.271496837884616 0.01200256498737795 0.11041269838535128
9 0.9717197062387226 0.4401462949130585 0.01249333844753231 0.08950454514299955
36 0.5110543749536606 0.7999805529090119 0.017351136659947697 0.27256048246405373
17 0.16194360193300084 0.6392608747703759 0.04517207086676511 0.12884829629045058
32 0.19396858572631054 0.6170394546904552 0.00816620519925848 0.04442263532027324
14 0.39128908759156444 0.6271735255782536 0.04811615941008718 0.05409050121185344
18 0.2629205319415719 0.6944494123411298 0.019745884127320257 0.07214169336590359
34 0.25908481562836533 0.5895484150127419 0.016787105294192473 0.1009762147628942
19 0.27525492709795296 0.5588696848842052 0.007208955459489852 0.06619912918900328
17 0.1619055811778366 0.24478416737335285 0.04517207086676511 0.12884829629045047
32 0.19393056497114614 0.22256274729343262 0.008166205199258592 0.04442263532027324
14 0.39125106683640043 0.2326968181812314 0.04811615941008718 0.05409050121185344
18 0.2628825111864072 0.2999727049441058 0.019745884127320257 0.07214169336590359
34 0.2590467948732008 0.19454260313810756 0.01678710529419236 0.10203442371811766
19 0.2752169063427886 0.1643929774871839 0.007208955459489852 0.06619912918900372
