13 0.8834374390841541 0.8828390875316875 0.22846391164295654 0.1648730454545453
29 0.4368395079853033 0.30804322880403534 0.12080347338086006 0.07251972246366045
23 0.6889510229406125 0.5908608450534325 0.1040740467771375 0.04469823262543293
2 0.13866355552660262 0.9489341440784043 0.1497621543909986 0.07301094304889189
2 0.13067258395888803 0.5391429536745573 0.16868654454833631 0.04499551373106048
2 0.13716986039087803 0.29456280056701706 0.15489693478129923 0.04484930389528963
4 0.1898868528409716 0.34912739239651674 0.04791368437075738 0.03895992888253075
22 0.9442876768564364 0.5905430453402107 0.1040740467771375 0.04469823262543293
11 0.8071571183214319 0.7606230817294091 0.0966111110871829 0.03305433654705803
9 0.6595888434215444 0.9163202243879423 0.07831647700012534 0.03440589691247642
