13 0.8655831701058008 0.10875356644082101 0.12199126681614336 0.21673744538163664
29 0.44028578584543027 0.5324287718726528 0.05365809061212545 0.11460294111883362
24 0.05748675634237871 0.7151851868564448 0.03530026041058576 0.12530724340037436
23 0.6495454570613519 0.293257493968149 0.03307268333271951 0.0987321930487538
2 0.914487584142609 0.8241746669371538 0.05402154978953888 0.15982434538182821
2 0.6106364317049671 0.8269016239493661 0.03329264468890125 0.1652987396069182
2 0.4298394151767909 0.830146700492317 0.034128588083958356 0.1720487684278582
4 0.4706843822255174 0.7667059810007273 0.02882685320904732 0.04545439791632877
22 0.6493103137757843 0.05102661520906471 0.03307268333271951 0.09873219304875391
11 0.775154286888868 0.18111861410245128 0.024457244530334377 0.09165231069509694
9 0.8903562085868859 0.3211125881667689 0.025457277984567872 0.07429669322489696
