11 0.32411075196928807 0.7575280739697976 0.016352672450589856 0.19674314966527406
11 0.9679847736109222 0.756824582775169 0.01679819818109196 0.1989703598700171
11 0.646033149763458 0.7579030147502445 0.01687022423342177 0.19651916120780988
31 0.2933257413700758 0.8048575897921251 0.022322601752064908 0.15127032673088525
30 0.1667475055438908 0.511584866148818 0.0673669858992903 0.20886756393969585
28 0.2583360523711362 0.773367279930743 0.04434536815631834 0.16228039264112948
30 0.5187516490106939 0.5126451776639696 0.06736698589929024 0.20886756393969608
30 0.8410391745041124 0.5123191645783692 0.06736698589929035 0.2088675639396962
31 0.6152989128132954 0.805175800103703 0.022322601752064797 0.15127032673088525
31 0.9373318212154629 0.8041144800022321 0.022322601752064686 0.15127032673088525
