11 0.38779308141911417 0.2504702937199463 0.2995194218784769 0.017669077209581885
11 0.3888640680139219 0.9461767500196725 0.30291010010062314 0.018150468159891964
11 0.38722227605186665 0.5983077324814465 0.2991784245253226 0.018228292373858257
31 0.31573919165974984 0.2172070622317098 0.23029213920224323 0.024119591159655063
30 0.7622140843704561 0.08043916520305913 0.3179774854007309 0.07279008852087895
28 0.36367966338901825 0.1794006719716749 0.24705373208052556 0.047915209957810845
30 0.7605998787802255 0.4607799570705888 0.31797748540073134 0.07279008852087898
30 0.7610961972090499 0.8090119166377172 0.31797748540073134 0.07279008852087887
31 0.3152547520809298 0.5650993619664229 0.23029213920224323 0.024119591159655118
31 0.3168704931309303 0.9130562075387112 0.23029213920224323 0.024119591159654785
