11 0.9259379978462202 0.4561217580174812 0.01742452513371151 0.2164852858370041
11 0.5906714447402843 0.4559556412323791 0.017021997690919943 0.2152043031191202
11 0.25557255931559036 0.4563657641235918 0.017560733196013367 0.21495929697797977
31 0.9578089821205773 0.5074201754301424 0.02323627997974531 0.1654645933142126
31 0.6227165053209379 0.5077262644374988 0.0232362799797452 0.16546459331421226
30 0.7544756685075226 0.18693465251666963 0.0701243592988734 0.22846639701714722
28 0.659138344451243 0.4732810997633864 0.04616045216099329 0.17750777532863493
30 0.3880637725076104 0.18809445706943584 0.0701243592988735 0.22846639701714744
30 0.052584814475684916 0.18773785294363177 0.0701243592988735 0.22846639701714744
31 0.2875647680495815 0.5080743336254981 0.02323627997974531 0.16546459331421226
