11 0.5997498866298264 0.20658147853337422 0.011265270984775588 0.25716245737962595
11 0.38299398976105864 0.20677880834497642 0.011005029704909464 0.25564078045678906
11 0.1663464930839792 0.20629162414617924 0.011353331963216418 0.25534973812989314
31 0.6203550550144457 0.14564418651132754 0.01502267571949556 0.196555074223571
31 0.4037117016294978 0.1452805839643725 0.015022675719495449 0.19655507422357066
30 0.48889638624121445 0.5263483267875231 0.04533666794782332 0.27139479645667475
28 0.4272590800755807 0.18619792926196455 0.029843568096285522 0.21086114712605375
30 0.25200446127859694 0.5249705971754791 0.045336667947823206 0.2713947964566752
30 0.03511124077940514 0.5253942065351126 0.045336667947823206 0.2713947964566752
31 0.18703003527662349 0.1448671132410484 0.015022675719495449 0.19655507422357066
