11 0.12417721944094315 0.45356078863433347 0.1732811408094475 0.010399157324593566
10 0.9368665197262155 0.15962816195325202 0.09597290195130848 0.022395835173451034
11 0.1243101841637824 0.6536517296883003 0.1722558048571498 0.01015892430975196
11 0.12398190983240402 0.8536426047386255 0.17205969479138725 0.010480447865247378
31 0.0831164690226542 0.4345398180761481 0.13244268949828605 0.01386767956620949
31 0.08287146644809647 0.6345268683852154 0.13244268949828583 0.01386767956620949
30 0.3396424347881593 0.5558914819732683 0.1828711718613646 0.04185102543910657
28 0.11044238151986452 0.6127898952246503 0.14208240385746962 0.027549089602896704
30 0.33871409337575203 0.7745703224504594 0.1828711718613648 0.04185102543910657
30 0.3389995297253763 0.9747880292110918 0.18287117186136476 0.04185102543910657
31 0.08259286171177936 0.8345492860264647 0.13244268949828583 0.01386767956620949
