6 0.2685059290164099 0.05202880374006742 0.22885707809967568 0.0867508714012537
7 0.3092722523298237 0.5687404202446058 0.2319879330429504 0.0855485993440177
2 0.861711131238144 0.3839267889056597 0.13243417968750015 0.029623926737492312
2 0.8617925403984068 0.17513927787898992 0.13200969870191503 0.029732163629800357
2 0.8476233009162686 0.045025809658206795 0.15756843154882494 0.05495982205225586
4 0.8935376855077901 0.2960600739686773 0.0654188402172814 0.03435480810606639
23 0.4410115467907475 0.22200068723478072 0.09085807365528747 0.022149107407531482
29 0.4351332677450004 0.30046170787148435 0.10620271119581975 0.036406496125455434
36 0.5990581186554702 0.6618810810225791 0.16170868692058293 0.02161247214369233
24 0.5363954841896192 0.696759225594473 0.10556280126730355 0.022286193761205664
14 0.26287852430960124 0.9106580358772842 0.041688223889304155 0.06692663530507414
14 0.7568264287814102 0.9106475356997898 0.041688223889304155 0.06692663530507414
