3 0.04367569567032781 0.8746025420098997 0.02649368180895073 0.15303486052295479
2 0.03839209239898578 0.20253948163382607 0.023740906645083326 0.2884535201060616
3 0.23801861563372695 0.8730053619771048 0.026285320354237474 0.1537416309211831
2 0.23264248563850676 0.20020344086077646 0.02360848039476071 0.28419097858666476
6 0.6801039723659847 0.23738944718756388 0.034289659346163126 0.4485788730052168
24 0.20361400698439003 0.11492753543129502 0.013697503006996792 0.11731661655087999
11 0.1094881369200702 0.7639119178860934 0.008050779856258572 0.2077382303145986
12 0.1485066209651299 0.23949625781855433 0.028732913638158886 0.44431731957084497
11 0.30370974921567107 0.7636987978726006 0.008050779856258572 0.2077382303145986
12 0.3430247043997107 0.23856314193983136 0.028732913638158775 0.4443173195708455
2 0.4323601166238561 0.8746650710542323 0.02628532035423725 0.15374163092118265
2 0.4269839866286358 0.20186314993790422 0.02360848039476071 0.28419097858666476
3 0.57802266902436 0.8698288009975316 0.026285320354237585 0.15374163092118276
2 0.5726465390291393 0.1970268798812027 0.023608480394760822 0.28419097858666476
2 0.7689961139936419 0.8739796837160427 0.019779015079912976 0.15374163092118265
2 0.7668731366355848 0.20117776259971487 0.023608480394760822 0.28419097858666476
11 0.6436115742978399 0.7599858469374492 0.008050779856258572 0.2077382303145986
