6 0.7001670544194238 0.07125494640575375 0.34609023820465656 0.050752210479645024
7 0.761816126685052 0.37354881728595984 0.350824888939952 0.05004884043255453
11 0.3318442719571193 0.13038149933126886 0.0812576260982173 0.023503501890230302
32 0.3109302689295165 0.7890239299676426 0.0510436030056009 0.00648281960574848
18 0.22294484164164355 0.6773716779472031 0.08071280146580034 0.016035846871643278
34 0.34628679810866375 0.68234685686408 0.12303307883871528 0.009076690613202043
19 0.37929294942864045 0.6672180996995158 0.07565566496729875 0.005716700664635699
16 0.30174688090343194 0.5814507865835543 0.06000504452694544 0.05471499026258575
17 0.6754234721631228 0.7612142957079866 0.1460821862314272 0.04125438302788209
32 0.70183366473503 0.7324859770038608 0.05099352165671034 0.006191450864885373
14 0.6916569840662352 0.5735822522819486 0.06304322093063885 0.03915435806963519
18 0.6135644214502076 0.6774075837849854 0.08071280146580029 0.0160358468716435
34 0.7369063779172272 0.6823827627018626 0.12303307883871417 0.009076690613202043
19 0.7699125292372067 0.667254005537299 0.0756556649672987 0.005716700664635699
