2 0.29145089785001665 0.7869091103241836 0.28063859135433145 0.030286517839758553
6 0.3281720790977193 0.21287596317659668 0.44297163709265175 0.04398903962227407
24 0.20724094123840386 0.8241487598873152 0.11585015884399397 0.017572061489972812
11 0.8481130189125172 0.944899642418427 0.2051415024356661 0.010328072102203323
12 0.33025255459582237 0.8948441541637367 0.4387633530762094 0.036860479240479194
11 0.8479025628991932 0.6957393310684943 0.2051415024356661 0.010328072102203323
12 0.3293311026655835 0.6453035100566951 0.43876335307621006 0.036860479240479194
2 0.29308986056368047 0.5375949978390273 0.28063859135433145 0.030286517839758442
2 0.2883140438826877 0.3507294555383191 0.28063859135433145 0.030286517839758553
2 0.29241304056721845 0.10156274870238685 0.28063859135433145 0.030286517839758553
11 0.8442360238507312 0.259690821508254 0.2051415024356661 0.010328072102203323
