6 0.5839488202263325 0.9218815844950081 0.2595676786534924 0.0576692123147472
7 0.6301856244255537 0.5783881827991514 0.2631186667049641 0.056869980198586134
23 0.7796031697975941 0.8088896977454714 0.1030504254509419 0.014724020139913141
29 0.7729360775710759 0.7567313138071581 0.12045417795555291 0.02420187740805302
11 0.3077067333796042 0.8546966933961619 0.06094321957366294 0.02670678632197454
24 0.8877867899724174 0.4932853642712087 0.11972839776089395 0.014815150775350006
32 0.29202123110890205 0.10628810561447288 0.03828270225420072 0.007366360927117732
18 0.22603216064299736 0.23315740581507804 0.06053460109935027 0.018221367092148055
34 0.3185386279932625 0.22750416142336244 0.09227480912903646 0.01031374974885002
19 0.343293241483245 0.2446948118548627 0.056741748725474106 0.00649582789110148
16 0.28513369008933864 0.3421513234630321 0.04500378339520905 0.0621720780323034
17 0.5653911335341069 0.13788790564995657 0.10956163967357047 0.04687692912810215
32 0.5851987779630372 0.17053159732636985 0.038245141242532754 0.007035281637764457
23 0.7770066408170393 0.2847836026962719 0.11941385551901362 0.013643119008721616
14 0.577566267461441 0.3510922576796247 0.047282415697979086 0.044490692468873494
18 0.5189968454994205 0.2331166063826427 0.06053460109935033 0.018221367092148166
34 0.6115033128496852 0.22746336199092682 0.09227480912903563 0.01031374974885002
19 0.6362579263396697 0.2446540124224264 0.056741748725474106 0.00649582789110148
