23 0.1291266097077225 0.06260069581248456 0.08007000332722636 0.026874128209641523
6 0.7455418909042695 0.6824871324080177 0.3136082386496649 0.06769166691634698
2 0.30001291492668714 0.19341273262561814 0.10748308710418963 0.05189019617389723
2 0.7703788597779253 0.18279964378558117 0.1986821885694382 0.046605811249101126
3 0.3033940240813717 0.4809670906243115 0.10748308710418963 0.05189019617389745
2 0.7737599689326105 0.4703540017842739 0.1986821885694381 0.046605811249101015
2 0.30049207952595236 0.8579702768100752 0.10748308710418963 0.03904601347031711
2 0.7708580243771905 0.8537792793218302 0.1986821885694382 0.04660581124910124
23 0.13108601119108032 0.7335110855080974 0.08007000332722658 0.026874128209641635
11 0.38018688576939397 0.6104470100472218 0.1452329220783477 0.01589315026273863
