3 0.780251072540235 0.07671779493389819 0.1286144040565259 0.03284195716112553
2 0.21543211754332195 0.07016816270289689 0.24242370306786037 0.02942957662987756
3 0.7789087616616094 0.31762813340749174 0.12920839194439848 0.032583669241044555
2 0.21346884923405673 0.3109638036903585 0.2388413543441119 0.029265419104643253
6 0.2447209183810377 0.8656436358227348 0.37699713795119294 0.042505965438741744
24 0.14180080105396073 0.27497967512393684 0.0985958798672289 0.01697962594305019
11 0.6872238458829935 0.15829986388827483 0.17458851271120523 0.009979864975337926
12 0.2464915358262318 0.20666774988994735 0.37341561963932723 0.035617741830806154
11 0.6870447343822921 0.3990598275948626 0.17458851271120523 0.009979864975337926
12 0.2457073214175179 0.44779522357555956 0.3734156196393277 0.03561774183080613
2 0.7803036235455783 0.5585367129009751 0.12920839194439826 0.0325836692410445
2 0.21486371111802594 0.5518723831838417 0.2388413543441119 0.029265419104643198
3 0.7762390987106914 0.7391021526316418 0.12920839194439826 0.03258366924104461
2 0.21079918628313846 0.7324378229145079 0.23884135434411186 0.029265419104643198
2 0.7797276065273125 0.9758356404051225 0.12920839194439826 0.024518357645719968
2 0.2142876940997604 0.9732039664856525 0.2388413543441119 0.02926541910464331
11 0.6839242756176435 0.8204071231061122 0.17458851271120523 0.009979864975337982
