6 0.4374389848679019 0.03728203089506332 0.4454410636829649 0.04594843561414863
7 0.5167854248817073 0.31096332145208616 0.4515348728312316 0.04531164062500004
23 0.7731991305043887 0.1273092781010151 0.17684363231959743 0.01173148833189841
29 0.7617578113522563 0.16886691431507472 0.2067100088574788 0.019283051756562086
17 0.40559235533928745 0.6619356654497266 0.18801745104865086 0.03734959215457867
32 0.4395840227504486 0.635926526344176 0.06563204049191729 0.005605420507495906
23 0.7687432574273482 0.544895268905207 0.20492472366669845 0.010870271158326617
14 0.42648596056474436 0.4920632838325713 0.0811408017025258 0.03544833779205547
18 0.3259756591535795 0.5860613878481246 0.10388272239131413 0.01451802927471646
34 0.48472492804488554 0.5905656584201951 0.15835172292175193 0.008217567871206866
19 0.5272060313210736 0.5768688614151299 0.09737385270239074 0.005175606144676603
