6 0.40116085802218576 0.04582284493280513 0.6112762648809519 0.06626971662910171
7 0.5100475311147239 0.44054317282827765 0.619638764880954 0.0653512909434899
23 0.8619226163198754 0.17566578912652253 0.2426815214082787 0.016919888501125024
29 0.8462217584357802 0.23560281938382677 0.2836669818520381 0.027811227054228227
17 0.3574579075435243 0.9467375072054263 0.25801528996719625 0.0538679251037284
32 0.4041044814367628 0.9092254949844707 0.09006647980925458 0.008084489137739514
23 0.8558078467725946 0.7779345042414978 0.2812170450317897 0.015677787060980664
14 0.3861300844113591 0.7017369007122405 0.11134906553982965 0.0511258167781633
18 0.2482003634272065 0.8373068637267247 0.14255767531621882 0.02093881267531572
34 0.4660510917325919 0.8438032053418898 0.21730517820863804 0.011851891950758975
19 0.5243476706873608 0.8240488253696474 0.13362559007211217 0.007464583897301202
