6 0.7175851031100833 0.9496842580537628 0.3370043369630069 0.07276741471747872
7 0.7776157033114588 0.5162618856880463 0.3416146889916477 0.07175893805345213
11 0.35893189250239776 0.8649098934126109 0.0791243709977868 0.03369880943501702
18 0.252891397111672 0.0806472810541386 0.07859384963734262 0.022991848209702126
34 0.372995259256169 0.07351397781243568 0.11980309347540774 0.013013961438744004
19 0.40513490063695773 0.09520526054376394 0.07366947805884938 0.008196480983741039
16 0.32962464775322253 0.21817656728548918 0.058429733095450465 0.07844916211673603
14 0.7092984474917039 0.22945830050129234 0.06138814830477479 0.05613866636986198
18 0.633256047617386 0.08059580004544958 0.07859384963734262 0.022991848209702348
34 0.7533599097618824 0.07346249680374634 0.11980309347540663 0.013013961438744004
19 0.7854995511426739 0.09515377953507398 0.07366947805884938 0.008196480983740928
