3 0.9467703159937125 0.8190011655350529 0.03726126423813492 0.13976594198050207
2 0.9542012853486942 0.2052094687754019 0.03338970408622033 0.26344309928761706
3 0.673442397821145 0.8175424693201304 0.03696822036159497 0.1404114317083638
2 0.6810034986819089 0.2030759748901888 0.03320345705793182 0.2595501422930233
6 0.051684372198386286 0.23703776101523175 0.04822568893015711 0.4096847510683484
24 0.721829753838211 0.12519393409332147 0.019264452658064424 0.1071446555782603
11 0.8542103320229342 0.7179079943699582 0.0113227839645057 0.1897262450272056
12 0.7993339258420747 0.23896190020422878 0.04041056638044327 0.40579269648666777
11 0.5810530234733151 0.7177133529703521 0.0113227839645057 0.1897262450272057
12 0.525759654126363 0.23810969032655122 0.04041056638044327 0.40579269648666827
2 0.40011647532204936 0.8190582729859464 0.03696822036159475 0.14041143170836345
2 0.40767757618281325 0.20459177855600508 0.03320345705793193 0.2595501422930233
3 0.19525363693910053 0.8146413327029478 0.03696822036159497 0.14041143170836345
2 0.20281473779986503 0.20017483827300597 0.03320345705793204 0.2595501422930233
11 0.10300803860706792 0.7143223341972079 0.0113227839645057 0.1897262450272057
