3 0.9702858830496555 0.8068827228357962 0.037767951576674785 0.10892904791725078
2 0.9780105527357394 0.33018898500449634 0.03392174538228354 0.201355043124184
6 0.3350774046744156 0.3565360208772874 0.049268952263607835 0.31782718356423434
11 0.8758978551046289 0.7294368164299144 0.011567729046780384 0.14718672820496215
12 0.8194083277327255 0.3573676072936922 0.04128476565315353 0.3148077869605095
2 0.6910471178447176 0.8080586602088282 0.037767951576674674 0.10892904791725055
2 0.6987717875308017 0.33136492237752857 0.03392174538228365 0.20135504312418398
3 0.4817524944025422 0.8046320652807624 0.037767951576674896 0.10892904791725055
2 0.48947716408862685 0.32793832744946205 0.03392174538228376 0.20135504312418395
2 0.20735310627152231 0.8075730494490347 0.028419394312310442 0.10892904791725055
2 0.21040349732542302 0.3308793116177352 0.03392174538228365 0.20135504312418398
11 0.3875113527709335 0.7268061157673407 0.011567729046780384 0.14718672820496215
