6 0.4338449530847296 0.968969373008385 0.36392994120489663 0.060242636578686226
7 0.36901809358891435 0.6101479614620968 0.3689086461018052 0.059407739620962574
23 0.15952545265491952 0.8509353493660723 0.14448307073534117 0.015381063112582471
29 0.16887312835395557 0.7964494557322543 0.16888420826757933 0.02528185918784276
11 0.8211534459832355 0.8987864310955231 0.08544616352596046 0.027898546867578866
32 0.8431454904040137 0.11698094500653389 0.053674716562590596 0.0076950765655994235
18 0.9356662489953851 0.24951164619356647 0.08487325514960453 0.019034475270930606
34 0.8059664597207865 0.2436061320776135 0.1293749901190614 0.010773989325403077
19 0.7712589603946256 0.2615638961067795 0.07955544151200489 0.006785696964015098
16 0.8528022489469067 0.36336929582326094 0.0630980880592622 0.06494643765550445
17 0.4598639777253759 0.14999085086595548 0.1536121958309855 0.048968759794676964
32 0.4320924350208964 0.1840912308662206 0.05362205370087059 0.007349223232309798
23 0.16316594689569752 0.3034416045165476 0.1674256118617099 0.014251927974261558
14 0.44279368685818565 0.37270920925478856 0.06629287149407381 0.0464760399866091
18 0.5249116392997817 0.24946902613197441 0.08487325514960453 0.01903447527093083
34 0.39521185002518383 0.24356351201602122 0.12937499011906028 0.010773989325403077
19 0.3605043506990197 0.2615212760451866 0.07955544151200489 0.006785696964014987
