6 0.9358292437856397 0.794455339938003 0.05318984010118144 0.3785651935321712
7 0.6190161926155024 0.7270215021782809 0.05245268717753282 0.3837441144437007
23 0.8316138375453539 0.509104224209407 0.013580353284767921 0.1502933818909179
29 0.7835067802393976 0.5188278117998253 0.022322031770729556 0.17567579841238812
36 0.5619085604536982 0.24767061873880641 0.013251324383787288 0.26749131321715736
24 0.5405236117743455 0.3513243599329891 0.013664405480604214 0.17461728788720177
17 0.21273113399159232 0.8215207060521337 0.04323583181871482 0.1597896299796845
32 0.2428392743820702 0.7926323452764283 0.006488826366088052 0.05577843655747394
23 0.3482169213611393 0.5128911190228703 0.012583409577274884 0.17415854531459352
14 0.4093751479836839 0.8037639423618661 0.0410349426223231 0.06895880466407689
18 0.3005630838606138 0.8891842253306039 0.016806048897748616 0.08828638873470929
34 0.2953489470070161 0.7542686268358479 0.009512644233648615 0.13457773771097958
19 0.3112043386620354 0.7181653835689535 0.0059912739048132435 0.0827547220017637
18 0.30056952186812724 0.07211758442146932 0.016806048897748616 0.08828638873471051
