23 0.8213054887068902 0.16437257722248944 0.023050753061394924 0.08576218365854582
6 0.2896101323177941 0.8246088499732934 0.05806119127775489 0.33590266319821915
11 0.9269421269448463 0.43050042623757856 0.013632035957266697 0.1555575373919742
12 0.8603718204284503 0.8237299695426855 0.04865219505013896 0.33271154735636777
2 0.7091040459469411 0.3474071979783473 0.04450779161955165 0.11512406486041171
2 0.7182072134306241 0.8512114801412849 0.03997521474737853 0.21280651477105705
3 0.46245997078852225 0.3510286703430806 0.04450779161955187 0.11512406486041171
2 0.47156313827220586 0.8548329525060188 0.03997521474737864 0.21280651477105705
2 0.1390929286900423 0.34792042641168364 0.03349094740916181 0.11512406486041171
2 0.1426876740685289 0.8517247085746211 0.03997521474737864 0.21280651477105705
23 0.24584534359790672 0.16647127265016176 0.023050753061394924 0.08576218365854615
11 0.3514011254282466 0.4332807402079765 0.013632035957266697 0.1555575373919743
