6 0.14774387949290274 0.11677548821034142 0.2586168812957873 0.08488079273631649
7 0.19381131810897662 0.6223484111854407 0.26215486206501903 0.08370443792103288
2 0.8180874871317488 0.4415187862705676 0.1496554741157281 0.028985327119199045
2 0.8181794824648663 0.23723208386483208 0.14917579505326295 0.029091230761133957
2 0.8021677228302889 0.10992345687515562 0.17805809938759154 0.053775059421189264
4 0.8540526592642976 0.35554620411066984 0.07392568574004132 0.03361422541635478
23 0.34268154646500226 0.28308330715067764 0.10267295136504101 0.021671641619105675
29 0.3360388758217312 0.3598529524922188 0.12001295386047767 0.035621685430535455
36 0.5212799619238556 0.7134812493358648 0.18273673961538406 0.021146574540594765
24 0.4504688896428481 0.7476075297133946 0.11928983220133016 0.021805772817850344
26 0.9092769293816121 0.7282114927762984 0.1563877040883085 0.021525809785203465
14 0.1413847060421684 0.9568953476787321 0.04710922003608177 0.06548390544221039
14 0.6995639314251467 0.9568850738523693 0.047109220036081756 0.06548390544221039
