2 0.06528153440739864 0.19536616947965424 0.03568428476832486 0.2441764748462767
6 0.4006299897405875 0.7951076406704307 0.05136588475354675 0.3820779619127993
11 0.9644682621789256 0.3468225872567605 0.012060062367432733 0.17694145762645053
12 0.9055744879163301 0.7941079437924886 0.04304188372569595 0.37844817516007345
2 0.7717501053994036 0.2523068397489557 0.03937539076709695 0.13094974493556266
2 0.7798035442209086 0.8253672361714885 0.03536548645530191 0.2420602405212562
3 0.553547707878387 0.25642614254657686 0.039375390767097174 0.13094974493556266
2 0.5616011466998925 0.8294865389691104 0.03536548645530202 0.2420602405212563
2 0.2674696262547046 0.2528906197998127 0.029628950199738657 0.13094974493556266
2 0.2706498447925289 0.8259510162223453 0.03536548645530202 0.2420602405212563
11 0.45529557549708827 0.3499851007217414 0.012060062367432844 0.17694145762645053
