6 0.03762542597245046 0.21763957005829732 0.07406004381904313 0.3063011218817785
7 0.4787470463321243 0.16307813516811004 0.07303365273151763 0.3104914418383956
11 0.12390570931673664 0.5436172170097513 0.034297429874301566 0.07191564305438758
18 0.9220998414349729 0.6399967562043588 0.02340027184561122 0.07143345552721603
34 0.9293598595722965 0.5308351114352824 0.013245139437133457 0.10888827801777845
19 0.9072832562490845 0.5016235935642401 0.008342082004350826 0.06695772517713205
16 0.7821275062319055 0.5702543873999996 0.079842720900419 0.053106416848142546
14 0.7706453660519762 0.22517125922120618 0.057135904957414496 0.05579530182147652
18 0.9221522369443387 0.2942857181091438 0.023400271845611442 0.07143345552721592
34 0.9294122550816626 0.18512407334006786 0.013245139437133457 0.10888827801777734
19 0.9073356517584514 0.155912555469023 0.008342082004350826 0.06695772517713217
