6 0.38999272017045417 0.09988968846739066 0.558121807065217 0.05487840645359987
7 0.4894109869071194 0.4267602968175323 0.5657571331521755 0.05411785184983542
23 0.8106882386161709 0.20741352030260612 0.22157878041625445 0.014011475611268476
29 0.796352672721997 0.2570477857770056 0.2590002877779478 0.023030667699958984
17 0.3500900262551546 0.8459432938104556 0.23557917779613569 0.04460839790819782
32 0.3926803763315898 0.8148793394393274 0.08223461199975418 0.006694820853900496
23 0.8051051881599579 0.7061563703339386 0.25676338894206885 0.012982882897188408
14 0.37626897035187334 0.6430566127075039 0.10166653810158366 0.04233763921350808
18 0.2503331381489514 0.7553230280725762 0.13016135572350418 0.01733957425958199
34 0.44924032486256416 0.7607026930802563 0.19840907575571287 0.009814632939478707
19 0.5024676360821357 0.744343955658411 0.12200597354410236 0.006181473076394606
