3 0.2061801840633066 0.797736482687993 0.03991259189481933 0.11820524421190726
2 0.1980168716295615 0.2804483876204509 0.03584798018643984 0.21850206626128
6 0.8774587603993824 0.3090390883485892 0.052066673004240394 0.3448927588069308
24 0.153938967832492 0.21488345789851393 0.02079878959543241 0.09019963705615108
11 0.011014803774649324 0.7138592847980669 0.012224598616545963 0.15972087780879118
12 0.07026189717345319 0.310658923286285 0.04362910706561139 0.3416162359717446
11 0.30592800415565397 0.7136954261015616 0.012224598616546012 0.15972087780879118
12 0.3656252701762569 0.3099414911264884 0.04362910706561135 0.34161623597174495
2 0.5012754278233922 0.7990125607132297 0.03991259189481916 0.11820524421190692
2 0.493112115389647 0.281724465645688 0.035847980186439865 0.21850206626128
3 0.7224547754580803 0.7952941632973722 0.03991259189481944 0.11820524421190692
2 0.7142914630243345 0.2780060682298299 0.035847980186439976 0.21850206626128
11 0.8220473683475312 0.7108406998351191 0.0122245986165459 0.15972087780879118
