6 0.7315607819413719 0.05198760271688885 0.2499200304203537 0.10377080810369588
7 0.6870425138274314 0.6700745583306631 0.2533390348451334 0.1023326583661236
2 0.0837597027010003 0.44900173724146997 0.14462281215431427 0.03543594164645847
2 0.08367080101625307 0.19925152273372582 0.1441592638921797 0.03556541388806278
2 0.09914411209674734 0.04361066836128108 0.17207030489491149 0.06574256898490927
4 0.04900397883485569 0.3438961646155334 0.07143968922842936 0.041094990077095606
23 0.5431785409382456 0.2553068249938739 0.09922023264657054 0.026494613106812892
29 0.5495978297368758 0.3491613694450991 0.11597712001384208 0.043549205467784846
36 0.3705860898930528 0.7814887894516063 0.1765916103185835 0.025852693618443
24 0.43901590487611497 0.8232097910844575 0.11527831572022351 0.026658594879802378
