2 0.07489677302843173 0.28220052616691693 0.029690102550885222 0.19152108280754465
3 0.9049150547276975 0.3279710478123359 0.032761183177587805 0.1027111107211287
2 0.9116156913258564 0.7774539380295871 0.029424855407271466 0.18986120345324753
23 0.7452829747382437 0.16356284902302443 0.016967140267951653 0.07651509831692671
6 0.3539139957012334 0.75261085557871 0.04273753546837167 0.29968482847705835
23 0.9876072668486588 0.16282567967098077 0.016717608036660114 0.07806601066992569
24 0.9477958593336203 0.8344247332002341 0.0170721299584784 0.07837642881623264
11 0.8230397254025019 0.4009961519498057 0.01003423469977982 0.1387849487936853
12 0.7740388218165832 0.7518267381543622 0.035811785218504144 0.2968377864363366
2 0.6626940192926636 0.32686223582846213 0.03276118317758758 0.10271111072112837
2 0.6693946558908226 0.776345126045713 0.029424855407271466 0.18986120345324753
3 0.48114486953925134 0.3300932323145456 0.032761183177587916 0.10271111072112837
2 0.4878455061374106 0.7795761225317969 0.029424855407271577 0.18986120345324742
2 0.24312167148129027 0.3273201267351596 0.02465193223337825 0.10271111072112837
2 0.24576768260734333 0.7768030169524104 0.029424855407271466 0.18986120345324742
23 0.32169972022703053 0.1654352580515186 0.016967140267951653 0.07651509831692693
23 0.13758650317441312 0.05180686763085007 0.015314809759477077 0.07354765645646189
11 0.39939695431037986 0.4034766857669471 0.01003423469977982 0.1387849487936853
