6 0.09068329728023422 0.24979068594149592 0.0603452208895907 0.3611376398657286
7 0.4501157286844129 0.31412015265345583 0.05950890222568106 0.3660781449808195
23 0.20891831542853628 0.5220054331710773 0.015407254790935049 0.14337450497522353
29 0.26349699049042374 0.5127294787689647 0.025324910459341876 0.16758842150337788
36 0.5149057839041695 0.7714037319959723 0.015033963168494369 0.25517713511508866
24 0.5391675498600974 0.6725217742838748 0.015502614136147286 0.16657864036298276
17 0.9110564188643706 0.22397129576100797 0.049052146358822823 0.1524335856327937
32 0.8768979709543563 0.25152975757517193 0.0073617378738293215 0.053210631293958616
23 0.7573443612484307 0.5183928711111748 0.014276196902272331 0.1661410163742798
14 0.6879588040116997 0.24091061252947307 0.04655518181715246 0.06578423053631882
18 0.8114088469610321 0.15942272110405298 0.019066888170498175 0.08422205370344384
34 0.8173244172951478 0.28812737133050825 0.010792335837664258 0.12838234313604957
19 0.7993360738466053 0.3225685727078781 0.0067972520035450845 0.07894504170500743
18 0.8114015428784338 0.9388750409483171 0.019066888170497953 0.08422205370344493
