12 0.2725548641219032 0.09434641747971895 0.03036410741871244 0.03290647152737933
12 0.28113284276603184 0.5930660835113324 0.03036410741871244 0.03290647152737933
11 0.15360242373974578 0.2852170412405708 0.009714460021337152 0.02052273837709493
11 0.15365119105285416 0.39480887113143304 0.009714460021337152 0.02052273837709493
11 0.4026362472713283 0.3944182807906617 0.009714460021337152 0.02052273837709493
11 0.402685996422724 0.28527814388391787 0.009714460021337152 0.02052273837709493
11 0.6803309784270958 0.28546594752898735 0.009714460021337152 0.02052273837709493
11 0.6803363527339499 0.3950729446177673 0.009714460021337152 0.02052273837709493
13 0.2182777173844115 0.2671931370054044 0.02747613586284946 0.03657213672986349
13 0.21829590676491986 0.4081673041912434 0.02747613586284946 0.03657213672986349
13 0.49430657051637966 0.40824579373868447 0.02747613586284946 0.03657213672986349
13 0.4941043940145258 0.2673996155199337 0.02747613586284946 0.03657213672986349
13 0.7448370512875269 0.2672931822327714 0.02747613586284946 0.03657213672986349
13 0.7449450826300402 0.4080611246154341 0.02747613586284946 0.03657213672986349
36 0.08517242349959225 0.8871174413359266 0.08491195737268253 0.10275443349845537
26 0.23595553687837062 0.04931574783626025 0.01689629257246027 0.011676163346907185
42 0.2320194687222861 0.06601537680916239 0.02496043220931625 0.012219240711879624
42 0.3041143624794771 0.6271984268191172 0.02496043220931625 0.012219240711879624
26 0.30056977424757003 0.6436816351397668 0.01689629257246027 0.011676163346907185
2 0.1870344876039049 0.15900188718026878 0.01571522633407599 0.013641609146550972
4 0.1826340157922721 0.17357458548311566 0.0066654235830736095 0.017166968813637194
3 0.15553369418185134 0.2527729297689845 0.026687163837042772 0.01594995334595612
2 0.18780718671330301 0.25462023375207776 0.01711388147780873 0.012797055591522952
2 0.1876485062796771 0.2863184477199929 0.016637840176931526 0.015377795135813282
34 0.22597001251116888 0.15994177513543456 0.013170475990929744 0.017840764675747096
26 0.307067582411153 0.15730657601711853 0.011409254318539157 0.01131333900120144
32 0.36426039288383427 0.18610450959724203 0.027670720243813528 0.020493835403815802
25 0.21658917705951175 0.22325192232642252 0.011724839710062942 0.011217053486183405
24 0.23597457380703182 0.22335642903592112 0.011182935353715508 0.011008040067186153
34 0.22601143982483907 0.3727576374186342 0.013292913861202882 0.01728192619408565
26 0.2581329343161787 0.3883754144008501 0.01699480558216285 0.011313339001201444
25 0.2227064767067692 0.4597762986737054 0.011724839710062942 0.011217053486183405
24 0.24205202649276963 0.45958040712686127 0.011182935353715508 0.011008040067186153
34 0.22596648651922924 0.5289333046456465 0.013292913861202882 0.01728192619408565
3 0.15418357585791806 0.42823344766590155 0.023519108979706427 0.015949953345956065
4 0.18314744843756314 0.3778393727716171 0.007678784729443365 0.015396625154730854
2 0.18522896878774497 0.424634421265784 0.01131150256532847 0.020634799310591936
4 0.1830617246451982 0.49974131601443306 0.007678784729443365 0.015396625154730854
2 0.1874615212893391 0.5213645262518118 0.016513784386264906 0.012894335693735217
33 0.8088346386127158 0.7399427243863306 0.011379991483296442 0.010729355508523199
33 0.773122020220925 0.7400784937275736 0.011379991483296442 0.010729355508523199
33 0.7377759536308094 0.740078493727574 0.011379991483296442 0.010729355508523199
33 0.7020308508160094 0.7402068615270191 0.011379991483296442 0.010729355508523199
33 0.6657507334915972 0.7406148835893575 0.011379991483296442 0.010729355508523199
33 0.6277227162276928 0.7399706426919163 0.011379991483296442 0.010729355508523199
33 0.5922935163512182 0.7401432668911546 0.011379991483296442 0.010729355508523199
33 0.5561147362628165 0.7403722225181916 0.011379991483296442 0.010729355508523199
33 0.5179496771847341 0.7400552146302052 0.011379991483296442 0.010729355508523199
33 0.4824723391236227 0.7401922626150979 0.011379991483296442 0.010729355508523199
33 0.4462138600401595 0.7404166747493838 0.011379991483296442 0.010729355508523199
33 0.40811071990507125 0.7400018072039181 0.011379991483296442 0.010729355508523199
33 0.3725967823269968 0.7399590069785575 0.011379991483296442 0.010729355508523199
33 0.3364053047384194 0.7403057939068364 0.011379991483296442 0.010729355508523199
33 0.29828621379720827 0.7401195016399069 0.011379991483296442 0.010729355508523199
33 0.2627690430831505 0.7400496679891411 0.011379991483296442 0.010729355508523199
33 0.2265579798985382 0.7403514253343704 0.011379991483296442 0.010729355508523199
33 0.18861513564612584 0.7400512693972106 0.011379991483296442 0.010729355508523199
33 0.15299427637057744 0.7399720938271289 0.011379991483296442 0.010729355508523199
33 0.11680593979273027 0.7403229612461459 0.011379991483296442 0.010729355508523199
34 0.501957860943358 0.1596179516277422 0.013170475990929744 0.017840764675747096
34 0.7527493527462764 0.15980528978210382 0.013170475990929744 0.017840764675747096
26 0.5828986456476702 0.15721385600122634 0.011409254318539157 0.01131333900120144
26 0.8338018299265739 0.15727016288808332 0.011409254318539157 0.01131333900120144
32 0.6400257765315813 0.1859432344941026 0.027670720243813528 0.020493835403815802
2 0.4628368531072431 0.15875457703192558 0.01571522633407599 0.013641609146550972
2 0.7135674845671596 0.15907411673302613 0.01571522633407599 0.013641609146550972
4 0.458652188063314 0.17327465508164042 0.0066654235830736095 0.017166968813637194
4 0.7092563470576242 0.17334257593910085 0.0066654235830736095 0.017166968813637194
3 0.4047108963944306 0.25309271365709474 0.026687163837042772 0.01594995334595612
3 0.6822430226604531 0.25251452719902795 0.026687163837042772 0.01594995334595612
25 0.49262113547718905 0.22315946382951424 0.011724839710062942 0.011217053486183405
25 0.7434809004222609 0.22309310946375163 0.011724839710062942 0.011217053486183405
24 0.5119842430736599 0.22327852859591238 0.011182935353715508 0.011008040067186153
24 0.7628987853146778 0.22338091396167983 0.011182935353715508 0.011008040067186153
2 0.4637292414734819 0.2543467584077181 0.01711388147780873 0.012797055591522952
2 0.4635289342915623 0.2861426609618826 0.016637840176931526 0.015377795135813282
2 0.714587352857422 0.25438780315680276 0.01711388147780873 0.012797055591522952
2 0.7143473976552716 0.2865158837915452 0.016637840176931526 0.015377795135813282
34 0.5019086054434003 0.37271387281071555 0.013292913861202882 0.01728192619408565
34 0.7526294642552009 0.3727703852192888 0.013292913861202882 0.01728192619408565
26 0.5339067375370798 0.3884055553100132 0.01699480558216285 0.011313339001201444
26 0.7848707494336673 0.3883357432329664 0.01699480558216285 0.011313339001201444
4 0.45888813556179625 0.3779382549904021 0.007678784729443365 0.015396625154730854
4 0.7097514896315594 0.37773412812028495 0.007678784729443365 0.015396625154730854
2 0.711848351681541 0.39888693371909023 0.011670337019400692 0.020634799310592075
2 0.46118542624182735 0.3989751520749869 0.011670337019400692 0.020634799310592075
2 0.18513739976697446 0.3990490962777791 0.011670337019400692 0.020634799310592075
3 0.40323443279721244 0.42808559918262495 0.023519108979706427 0.015949953345956065
2 0.46106270164586727 0.424713699460648 0.01131150256532847 0.020634799310591936
2 0.7116955019932498 0.42441404008787037 0.01131150256532847 0.020634799310591936
3 0.6806750369533642 0.4278620902370804 0.023519108979706427 0.015949953345956065
34 0.501789647185023 0.5289737463903844 0.013292913861202882 0.01728192619408565
34 0.7527489913427573 0.5288973344094683 0.013292913861202882 0.01728192619408565
24 0.518019405684749 0.459805749837875 0.011182935353715508 0.011008040067186153
24 0.7688134813182141 0.4595832310940158 0.011182935353715508 0.011008040067186153
25 0.49861536349584845 0.4596918172798629 0.011724839710062942 0.011217053486183405
25 0.7493127387532789 0.4596064453050476 0.011724839710062942 0.011217053486183405
4 0.4592242756093694 0.49956197203539654 0.007678784729443365 0.015396625154730854
4 0.7096433159329544 0.4995008050801298 0.007678784729443365 0.015396625154730854
2 0.4634307161610714 0.5209737861119119 0.016513784386264906 0.012894335693735217
2 0.7142100259245894 0.521089177974799 0.016513784386264906 0.012894335693735217
35 0.8503676651693661 0.7404770654762095 0.013907301213526381 0.01226362791664353
30 0.07301790762621067 0.780387171698585 0.0074152499139037735 0.008737266968255601
