12 0.4298347463132553 0.36231057413638995 0.03325332943648622 0.04492606986625173
11 0.38490257284786267 0.42671334344583634 0.016502694604931256 0.012033376555027902
11 0.5738329064434933 0.4258710070869844 0.016502694604931256 0.012033376555027902
11 0.5488185951038088 0.10848591239613331 0.016018381197405028 0.010295592930078267
11 0.35954881283859935 0.10806269820507086 0.016018381197405028 0.010295592930078267
0 0.3722636072139038 0.4607973488981319 0.015466442928707835 0.03571137294692723
0 0.5612086082988919 0.46071330882055855 0.015466442928707835 0.03571137294692723
22 0.4424100373700384 0.6019523360541801 0.029380820829385628 0.06414738054236181
22 0.5029706530396105 0.6012645544562727 0.029380820829385628 0.06414738054236181
13 0.39149716268458085 0.141105630381651 0.028539453814198118 0.04966406965028306
13 0.5804332816690323 0.1383784211615383 0.028539453814198132 0.04739874287246307
25 0.4820081052973331 0.19144872973997992 0.013246985168773867 0.012652975113846306
26 0.4478150324685321 0.12562122629958966 0.011208987450500975 0.010731004210477244
34 0.41481758496778454 0.25828366626221944 0.01551142707796598 0.01954003751758543
4 0.37094797980920885 0.26200398579433637 0.006627170175430314 0.010834361815503154
4 0.3735620997027189 0.3594908027900858 0.006507293794197145 0.011259972597765339
26 0.46089177351901484 0.4048711311893571 0.013229560686952555 0.012657195474860312
42 0.467250910177719 0.4187488419421505 0.025820012161975027 0.012928421092178741
28 0.4114731408243872 0.4705955808333844 0.01450777911081273 0.012928421092178741
30 0.4247666124325328 0.47068598937249057 0.006582824882879791 0.008227177058659147
41 0.41307604686320404 0.4963317831664949 0.009631375823786257 0.013127319878212253
26 0.4348696709900196 0.515973038287305 0.013427684542650885 0.013027870485195533
38 0.36938753146944914 0.5297458288218452 0.011440054893548341 0.005243695268156389
41 0.6018979047895912 0.49662799270779023 0.009631375823786257 0.013127319878212253
26 0.6177784349780716 0.4991188392443652 0.013427684542650885 0.013027870485195533
38 0.5644875876043665 0.5297076120344498 0.011440054893548341 0.005243695268156389
4 0.562661777850468 0.3596305295182753 0.006507293794197145 0.011259972597765339
4 0.5599170017113733 0.2609537267483602 0.006627170175430314 0.010834361815503154
34 0.6039403928990928 0.2632687638013645 0.01551142707796598 0.01954003751758543
25 0.6711309132286415 0.19144872973997987 0.013246985168773867 0.012652975113846306
26 0.6369378403998407 0.12435248324789808 0.011208987450500975 0.010731004210477244
8 0.46985631242258724 0.31535569922766604 0.0064389405687877875 0.008139546775767968
28 0.6002187784082857 0.47059558083338454 0.01450777911081273 0.012928421092178741
30 0.6139134097137402 0.4709697300971191 0.006582824882879791 0.008227177058659147
14 0.04028273726889279 0.587718256355135 0.006082178681714361 0.03494492551580106
40 0.04431540809197358 0.6820733902482787 0.011670134209843183 0.005768064794971931
20 0.04719779063777822 0.6679018517433906 0.007170805357855457 0.0052708178298881865
19 0.033383445021909625 0.6763550501498152 0.007241107371167762 0.014221263201396685
29 0.07392956724054779 0.7064084609990965 0.010416432782283743 0.010891168452424596
15 0.04443967246789527 0.7612647138660884 0.07370758414420338 0.0683901313115489
34 0.0732491706113555 0.8880224061934417 0.09117265847932489 0.09784898016869636
33 0.29337201390253237 0.8976368079907246 0.012682483201540393 0.011923982222709455
33 0.33714204739077563 0.8975274136584064 0.012682483201540393 0.011923982222709455
35 0.3823399045758639 0.8976064760050558 0.014894941963990216 0.011357105738953712
40 0.11070472770237877 0.6823645979609101 0.011670134209843183 0.005768064794971931
19 0.09956690627693371 0.6765006540061311 0.007241107371167762 0.014221263201396685
20 0.11317539353742122 0.6679018517433906 0.007170805357855457 0.0052708178298881865
14 0.106672056879298 0.5874270486425034 0.006082178681714361 0.03494492551580106
25 0.13206445482848678 0.6518213567540388 0.012557359678247186 0.013104347068425361
39 0.04116518853016253 0.722574729723501 0.0050418082083138974 0.005841573526016946
39 0.10731299196492541 0.7240212663491993 0.0050418082083138974 0.005841573526016946
17 0.10510926562000966 0.7480050039176556 0.01330114091868875 0.036428312662039185
39 0.17095513182276986 0.7236689050169148 0.0050418082083138974 0.005841573526016946
39 0.2991112216734977 0.7238183406187434 0.0050418082083138974 0.005841573526016946
39 0.3380585370485165 0.7238183406187436 0.0050418082083138974 0.005841573526016946
39 0.37707615443684767 0.7238183406187436 0.0050418082083138974 0.005841573526016946
39 0.4182295840858589 0.7632628067768075 0.0050418082083138974 0.005841573526016946
39 0.5285509481741854 0.7631304396347022 0.0050418082083138974 0.005841573526016946
39 0.5635102220667606 0.7238027251235291 0.0050418082083138974 0.005841573526016946
39 0.6258233702299429 0.7238027251235291 0.0050418082083138974 0.005841573526016946
39 0.6608465550437108 0.7238027251235288 0.0050418082083138974 0.005841573526016946
39 0.7838280542118272 0.7240516102202106 0.0050418082083138974 0.005841573526016946
39 0.8186885566807404 0.7239694206392052 0.0050418082083138974 0.005841573526016946
39 0.8577904202833715 0.7156682729576412 0.0050418082083138974 0.005841573526016946
17 0.16878607489244235 0.7480325138795247 0.01330114091868875 0.036428312662039185
17 0.296814409095521 0.7480187472614834 0.01330114091868875 0.036428312662039185
17 0.335832026483852 0.7481181966545002 0.01330114091868875 0.036428312662039185
17 0.37491994588549554 0.7480187472614835 0.01330114091868875 0.036428312662039185
17 0.561373107315978 0.7480827117542661 0.01330114091868875 0.036428312662039185
17 0.6587665915176129 0.7481578122350997 0.01330114091868875 0.036428312662039185
17 0.7818912017962087 0.7478774942074676 0.01330114091868875 0.036428312662039185
17 0.8164587017418705 0.7480962828721044 0.01330114091868875 0.036428312662039185
15 0.8610967016297028 0.7543575932301202 0.07397931717330655 0.06906282112772816
29 0.8904891576110162 0.7063483617063804 0.010710810230478604 0.010394659302387583
19 0.16301574006863842 0.6763331890166249 0.007241107371167762 0.014221263201396685
19 0.29134684766539526 0.6762038355138863 0.007241107371167762 0.014221263201396685
19 0.3303325095931299 0.6762942440529923 0.007241107371167762 0.014221263201396685
19 0.36938208244205745 0.6763846525920983 0.007241107371167762 0.014221263201396685
19 0.41029082398848965 0.670258569982266 0.007241107371167762 0.014221263201396685
19 0.5209036030361333 0.6761990113111654 0.007241107371167762 0.014221263201396685
19 0.5558437036523505 0.6765968088832325 0.007241107371167762 0.014221263201396685
19 0.6180458373539225 0.6764036846721683 0.007241107371167762 0.014221263201396685
19 0.6529591587659703 0.6763289668712542 0.007241107371167762 0.014221263201396685
19 0.7761999848766957 0.6763687673023129 0.007241107371167762 0.014221263201396685
19 0.8110023865081609 0.6763687673023129 0.007241107371167762 0.014221263201396685
19 0.8499299475984476 0.6762865777213075 0.007241107371167762 0.014221263201396685
40 0.17405043780338939 0.682220650400081 0.011670134209843183 0.005768064794971931
40 0.30221902870420275 0.6821347677413006 0.011670134209843183 0.005768064794971931
40 0.34116634407922164 0.6819358689552669 0.011670134209843183 0.005768064794971931
40 0.3802542634808651 0.6821347677413006 0.011670134209843183 0.005768064794971931
40 0.42109973321531635 0.6758694559812446 0.011670134209843183 0.005768064794971931
40 0.5319220332387284 0.6820048972965702 0.011670134209843183 0.005768064794971931
40 0.566608233195297 0.6821692764585814 0.011670134209843183 0.005768064794971931
40 0.6290591766368802 0.6819834106438536 0.011670134209843183 0.005768064794971931
40 0.6639196791057934 0.6820513359174121 0.011670134209843183 0.005768064794971931
40 0.7871785627318582 0.6819788631690354 0.011670134209843183 0.005768064794971931
40 0.8216968512682016 0.6819788631690357 0.011670134209843183 0.005768064794971931
40 0.8607847706698449 0.6819788631690357 0.011670134209843183 0.005768064794971931
20 0.17669298909026004 0.6677256710772486 0.007170805357855457 0.0052708178298881865
20 0.3050981675509989 0.6675494904111063 0.007170805357855457 0.0052708178298881865
20 0.34408053501774105 0.6677256710772486 0.007170805357855457 0.0052708178298881865
20 0.3830629024844833 0.6677256710772486 0.007170805357855457 0.0052708178298881865
20 0.42391343452630914 0.6613831670961305 0.007170805357855457 0.0052708178298881865
20 0.5343842330662463 0.6677256710772483 0.007170805357855457 0.0052708178298881865
20 0.5696302713828215 0.6677256710772483 0.007170805357855457 0.0052708178298881865
20 0.6319024238856047 0.6679018517433905 0.007170805357855457 0.0052708178298881865
20 0.666899373592169 0.6677256710772482 0.007170805357855457 0.0052708178298881865
20 0.7898246026326631 0.6679018517433901 0.007170805357855457 0.0052708178298881865
20 0.8248298949693362 0.6678782487351279 0.007170805357855457 0.0052708178298881865
20 0.8635548311959582 0.667725671077248 0.007170805357855457 0.0052708178298881865
25 0.23620551224991085 0.6455790608122094 0.012557359678247186 0.013104347068425361
25 0.4705376709262536 0.6493453454617669 0.012557359678247186 0.013104347068425361
25 0.5880333363745731 0.6549949215830838 0.012557359678247186 0.013104347068425361
25 0.7239786813583919 0.6454238982955469 0.012557359678247186 0.013104347068425361
14 0.17019946776881437 0.5875049275441648 0.006082178681714361 0.03494492551580106
14 0.20121099971520032 0.5794887072346964 0.006082178681714354 0.03406402218509024
14 0.2982706623143063 0.5876714032921153 0.006082178681714354 0.03406402218509024
14 0.33731569748782925 0.5874307357610148 0.006082178681714354 0.03406402218509024
14 0.37644579809746015 0.5873104019954645 0.006082178681714354 0.03406402218509024
16 0.41670361763447306 0.5903132149425337 0.007672902336931944 0.040371978342118676
14 0.46287528535492867 0.5509089338010937 0.021921445969201557 0.008136768519553375
16 0.5270128026008731 0.5902795155729946 0.007672902336931944 0.040371978342118676
14 0.5625829391592471 0.5875572435783161 0.006082178681714354 0.03406402218509024
14 0.6251060346985485 0.5877979111094167 0.006082178681714354 0.03406402218509024
14 0.659897798066677 0.5874369098127659 0.006082178681714354 0.03406402218509024
14 0.694476897844535 0.5780508760998443 0.005486720628958305 0.030454009218581202
14 0.7829623235035654 0.5873859092799945 0.006082178681714354 0.03406402218509024
14 0.8177298646325617 0.5875667263582067 0.006082178681714354 0.03406402218509024
14 0.8569908185457392 0.5874763178191007 0.006082178681714354 0.03406402218509024
38 0.20537240195145096 0.7546973689223031 0.010615604010158562 0.0055691660089384944
38 0.6984542886534301 0.755029573616398 0.010615604010158562 0.0055691660089384944
26 0.4333792041194621 0.6602460881757015 0.010439848976877764 0.009954884240977638
26 0.498183599990748 0.6718418874014556 0.010439848976877764 0.009954884240977638
3 0.3689627838623688 0.09335565035059806 0.02245727513248381 0.016967060942589336
3 0.5580570609203979 0.09313686168596122 0.02245727513248381 0.016967060942589336
3 0.3740178520287037 0.2751619568662217 0.018309456347057423 0.012591287649851464
3 0.5630295926288282 0.2740269975071355 0.018309456347057423 0.012591287649851464
3 0.3706453231814122 0.34342964679027504 0.018309456347057423 0.012591287649851464
3 0.5593899107207637 0.34019717840985847 0.018309456347057423 0.012591287649851464
19 0.6882051970825452 0.7380138486412099 0.0072411073711677685 0.013100496187683193
20 0.700526335943672 0.7302698075577162 0.007170805357855457 0.0052708178298881865
19 0.19505759308370677 0.7382366685293035 0.007241107371167763 0.013420441991659576
20 0.2074893990552728 0.7303498896786904 0.007170805357855457 0.0052708178298881865
