12 0.09964276178533775 0.22051582026985098 0.029943033509978383 0.03333245305742731
12 0.1333286744840634 0.22063615403540124 0.029943033509978383 0.03333245305742731
11 0.3090895641112533 0.058269133165834444 0.008042550322928065 0.02118795430437457
11 0.6276652442898913 0.058170571993689954 0.008042550322928044 0.020816723036571835
11 0.7397166641003449 0.05814299271756387 0.008042550322928041 0.02070125007152275
11 0.477135275891731 0.4219870765070104 0.01776823675927389 0.008042550322928008
11 0.40375889057638886 0.4219870765070097 0.016693658931582006 0.008042550322928008
0 0.3992225922829791 0.44809229648512156 0.010632453253018528 0.024574684720670325
0 0.47265391451426103 0.4478984977523652 0.010632453253018528 0.024574684720670325
22 0.4788976740872777 0.5901957129090639 0.030824715488877653 0.06666676406819474
22 0.5412320987425638 0.5903895116418202 0.030824715488877653 0.06666676406819474
13 0.27616840277019916 0.36260198005618294 0.02613609848374359 0.040623475912118734
13 0.5949320003079612 0.3639481231074383 0.025965356959684542 0.04062347591211875
13 0.7066197502086573 0.36301177871616247 0.026757896014571726 0.04062347591211861
42 0.08703999280269391 0.30385891745796767 0.020019131998968816 0.010686905052081091
42 0.12094995108666154 0.30371449982212867 0.020019131998968816 0.010686905052081091
26 0.09111925823333196 0.32020640573341974 0.011703859476999095 0.010597598761240197
26 0.12790281658961483 0.3200433657524776 0.011703859476999095 0.010597598761240197
34 0.1937594031145721 0.2762623141491314 0.013606457323013738 0.0175267979512818
10 0.1590362648538221 0.11655849107158041 0.01554956532932101 0.012665281809174726
10 0.19359944586541394 0.1166595288367828 0.01554956532932101 0.012665281809174726
4 0.16507326781947196 0.21448776046040222 0.008112029859672062 0.014866359849585297
10 0.15639235495329695 0.19555546402371898 0.016193945459390967 0.011501079301377148
2 0.16058113531036208 0.16989467279886145 0.017456385973126792 0.025207441891886628
10 0.19377501980851425 0.19555546402371898 0.016193945459390967 0.011501079301377148
2 0.19765738487988088 0.1698946727988615 0.017456385973126792 0.025207441891886628
10 0.22186308766421065 0.18065418978033826 0.012944086368649988 0.02502382156629512
2 0.22514190747586788 0.1562406417740894 0.014485086233019931 0.013391453505064497
2 0.2530906956562464 0.16044188208940402 0.01429937999926318 0.021531356615985837
34 0.26716186592247193 0.2080317648507684 0.013606457323013738 0.0175267979512818
26 0.2789726326617637 0.1945604386666308 0.008639072450906452 0.008533859561298021
4 0.24350711550988954 0.22316672600980694 0.007038062976220328 0.014866359849585295
10 0.22976831837150705 0.34482838489176537 0.017865925384676448 0.01133803932043602
10 0.22976831837150707 0.36869906850150647 0.017865925384676448 0.01133803932043602
2 0.23917516218683837 0.3542506476705401 0.01516926609812664 0.013686848197215917
2 0.25623348801079865 0.35867153572534916 0.009288509119536013 0.022001887225268937
24 0.29280943684050076 0.30000199784253306 0.010789787289078381 0.010189302818255091
25 0.2754375571150196 0.29998882716894487 0.010668071042287168 0.010174117568153378
38 0.2469181119986812 0.39144186092449396 0.009487621258792945 0.006214268873610313
2 0.41163864105168746 0.17749056523873946 0.014933579281270577 0.01319186159079429
2 0.3846534616023807 0.18148096877229844 0.01816799561949649 0.020993324678877042
10 0.38087669326982804 0.19597332281898605 0.017556687718246138 0.011649297465870014
4 0.3971417255166337 0.22455178488836772 0.008112029859672062 0.014866359849585297
10 0.38420379515072034 0.3690161912777538 0.017865925384676448 0.01133803932043602
10 0.3842253036288302 0.33587836306486774 0.017865925384676448 0.01133803932043602
2 0.39373448534743133 0.3539824820453723 0.01516926609812664 0.013686848197215917
24 0.41706745799455797 0.29124863762625214 0.010789787289078381 0.010189302818255091
2 0.45921982799923655 0.17768278511204105 0.014933579281270577 0.01319186159079429
2 0.4833504379564398 0.18128874889899682 0.01816799561949649 0.020993324678877042
10 0.4538798286722105 0.1955888830723828 0.017556687718246138 0.011649297465870014
4 0.47068864591270243 0.2239751252684629 0.008112029859672062 0.014866359849585297
24 0.49019294502051985 0.29124863762625214 0.010789787289078381 0.010189302818255091
2 0.46687356699823546 0.3537902621720707 0.01516926609812664 0.013686848197215917
10 0.4570924927827912 0.3360705829381693 0.017865925384676448 0.01133803932043602
10 0.4573428768015244 0.3690161912777538 0.017865925384676448 0.01133803932043602
2 0.5579805291468499 0.3544467059713386 0.01516926609812664 0.013686848197215917
10 0.5483600738043932 0.3446443487857876 0.017865925384676448 0.01133803932043602
10 0.5483456133555223 0.3688763115025639 0.017865925384676448 0.01133803932043602
24 0.6115312118088347 0.2998862875397148 0.010789787289078381 0.010189302818255091
25 0.5941966702485315 0.2999239100917856 0.010668071042287168 0.010174117568153378
34 0.5858645716508338 0.20813506139873986 0.013732248916138681 0.01719330708117287
26 0.5977086955662838 0.19464231979761554 0.008579900721790648 0.008450194271481401
4 0.5617458945470054 0.22333603496899243 0.008112029859672062 0.014866359849585297
2 0.5750273962328106 0.3582684466046899 0.009288509119536013 0.022001887225268937
2 0.5717956426856278 0.16025361885440018 0.01429937999926318 0.021531356615985837
2 0.5438690915872271 0.15634593779724 0.014485086233019931 0.013391453505064497
10 0.5405658560852619 0.1801874582523648 0.012944086368649988 0.02502382156629512
2 0.6839572938889462 0.16032524312279603 0.01429937999926318 0.021531356615985837
2 0.6559774382491875 0.15624515534586617 0.014485086233019931 0.013391453505064497
10 0.6524638627929426 0.18063580836551452 0.012944086368649988 0.02502382156629512
34 0.697755380137011 0.20786319234162676 0.013732248916138681 0.01719330708117287
26 0.7096766091712305 0.19459424572844644 0.008579900721790648 0.008450194271481401
4 0.6734978349567133 0.22316297287395645 0.008112029859672062 0.014866359849585297
25 0.7060828257195937 0.2999993554703979 0.010668071042287168 0.010174117568153378
24 0.7234620931762279 0.29999041104693097 0.010789787289078381 0.010189302818255091
2 0.6869334751331714 0.35814391909162424 0.009288509119536013 0.022001887225268937
2 0.6698883558824211 0.35428733303333837 0.01516926609812664 0.013686848197215917
10 0.6602041938251052 0.344835287568608 0.017865925384676448 0.01133803932043602
10 0.6605408435897747 0.3686835220054878 0.017865925384676448 0.01133803932043602
28 0.331399676110382 0.45481783433578293 0.011782132689387778 0.010289525468926454
30 0.31797151017762376 0.45475658716037265 0.0038984997869297732 0.006859683645950944
26 0.3519922357105812 0.4820496179030843 0.01129265438280656 0.011183734229916486
41 0.36895310857391855 0.4640224340081678 0.0073029748074717625 0.01057905757086597
26 0.4251845113640541 0.48160591003275033 0.01129265438280656 0.011183734229916486
41 0.4421667652791126 0.46395584767887754 0.0073029748074717625 0.01057905757086597
28 0.506532375346279 0.45468837077329516 0.011782132689387778 0.010289525468926454
30 0.5198211386227463 0.45465565909717476 0.0038984997869297732 0.006859683645950944
14 0.06372531773827614 0.5751427888750179 0.006752953954787934 0.03652214592290387
14 0.13188441350679628 0.5750702366261503 0.006752953954787934 0.03652214592290387
14 0.19770439195291678 0.5755549161518632 0.006752953954787934 0.03652214592290387
14 0.23013586972480912 0.56709306504921 0.006752953954787934 0.03652214592290387
14 0.33000132729296716 0.575362941986015 0.006752953954787934 0.03652214592290387
14 0.37021209856920434 0.5750374326640642 0.006752953954787934 0.03652214592290387
14 0.4104228698454417 0.575362941986015 0.006752953954787934 0.03652214592290387
14 0.6029667844336908 0.575188213419793 0.006752953954787934 0.03652214592290387
14 0.6692328481116304 0.5755935158895915 0.006752953954787934 0.03652214592290387
14 0.7035040417295797 0.5754986161884329 0.006752953954787934 0.03652214592290387
14 0.7391418736653563 0.5657762539267817 0.006752953954787934 0.03652214592290387
14 0.8306680774758719 0.5752197171592994 0.006752953954787934 0.03652214592290387
14 0.8662398185513276 0.5751795861086348 0.006752953954787934 0.03652214592290387
14 0.9067293594168474 0.5755354684364459 0.006752953954787934 0.03652214592290387
24 0.09082665746093653 0.6276393977920504 0.013115241151860843 0.012428537747220626
24 0.17947197969882805 0.6413204944907226 0.013115241151860843 0.012428537747220626
24 0.29114173861438014 0.6347970845670619 0.013115241151860843 0.012428537747220626
24 0.528997687448236 0.6431123273496473 0.013115241151860843 0.012428537747220626
24 0.6503201532766043 0.6444657630451459 0.013115241151860843 0.012428537747220626
24 0.8111329108979032 0.6377655609643113 0.013115241151860843 0.012428537747220626
24 0.9294142603072965 0.627371826597005 0.013115241151860843 0.012428537747220626
29 0.09829807602533638 0.6979045453107118 0.011012005714811954 0.010923678723124476
40 0.06785907338866196 0.6728864047581823 0.012113206286293143 0.006904743192900285
20 0.07061784026538316 0.6582698704667181 0.008371430522464383 0.006008023297718447
19 0.056570326168975144 0.6672370694185368 0.008181170737862911 0.015154566228573451
39 0.06465784505608002 0.7146946145356398 0.005587849694599346 0.006859683645950957
15 0.0691286673223678 0.7544299004018977 0.07490638288028449 0.07208245248810785
40 0.1361569410160831 0.6729229637951617 0.012113206286293143 0.006904743192900285
40 0.20157047262737568 0.6728429606882368 0.012113206286293143 0.006904743192900285
40 0.3339519642281941 0.6726206334414974 0.012113206286293143 0.006904743192900285
40 0.37427166890544333 0.6729441328943632 0.012113206286293143 0.006904743192900285
40 0.4144229474492004 0.6729215826126429 0.012113206286293143 0.006904743192900285
40 0.45691355453929994 0.6665410514209614 0.012113206286293143 0.006904743192900285
40 0.5709104844396499 0.6665006839362261 0.012113206286293143 0.006904743192900285
40 0.6069819965331413 0.6729531924043924 0.012113206286293143 0.006904743192900285
40 0.6732262983226198 0.6728290609249289 0.012113206286293143 0.006904743192900285
40 0.7075251743602854 0.6730244390067855 0.012113206286293143 0.006904743192900285
40 0.8345749464680112 0.6730018930821302 0.012113206286293143 0.006904743192900285
40 0.8703122598031253 0.6729349386908972 0.012113206286293143 0.006904743192900285
40 0.910737331215576 0.6726495249362707 0.012113206286293143 0.006904743192900285
19 0.12499060071582248 0.666970649269817 0.008181170737862911 0.015154566228573451
19 0.19057786143998548 0.6669395050745327 0.008181170737862911 0.015154566228573451
19 0.22309456817858436 0.6864971181753958 0.008181170737862911 0.015154566228573451
19 0.3226969636034321 0.6670112001425338 0.008181170737862911 0.015154566228573451
19 0.36290081023613047 0.6671600777204535 0.008181170737862911 0.015154566228573451
19 0.403299783701292 0.6669042317503089 0.008181170737862911 0.015154566228573451
19 0.4456982029543014 0.6606615539433308 0.008181170737862911 0.015154566228573451
19 0.5597920833083468 0.6606242492162192 0.008181170737862911 0.015154566228573451
19 0.595790837385489 0.6670590056456922 0.008181170737862911 0.015154566228573451
19 0.6618764035640868 0.6671075280547903 0.008181170737862911 0.015154566228573451
19 0.6961055773768814 0.6670977804915944 0.008181170737862911 0.015154566228573451
19 0.8233212818595114 0.6671700268370033 0.008181170737862911 0.015154566228573451
19 0.8590327854478497 0.6671650518893938 0.008181170737862911 0.015154566228573451
19 0.8995572509169331 0.6671027634988245 0.008181170737862911 0.015154566228573451
20 0.13908874705429097 0.6583414947351138 0.008371430522464383 0.006008023297718447
20 0.2048081052215871 0.6583854964439226 0.008371430522464383 0.006008023297718447
20 0.23652693972866157 0.6780273421564378 0.008371430522464383 0.006008023297718447
20 0.3371443952659622 0.6583141331962811 0.008371430522464383 0.006008023297718447
20 0.37724147817781045 0.6584663834555075 0.008371430522464383 0.006008023297718447
20 0.41764971362434816 0.6584445569749762 0.008371430522464383 0.006008023297718447
20 0.4596612368169874 0.6518015781656195 0.008371430522464383 0.006008023297718447
20 0.5739833183552576 0.6518547813802242 0.008371430522464383 0.006008023297718447
20 0.6098199922442642 0.6583320390111421 0.008371430522464383 0.006008023297718447
20 0.6760927513880585 0.6583729928641947 0.008371430522464383 0.006008023297718447
20 0.7104076990525456 0.6585363302011477 0.008371430522464383 0.006008023297718447
20 0.837508143600251 0.658389893806525 0.008371430522464383 0.006008023297718447
20 0.8733277683897961 0.6583438778971259 0.008371430522464383 0.006008023297718447
20 0.9136433993756056 0.6583502478047673 0.008371430522464383 0.006008023297718447
25 0.15828686411977452 0.641651442649329 0.01279929460046206 0.013206238456314641
25 0.2591309355320987 0.6349144039263386 0.01279929460046206 0.013206238456314641
25 0.5080178380892272 0.6435046441110182 0.01279929460046206 0.013206238456314641
25 0.6291538651635854 0.6446273130994515 0.01279929460046206 0.013206238456314641
25 0.7748602936025631 0.6350924946324009 0.01279929460046206 0.013206238456314641
39 0.13294561097380067 0.7162705874145238 0.005587849694599346 0.006859683645950957
39 0.1983842605134402 0.7160816958356123 0.005587849694599346 0.006859683645950957
39 0.33078309377796694 0.7161857653906593 0.005587849694599346 0.006859683645950957
39 0.3709864558470896 0.7161122550519725 0.005587849694599346 0.006859683645950957
39 0.4113430356876735 0.7161122550519725 0.005587849694599346 0.006859683645950957
39 0.4536257501577064 0.7565727204876623 0.005587849694599346 0.006859683645950957
39 0.5676976072020476 0.7566731202764998 0.005587849694599346 0.006859683645950957
39 0.6037403127616462 0.7161107344131028 0.005587849694599346 0.006859683645950957
39 0.6698799800855605 0.7162173509942888 0.005587849694599346 0.006859683645950957
39 0.7042474365307689 0.7162081744466728 0.005587849694599346 0.006859683645950957
39 0.8314531989996585 0.7162081744466728 0.005587849694599346 0.006859683645950957
39 0.8670416507093069 0.7160150324289658 0.005587849694599346 0.006859683645950957
39 0.9075536327389346 0.7077599549699819 0.005587849694599346 0.006859683645950957
26 0.4694029602972101 0.6503744424555432 0.010986681217711236 0.010412019819747034
26 0.51791649138664 0.6630739608373871 0.010986681217711236 0.010412019819747034
29 0.9413574998625042 0.697969465061695 0.01081613658620587 0.01071799249338622
15 0.9118539356584019 0.7456012820706384 0.0744180494331391 0.06853144170318547
14 0.4942882393997527 0.5358605345113485 0.03658690185674104 0.007112432872596486
39 0.3991914449015887 0.3909586024206026 0.005587849694599346 0.006859683645950957
39 0.39926818301471134 0.4127677269913207 0.005587849694599346 0.006859683645950957
39 0.47251584751026543 0.4125538303310015 0.005587849694599346 0.006859683645950957
39 0.47241102118266143 0.3911363055617819 0.005587849694599346 0.006859683645950957
38 0.6776559376785661 0.3913170442550599 0.009348602489057205 0.00595567533689502
38 0.5655464643227623 0.39144580319771244 0.009348602489057205 0.00595567533689502
38 0.23392721116910387 0.7280293855290912 0.011716002364927947 0.006810354591075101
38 0.7430096799535107 0.7297406484492721 0.011716002364927947 0.006810354591075101
19 0.7327529919698378 0.6881924291740149 0.008181170737862911 0.015154566228573451
20 0.7453204709987993 0.6796738205375735 0.008371430522464383 0.006008023297718447
18 0.13383794175352365 0.7414394118604599 0.007985368051536745 0.038336317877244216
18 0.19949032046928078 0.7410554786172121 0.007985368051536745 0.038336317877244216
18 0.3318919099098884 0.7412608728400291 0.007985368051536745 0.038336317877244216
18 0.37229547410789116 0.7412483287957922 0.007985368051536745 0.038336317877244216
18 0.41265023806238654 0.741035360525158 0.007985368051536745 0.038336317877244216
18 0.6050255254667328 0.7413027379749516 0.007985368051536745 0.038336317877244216
18 0.6710996806563742 0.741128297529318 0.007985368051536745 0.038336317877244216
18 0.7055452390821173 0.7412094808845605 0.007985368051536745 0.038336317877244216
18 0.8325070472422922 0.7409924746699265 0.007985368051536745 0.038336317877244216
18 0.8682670079574193 0.7409924746699263 0.007985368051536745 0.038336317877244216
16 0.45199470518138474 0.5784909544889452 0.009099605454076752 0.041286231457255164
16 0.5663021284223138 0.5786091582284693 0.008470647488452653 0.04128623145725517
38 0.7523515278946111 0.050686032952471205 0.012239729043053095 0.00558006703673335
38 0.6403859737607139 0.05063145807926015 0.012239729043053095 0.00558006703673335
38 0.3216707176608935 0.05083774945981359 0.012239729043053095 0.00558006703673335
38 0.39666764963043455 0.4909019701800013 0.010295880866148794 0.005480076482990367
38 0.46978953742561314 0.49084238082038695 0.010295880866148794 0.005480076482990367
