11 0.19292706636592402 0.3592206148174919 0.014904026822209388 0.012431174127094928
11 0.5220082103977675 0.35953454063671797 0.01539684393552864 0.01215371032057818
0 0.5335307170934912 0.3912803408477607 0.014129368937521099 0.03269468410001085
0 0.20451500640857623 0.3907456272485244 0.014129368937521099 0.03269468410001085
22 0.4658412776839965 0.5282986164856123 0.03089321485663067 0.0669380822940537
22 0.5280798032244283 0.5280854378795802 0.03089321485663067 0.0669380822940537
2 0.08849440768032556 0.2579502708434138 0.020585835538110123 0.0270750972488128
4 0.09453405364398598 0.2227526444199572 0.010548114077378743 0.018050064832541856
2 0.08853694039837952 0.17233279665439027 0.020500770102002245 0.027195431014363076
2 0.15020938157660157 0.10632972625006215 0.02050077010200222 0.027556432311013887
2 0.15142548231731037 0.16620843847273942 0.016877652515075694 0.014465379588861904
4 0.15563766556393982 0.22246143670732554 0.008383551145828512 0.01805006483254182
24 0.24500299356588986 0.18635919441408863 0.011143572130134012 0.010469037602874265
25 0.22186519494454288 0.18647952817963895 0.01097344125791822 0.01046903760287426
2 0.2645638246250743 0.10618232624339642 0.02039869157867274 0.027532365557903858
2 0.26624812026001093 0.16594609090394272 0.017217244268238226 0.014692752773688717
4 0.27022492939805465 0.2225330441539613 0.009076482032712207 0.01800193132632174
2 0.26624812026001055 0.2636992253487117 0.017030100308800235 0.015619322768426216
11 0.3235285967444996 0.15626060082589385 0.00784361305550545 0.01997206818435756
9 0.33041354598210987 0.14167195019740228 0.008017915567850068 0.02580752843575413
7 0.35366849669513484 0.11112734883104078 0.02993367631200654 0.045719610883173
24 0.3970136281682124 0.18875936644060992 0.01207929192732084 0.011431707727276544
25 0.3753219419606997 0.1885788657922845 0.012079291927320834 0.01179270902392735
34 0.3745269424670871 0.22535898745533733 0.01422294091723962 0.018134298468427075
2 0.4805114975839237 0.26351328688419196 0.016631058524079333 0.015156879223760904
4 0.48453558115059453 0.22277914381158903 0.008592658910094213 0.01684097691528989
2 0.4805101423448865 0.16641319867523102 0.016631058524079333 0.015156879223760904
2 0.47896267856189717 0.10618258992243898 0.020273981032079325 0.02709080638577193
25 0.5508569378076564 0.18651869330326726 0.011178020116656938 0.010740534445810034
24 0.5739863001874057 0.18636951921374212 0.011037416090032377 0.010442186266759763
2 0.6020755127969054 0.10574774927197822 0.020273981032079325 0.02709080638577193
2 0.6036820697053416 0.16640082309593107 0.016631058524079333 0.015156879223760904
4 0.6077649393657825 0.2225350966802923 0.008592658910094213 0.01684097691528989
2 0.603712192524458 0.2633955675575859 0.016631058524079333 0.015156879223760904
24 0.7346322377682045 0.18849929965198206 0.011565605521380246 0.010985588455226356
25 0.7128540488077825 0.1883681218890969 0.011719160849545862 0.01094466749932893
11 0.6609317773827034 0.15641900253354168 0.00784361305550545 0.01997206818435756
9 0.667794542846204 0.1416104200618455 0.008017915567850068 0.02580752843575413
7 0.6914526736543997 0.11118179944928151 0.02993367631200654 0.045719610883173
34 0.6976819095534954 0.22539042495757722 0.01422294091723962 0.018134298468427075
6 0.4000383467558137 0.3498928309343775 0.03170218672868921 0.04180286714827707
42 0.4367508507051414 0.3973769565914989 0.02126635902697325 0.011191040196175943
26 0.4332206351066638 0.41356184805801144 0.014546189574449704 0.01227404408612854
30 0.15489431702505396 0.4000987914773664 0.004609653219029854 0.008218958100558674
28 0.1640656062420821 0.4002346420244831 0.013540856330900177 0.011886922872708787
41 0.24215366556980034 0.42140520278701177 0.008250318917642767 0.011588730921787676
26 0.2625180090953904 0.4395280053987436 0.012491680051360577 0.011670920502793227
38 0.20744327240535598 0.44620817726855916 0.010593239801375706 0.005520871220163936
30 0.4839643936684483 0.40016098951811613 0.003855782848834297 0.007994804697816124
28 0.4929172045297828 0.4001983484185733 0.013732925215026417 0.012104283748095423
41 0.5711761671448278 0.4215124379687105 0.008274546966858675 0.011595799225754133
26 0.5915532057034004 0.439453108468934 0.012837147630827534 0.012033376555027902
38 0.5364320461197466 0.44630538024012884 0.010635219203684588 0.005894341920351448
14 0.046071304041830456 0.5088484888779975 0.0056241610649846755 0.032022704551396594
40 0.04963461115633085 0.5968095779619932 0.010607440646063006 0.005989774122871426
20 0.052275558313066704 0.5834715242450836 0.00680971498265773 0.005248771138598658
19 0.039463690701463855 0.5912829307042918 0.00694067104001652 0.013338053716909604
39 0.046696474401182894 0.6282558377971496 0.005272650998423129 0.005569166008938566
29 0.06339320256285613 0.6232336434498031 0.009420469783849318 0.009248793550558581
15 0.04959354225321653 0.6637603554207548 0.069047362695086 0.06395358180960549
25 0.07021218149364698 0.5567146079534121 0.012462629632636484 0.010668207614525112
24 0.07685891729771976 0.5892164777620713 0.013868669898882656 0.010758616153631283
14 0.10929851945549045 0.5089006711541544 0.0056241610649846755 0.032022704551396594
25 0.13122111227022784 0.5555233036744643 0.013959781308135528 0.010668207614525112
24 0.13108387954469622 0.5878928063410183 0.014149385838038701 0.010758616153631283
40 0.11316998538531621 0.5968095779619932 0.010607440646063006 0.005989774122871426
19 0.1029990649304492 0.5912829307042919 0.00694067104001652 0.013338053716909604
20 0.11571736056233341 0.5833391571029781 0.00680971498265773 0.005248771138598658
39 0.1101382766504496 0.6355429974229642 0.005272650998423129 0.005569166008938566
17 0.10813066842165284 0.6579237837363623 0.012526551451919735 0.034058597101361825
14 0.1708954261670669 0.5089122483946023 0.0056241610649846755 0.032022704551396594
20 0.17719415123750779 0.5834715242450836 0.00680971498265773 0.005248771138598658
19 0.16447585560562358 0.5914152978463971 0.00694067104001652 0.013338053716909604
40 0.1746467760604906 0.5966772108198879 0.010607440646063006 0.005989774122871426
39 0.17161506732562393 0.635410630280859 0.005272650998423129 0.005569166008938566
17 0.16960745909682717 0.6580561508784677 0.012526551451919735 0.034058597101361825
38 0.22416809047499997 0.6642535006278933 0.010419736963848722 0.005705722978900251
19 0.21470699562733447 0.6162642204325298 0.006515343859477052 0.012255049826957092
20 0.2261918424356542 0.609102616307293 0.00680971498265773 0.005248771138598658
14 0.22048011928090142 0.5009614002983136 0.005342953011735412 0.032022704551396594
24 0.260012523868097 0.5734045934080964 0.014124313583654688 0.010487390536312851
25 0.2430441742913534 0.5734045934080965 0.013932580820075615 0.010306573458100514
14 0.3068063441513762 0.5090946876694461 0.0056241610649846755 0.032022704551396594
40 0.3105882697923286 0.5965921320409364 0.010607440646063006 0.005989774122871426
19 0.30023680586492213 0.5913078068922644 0.00694067104001652 0.013338053716909604
20 0.31309795193028817 0.5835532044995764 0.00680971498265773 0.005248771138598658
39 0.3074715415028117 0.6353459072252197 0.005272650998423129 0.005569166008938566
17 0.30558807737816307 0.6581332073288678 0.012526551451919735 0.034058597101361825
14 0.3387937602084765 0.5089952382764293 0.0056241610649846755 0.032022704551396594
20 0.34519082100735693 0.5836625988318948 0.00680971498265773 0.005248771138598658
19 0.33240700715663446 0.5915265955569012 0.00694067104001652 0.013338053716909604
40 0.3426811388693974 0.5965921320409363 0.010607440646063006 0.005989774122871426
39 0.339641742794524 0.6353459072252197 0.005272650998423129 0.005569166008938566
17 0.33768094645523195 0.6580238129965492 0.012526551451919735 0.034058597101361825
39 0.3718119440862363 0.6354553015575379 0.005272650998423129 0.005569166008938566
17 0.36985114774694416 0.6579144186642308 0.012526551451919735 0.034058597101361825
40 0.37477400794646615 0.5968109207055732 0.010607440646063006 0.005989774122871426
19 0.3645772084483467 0.5916359898892197 0.00694067104001652 0.013338053716909604
20 0.3773610222990693 0.5834438101672579 0.00680971498265773 0.005248771138598658
14 0.371118625929476 0.5087764496117924 0.0056241610649846755 0.032022704551396594
16 0.4032063269755888 0.515061792051336 0.00597567113154619 0.044951125643575326
20 0.40941874036948184 0.5834438101672579 0.00680971498265773 0.005248771138598658
19 0.3966349265187592 0.5912381923171527 0.00694067104001652 0.013338053716909604
40 0.40690202803019127 0.5967114713125565 0.010607440646063006 0.005989774122871426
39 0.4039399641699613 0.6802572531115881 0.005272650998423128 0.005867514187988665
14 0.487446209271685 0.47493301768902013 0.020739093927130962 0.007955951441340784
24 0.5145124843969239 0.5204311149941875 0.013990100649149382 0.010641085052793242
25 0.4945467126162283 0.520480839690696 0.012724664409527823 0.012530623520111724
26 0.45036223308215995 0.6124498528381928 0.010826510050095484 0.010611250234888292
26 0.5041081222594198 0.6125592471705112 0.010826510050095484 0.010611250234888292
16 0.5873783477450314 0.5152744574554107 0.00597567113154619 0.044951125643575326
40 0.5909803209345843 0.5966742993309446 0.010607440646063006 0.005989774122871426
19 0.5809248916014633 0.5916491402221807 0.00694067104001652 0.013338053716909604
20 0.5936366053094183 0.5836395718003966 0.00680971498265773 0.005248771138598658
39 0.5880055558440052 0.6802522773503061 0.005272650998423128 0.005867514187988665
40 0.6232741117084879 0.5968176478128623 0.010607440646063006 0.005989774122871426
19 0.6130408262180419 0.5912879198242776 0.00694067104001652 0.013338053716909604
20 0.6256167108483514 0.5836414480969727 0.00680971498265773 0.005248771138598658
17 0.6181241968340208 0.6579901350634575 0.012526551451919735 0.034058597101361825
39 0.6201231804564883 0.6355170518062271 0.005272650998423129 0.005569166008938566
14 0.6194815386318733 0.5090384460825558 0.0056241610649846755 0.032022704551396594
24 0.6413003590410724 0.5877579269472532 0.014124313583654688 0.010487390536312851
25 0.6412569459569524 0.5554990591203492 0.013932580820075615 0.010306573458100514
17 0.6797736278117761 0.6581839337962139 0.012526551451919731 0.034058597101361825
17 0.7116943331847027 0.6581839337962139 0.012526551451919731 0.034058597101361825
39 0.6815263555032545 0.6352966569046087 0.005272650998423129 0.005569166008938566
39 0.7140213520964697 0.6352966569046087 0.005272650998423129 0.005569166008938566
40 0.6846199016120559 0.5968176478128622 0.010607440646063006 0.005989774122871426
40 0.7165279466961265 0.5968176478128622 0.010607440646063006 0.005989774122871426
19 0.6743866161216101 0.5914335236805932 0.00694067104001652 0.013338053716909604
19 0.7066034487387526 0.5914335236805932 0.00694067104001652 0.013338053716909604
20 0.6872712882849912 0.5834958442406567 0.00680971498265773 0.005248771138598658
20 0.7186805230007886 0.5834958442406567 0.00680971498265773 0.005248771138598658
14 0.6808045487849741 0.508995838084061 0.0056241610649846755 0.032022704551396594
14 0.7130520822913299 0.508995838084061 0.0056241610649846755 0.032022704551396594
38 0.7800970823308438 0.6643045472102622 0.01066942651321265 0.005678552869476714
20 0.7819280479645521 0.6090420408312707 0.00680971498265773 0.005248771138598658
19 0.7706256332639672 0.6163095376155501 0.006678758925299236 0.012350049737878932
14 0.7764470059125871 0.5012815159503243 0.005342953011735413 0.031200808741340135
24 0.8159149317407807 0.5732520340469738 0.01363859058258816 0.010342736873742618
25 0.7989018445192019 0.5733514834399907 0.014060402662461715 0.01034273687374301
14 0.868087636203735 0.5091282052261663 0.0056241610649846755 0.032022704551396594
14 0.8999956812878055 0.508995838084061 0.0056241610649846755 0.032022704551396594
14 0.9388280528710586 0.5091282052261663 0.0056241610649846755 0.032022704551396594
40 0.8715371866922811 0.5969666354035946 0.010607440646063006 0.005989774122871426
19 0.8613342174337442 0.5913151138502656 0.00694067104001652 0.013338053716909604
20 0.8741053829438203 0.583530534200468 0.00680971498265773 0.005248771138598658
20 0.9064251447386533 0.5835305342004677 0.00680971498265773 0.005248771138598658
19 0.8934998561247925 0.5914245081825841 0.00694067104001652 0.013338053716909604
20 0.94524591648971 0.5834211398681494 0.00680971498265773 0.005248771138598658
19 0.932397960090493 0.5914245081825843 0.00694067104001652 0.013338053716909604
38 0.9425281597350502 0.5966384524066393 0.010607440646063006 0.005989774122871426
39 0.9395886395321196 0.6280257823279171 0.004921140931861575 0.00596696358100559
29 0.9562693899634942 0.623143721216185 0.009267083572986182 0.009402488067038261
24 0.969802089736304 0.5891501105122747 0.013868669898882486 0.010668207614525112
25 0.9631233984716345 0.5566482407036156 0.012143075026671401 0.010939433231843548
17 0.8666324715152289 0.658268694900132 0.012526551451919731 0.034058597101361825
39 0.8686581072272666 0.635520121602291 0.005272650998423129 0.005569166008938566
17 0.8987622346240773 0.6578577469951041 0.012526551451919731 0.034058597101361825
39 0.9009040720110113 0.635520121602291 0.005272650998423129 0.005569166008938566
15 0.9427172695048904 0.6639667495246216 0.06865376151959719 0.0643569044916003
33 0.7210879077357621 0.7708972799799103 0.01200385870729981 0.010850769195534233
33 0.7618098587934377 0.7705749799047955 0.01200385870729981 0.010850769195534233
35 0.8034055084279099 0.770682413263167 0.013599308282320645 0.011065635912277556
36 0.888929009987405 0.764859234540389 0.08453736215317319 0.09169846348531674
2 0.15158232538089536 0.2641518302916184 0.016886869679445082 0.01428438088689219
30 0.6620500633076564 0.8102590090872749 0.006680103632116752 0.007687883613476246
