13 0.25229795952970036 0.4681395566544109 0.03736329150166989 0.04774496052452635
11 0.3124854545393785 0.4308948216365275 0.01822782164919892 0.013686762493688758
11 0.5202993299217512 0.4308948216365278 0.01951537209012678 0.013686762493688767
11 0.5952951401755601 0.28897254567531605 0.013686762493688746 0.012007991625419266
11 0.38817451088973287 0.289638276328194 0.012921002167459577 0.012354903940309789
11 0.7274240481288377 0.28867794333280394 0.013686762493688604 0.012007991625419266
0 0.32552864356561956 0.4676135923828514 0.01701308722157862 0.03938195963463684
0 0.5326894053872185 0.46750298141665103 0.017685104166831014 0.03931304120527616
22 0.4579328646088336 0.6134065001158827 0.030223749449134453 0.06896328103686493
22 0.5205756789478478 0.6103111467562976 0.030223749449134453 0.06896328103686493
12 0.7468353306518335 0.27937342895063283 0.031022854155931846 0.0453264804711203
2 0.24377460455439112 0.3210080388251433 0.01624929545370843 0.01758578376828116
2 0.24377460455439126 0.35042551544137757 0.016249295453708432 0.017340795066639887
4 0.24851153658407504 0.336610351800016 0.008056899559654893 0.011881952029593669
2 0.27037173196979103 0.31954681565740417 0.014776528867535513 0.015748368505972693
4 0.27408610955762613 0.3364222624642577 0.008056899559654893 0.011881952029593669
2 0.270356029678983 0.35186475087314456 0.014807933449152903 0.015547355276276242
2 0.27206552494647523 0.2625712627422604 0.020486452797887425 0.012184896482102713
24 0.31770751058997954 0.2953852977984805 0.012189376197854311 0.009830671553456077
25 0.29950171569788603 0.29535113307738387 0.012139080228105942 0.009617325064423567
24 0.40060839620975053 0.317301643400505 0.012189376197854311 0.009830671553456077
25 0.3824762888819299 0.317292029996177 0.012139080228105942 0.009617325064423567
2 0.3456615636955662 0.35181634899345504 0.014807933449152903 0.015547355276276242
4 0.3493173941985834 0.3362832413031323 0.008056899559654893 0.011881952029593669
3 0.3482770655697101 0.31976140245846507 0.02009143325391448 0.014904192062798496
2 0.34716184506686076 0.26248425086628924 0.020486452797887425 0.012184896482102713
34 0.37976779613912826 0.3759864234051565 0.0175800040971752 0.017360497170720787
6 0.4071121286831864 0.2798432372712361 0.03074366699841641 0.045058302381747295
2 0.47914995979570557 0.26217565847720825 0.020486452797887425 0.012184896482102713
2 0.4775719928830599 0.3194983134652258 0.014776528867535513 0.015748368505972693
4 0.48116925836194663 0.33629536827117584 0.008056899559654893 0.011881952029593669
2 0.47731183306629893 0.351563008392972 0.014807933449152903 0.015547355276276242
26 0.44965596602569413 0.2733904784047591 0.01151071696838837 0.010357114789350466
24 0.5248235271466749 0.29537544721979064 0.012493725855496074 0.009774246857482254
25 0.5066960191606398 0.2952865206488912 0.012243222471349725 0.009718560065101712
2 0.5526882922341957 0.35169353635579187 0.014807933449152903 0.015547355276276242
4 0.5564685048234748 0.33666673694980065 0.008056899559654893 0.011881952029593669
3 0.5554671472205218 0.3196252945224638 0.02009143325391448 0.014904192062798496
3 0.6874139190711628 0.3196809737728369 0.02009143325391448 0.014904192062798496
4 0.6884104863365517 0.336396941487609 0.008056899559654893 0.011881952029593669
2 0.6847360018715094 0.3516904739473629 0.014807933449152903 0.015547355276276242
24 0.607520748599212 0.3171820862807017 0.012493725855496074 0.009774246857482254
24 0.7399023984131958 0.31718208628070177 0.012493725855496074 0.009774246857482254
25 0.5896979679607237 0.31724806417846635 0.012243222471349725 0.009718560065101712
25 0.7215838648894999 0.3172669653547719 0.012243222471349725 0.009718560065101712
2 0.5542642439906985 0.2624649376601182 0.020486452797887425 0.012184896482102713
2 0.6863481144711443 0.26242491826238534 0.020486452797887425 0.012184896482102713
26 0.6567858322619122 0.2734279599831606 0.01151071696838837 0.010357114789350466
26 0.7889490429464611 0.27342516097964825 0.01151071696838837 0.010357114789350466
34 0.5868834985184869 0.37600189968290904 0.0175800040971752 0.017360497170720787
34 0.7191706213512699 0.3759477516090999 0.0175800040971752 0.017360497170720787
6 0.6142737936036722 0.27998112593495894 0.03074366699841641 0.045058302381747295
11 0.7379963992240702 0.22276061442433476 0.013686762493688604 0.012007991625419266
42 0.29392039541013715 0.5223563455569836 0.026862406712902034 0.013719675404698707
26 0.2738501941968853 0.5076257467014126 0.012052334570807725 0.011408993231275802
28 0.28288944512499115 0.4752039874555718 0.01562717957062361 0.013286422497181887
30 0.2681559763706025 0.47470042599446244 0.006128305713970082 0.009531563965369637
41 0.36585070806011216 0.495965161682799 0.009486782648172123 0.012672653064140353
26 0.38848316045011816 0.5190121061329396 0.014269483845109718 0.013450798427727917
28 0.48979097944411804 0.4746415332243381 0.01562717957062361 0.013286422497181887
30 0.47503701952808763 0.4749307716429553 0.006128305713970082 0.009531563965369637
41 0.5730576877784634 0.49603923114274423 0.009486782648172123 0.012672653064140353
26 0.5957423407549153 0.5187601167301621 0.014269483845109718 0.013450798427727917
36 0.0824190127653732 0.46233033246374633 0.09510799539572957 0.10170353496388762
30 0.07091450909911758 0.9617395709357752 0.0078646589995949 0.009531563965369715
33 0.14035260340850164 0.9175606264116273 0.013019762449955046 0.012514048956426018
33 0.18026094129487893 0.9176132591790634 0.013019762449955046 0.012514048956426018
33 0.22031627663832523 0.9174453588628617 0.013019762449955046 0.012514048956426018
35 0.26725056096524397 0.9174467934119943 0.015393746208663801 0.012391038551603999
15 0.047127806209063185 0.7771505163371104 0.07681914659557595 0.071797967075622
39 0.04374406512993745 0.7370597561986625 0.00576111635179623 0.00704342517218177
39 0.043815523428667146 0.6951181398160696 0.00576111635179623 0.00704342517218177
20 0.04986786626908599 0.6807043562106145 0.008359899626427922 0.006195519275801919
19 0.03568486414424967 0.6895492751767265 0.00789866378496983 0.015244238218091597
29 0.07755048094183208 0.7202440701228521 0.01088285967920367 0.010948949920170571
25 0.06747981751761352 0.6500029425004286 0.01193177207514873 0.009354114062660493
24 0.08567281652328582 0.6500586217508015 0.012010529646601837 0.009465472563406423
14 0.042897517881907224 0.5977501180493555 0.006592571298361708 0.036892141518854886
14 0.1114789297831394 0.5977125595577039 0.006592571298361708 0.036892141518854886
14 0.17695394952673918 0.5978366910371675 0.006592571298361708 0.036892141518854886
14 0.209351428911149 0.5900615408665005 0.006592571298361708 0.036892141518854886
14 0.3092229328229907 0.5978168258001435 0.006592571298361708 0.036892141518854886
14 0.3495041788170006 0.5976650736591348 0.006592571298361708 0.036892141518854886
14 0.3896445812435044 0.597520656023296 0.006592571298361708 0.036892141518854886
14 0.582327252781242 0.5977639974567126 0.006592571298361708 0.036892141518854886
14 0.6465379418915624 0.5977996661404592 0.006592571298361708 0.036892141518854886
14 0.6826254914725607 0.5977996661404592 0.006592571298361708 0.036892141518854886
14 0.7185153010558551 0.5872275731088702 0.006592571298361708 0.036892141518854886
14 0.8097246466854774 0.5979398826913369 0.006592571298361708 0.036892141518854886
14 0.8455659498005145 0.5976773051716298 0.006592571298361708 0.036892141518854886
14 0.8857713494088331 0.5976773051716298 0.006592571298361708 0.036892141518854886
25 0.13745319032039563 0.6639550461418351 0.012393007916606455 0.012451873700562355
24 0.15866264178887318 0.6639022102042216 0.012534661284622583 0.012652163100004872
25 0.2341503241688261 0.6574347459604951 0.012393007916606455 0.012451873700562355
24 0.25551652567663763 0.6572639952198888 0.012534661284622583 0.012652163100004872
25 0.4871132197507596 0.6614166341351784 0.012393007916606455 0.012451873700562355
24 0.5081501374532598 0.6616744413578323 0.012534661284622583 0.012652163100004872
24 0.6295796136235432 0.6670088568926877 0.012534661284622583 0.012652163100004872
25 0.6085944973010511 0.6669337481552184 0.012393007916606455 0.012451873700562355
25 0.7440675614654815 0.6574526287434524 0.012393007916606455 0.012451873700562355
24 0.7648010486224877 0.657359686019336 0.012534661284622583 0.012652163100004872
24 0.9299414956152015 0.6502167986649995 0.012010529646601837 0.009465472563406423
25 0.91186120506402 0.650005575000371 0.01193177207514873 0.009354114062660493
20 0.11810858963345831 0.6806146842210963 0.008359899626427922 0.006195519275801919
20 0.18394702068720986 0.6806146842210963 0.008359899626427922 0.006195519275801919
20 0.3160268906079866 0.6805912479021505 0.008359899626427922 0.006195519275801919
20 0.3563619649434969 0.6806809198916688 0.008359899626427922 0.006195519275801919
20 0.3964070707085423 0.6805845264489085 0.008359899626427922 0.006195519275801919
20 0.4389517906088974 0.674172420654742 0.008359899626427922 0.006195519275801919
20 0.5529806722176623 0.6739278606833288 0.008359899626427922 0.006195519275801919
20 0.5889708472721571 0.6806550533369834 0.008359899626427922 0.006195519275801919
20 0.6534818953442019 0.6805906738656573 0.008359899626427922 0.006195519275801919
20 0.6893723545593835 0.6806490336503762 0.008359899626427922 0.006195519275801919
20 0.8165112488895855 0.6805503731407605 0.008359899626427922 0.006195519275801919
20 0.8524299900431344 0.6807134131217026 0.008359899626427922 0.006195519275801919
20 0.8925640232062491 0.6807134131217026 0.008359899626427922 0.006195519275801919
19 0.10398089694993817 0.6896330926497543 0.00789866378496983 0.015244238218091597
19 0.16969115322000392 0.68932492525909 0.00789866378496983 0.015244238218091597
19 0.3019669131329001 0.6896464102558605 0.00789866378496983 0.015244238218091597
19 0.34222332351230833 0.6893667342091784 0.00789866378496983 0.015244238218091597
19 0.38251040645246087 0.6894455362242898 0.00789866378496983 0.015244238218091597
19 0.42486726280380294 0.6828528927093415 0.00789866378496983 0.015244238218091597
19 0.538963482058219 0.6828580683333613 0.00789866378496983 0.015244238218091597
19 0.5749453108276209 0.6892541660853777 0.00789866378496983 0.015244238218091597
19 0.6392397414268278 0.6892214923035895 0.00789866378496983 0.015244238218091597
19 0.6753777159148124 0.6892851913800041 0.00789866378496983 0.015244238218091597
19 0.8024313946415548 0.6893216332455223 0.00789866378496983 0.015244238218091597
19 0.8382891806228902 0.6892641571581234 0.00789866378496983 0.015244238218091597
19 0.878729564860288 0.6893865255548453 0.00789866378496983 0.015244238218091597
39 0.11206111238963551 0.6951534474858245 0.00576111635179623 0.00704342517218177
39 0.17763092415015158 0.6952015259069679 0.00576111635179623 0.00704342517218177
39 0.31004851795667016 0.6952885035140878 0.00576111635179623 0.00704342517218177
39 0.3503112309619906 0.695166390942159 0.00576111635179623 0.00704342517218177
39 0.3904565521737649 0.6952098890970652 0.00576111635179623 0.00704342517218177
39 0.43286115495989813 0.6887168788845098 0.00576111635179623 0.00704342517218177
39 0.5469165112656712 0.6887664026857097 0.00576111635179623 0.00704342517218177
39 0.5828352524192202 0.6952064819329249 0.00576111635179623 0.00704342517218177
39 0.6473156983790455 0.6950777229902727 0.00576111635179623 0.00704342517218177
39 0.6833915482603963 0.6951711487690144 0.00576111635179623 0.00704342517218177
39 0.8104633093156393 0.695305892554917 0.00576111635179623 0.00704342517218177
39 0.846364634652383 0.6952402663382377 0.00576111635179623 0.00704342517218177
39 0.8866977343630805 0.6951828517292664 0.00576111635179623 0.00704342517218177
39 0.11206111238963551 0.7386231558733434 0.00576111635179623 0.00704342517218177
39 0.17763092415015158 0.738526816658648 0.00576111635179623 0.00704342517218177
39 0.3100485179566701 0.73832495899409 0.00576111635179623 0.00704342517218177
39 0.3503112309619906 0.7384916816938393 0.00576111635179623 0.00704342517218177
39 0.3904565521737649 0.7385351798487452 0.00576111635179623 0.00704342517218177
39 0.4329599068438616 0.7790133979025796 0.00576111635179623 0.00704342517218177
39 0.5469656972658968 0.7789139974056084 0.00576111635179623 0.00704342517218177
39 0.5828749632465726 0.7386901618177513 0.00576111635179623 0.00704342517218177
39 0.6474178368076114 0.7385474313777918 0.00576111635179623 0.00704342517218177
39 0.6833915482603963 0.7382076042490168 0.00576111635179623 0.00704342517218177
39 0.8105756615870621 0.7383567897985032 0.00576111635179623 0.00704342517218177
39 0.8464769869238057 0.7386088823806695 0.00576111635179623 0.00704342517218177
39 0.8866977343630805 0.7299730602028656 0.00576111635179623 0.00704342517218177
26 0.4484884214953865 0.6725346922259006 0.010973550176530383 0.010622454206334868
26 0.4971941018942944 0.678860423382482 0.010973550176530383 0.010622454206334868
29 0.9205879275035455 0.7204339584988452 0.011133088713712236 0.011264575595436836
15 0.8901029817062688 0.7677842551996653 0.07681914659557582 0.06975120986470632
17 0.10997747317922282 0.7636809300272249 0.01448508623302011 0.03899276167651202
17 0.1756259165419985 0.7630466044453296 0.01448508623302011 0.03899276167651202
17 0.3078715705973392 0.7633994251691618 0.01448508623302011 0.03899276167651202
17 0.3480769702056577 0.7633994251691618 0.01448508623302011 0.03899276167651202
17 0.388468076047733 0.7633994251691618 0.01448508623302011 0.03899276167651202
17 0.5808147004440509 0.7631550500388272 0.01448508623302011 0.03899276167651202
17 0.6452640488693026 0.763588302946344 0.01448508623302011 0.03899276167651202
17 0.6815231910102919 0.7634438853105052 0.01448508623302011 0.03899276167651202
17 0.8084049246095895 0.7634650978485531 0.01448508623302011 0.03899276167651202
17 0.844153374607748 0.7636095154843922 0.01448508623302011 0.03899276167651202
38 0.21315562253355128 0.7703643059357421 0.012107440838274905 0.006440079247215197
38 0.7221211250311764 0.7702593315267883 0.012107440838274905 0.006440079247215197
20 0.72451652920306 0.7454437116862106 0.008359899626427922 0.006195519275801919
19 0.7120454117700666 0.7536954569641685 0.00789866378496983 0.015244238218091597
19 0.20288922708455107 0.7538146927517839 0.00789866378496983 0.015244238218091597
20 0.21520106319932852 0.7453158935744219 0.008359899626427922 0.006195519275801919
14 0.4731770190401796 0.5582470369896656 0.03692131142150487 0.006757812934387317
16 0.43149200563643264 0.6008002604029141 0.008651124899554398 0.042987353483816985
16 0.545707964530593 0.6007895961608883 0.008651124899554398 0.042987353483816985
38 0.3226638742845034 0.5277377412333274 0.012107440838274905 0.006440079247215197
38 0.5300471392599294 0.5277799713984701 0.012107440838274905 0.006440079247215197
