12 0.04198142815467475 0.38644049934280944 0.027585019621067616 0.03974985277422367
11 0.14988342547292965 0.3641049312316151 0.010806755765361773 0.008679219754189978
11 0.27483240839987205 0.2297742322749577 0.011823520420706342 0.008679219754189971
11 0.4213791235142558 0.364484363564495 0.010524589113773457 0.008679219754189949
11 0.5190782360692495 0.2298285380563087 0.011670134209843221 0.00867921975418999
11 0.6573890337586848 0.22969268750919233 0.011590102397888165 0.008679219754189987
0 0.156176578919607 0.39814076153009437 0.020176177410901754 0.04474988920010957
0 0.4279770235323072 0.3980317585102573 0.020176177410901754 0.04474988920010957
22 0.3921278291357816 0.5376140469555644 0.024003084237436464 0.05349485681043881
22 0.44024721970611397 0.5370534721087484 0.024908861001113277 0.05333469256849133
13 0.28327271365405343 0.20382759056668287 0.02613828854951623 0.03741286165290494
13 0.5279488054836825 0.20501049098596222 0.02613828854951623 0.03741286165290494
13 0.6663053422384762 0.20399565543540568 0.02613828854951623 0.03741286165290494
2 0.03950341726355805 0.2783320526558189 0.012197972666660293 0.016236626201264343
4 0.042999741259564656 0.2995276677479444 0.0064460015022975705 0.011392826268285545
2 0.03829595611588846 0.32081774580140715 0.014677115314497495 0.02047566570576081
2 0.09525617130805035 0.3269774295127156 0.017328068313278225 0.016135541413079664
4 0.10100885320276472 0.30212255612710703 0.0064460015022975705 0.011392826268285545
2 0.09562730819282045 0.27676125349599107 0.01739597238256544 0.011398099343852452
24 0.14195980900453944 0.2429327299423936 0.011311197874269773 0.011338574714627028
2 0.09547275462954662 0.18937826545405723 0.017328068313277854 0.01846293407866976
4 0.21598487678705464 0.3164868491139988 0.0064460015022975705 0.011392826268285545
2 0.20942973251945143 0.27646741123154384 0.01739597238256544 0.011398099343852452
2 0.20919421943683003 0.32883035435556623 0.018328683258590276 0.01189111215714737
2 0.36719064703192056 0.2766344628993717 0.01739597238256544 0.011398099343852452
2 0.36724291858388286 0.32681762138653103 0.01784034981144715 0.015442122942068568
4 0.37330474654095624 0.3022295963603156 0.0064460015022975705 0.011392826268285545
2 0.2098252910794422 0.19052267465408237 0.017328068313277854 0.01846293407866976
2 0.3667385591379268 0.18957865276170938 0.0180187113313811 0.01922245582988877
4 0.4599868672281442 0.31658437686824953 0.0064460015022975705 0.011392826268285545
2 0.4531108334262791 0.32900937737806774 0.018474549093452027 0.012018283342281909
2 0.454135373040906 0.19067231803628082 0.017530377884237277 0.017348311248958775
2 0.4534001824785496 0.27641629577101956 0.01774478198766838 0.011595377720792464
24 0.2891252921844248 0.2659192132892311 0.011311197874269773 0.011338574714627028
25 0.26433808953516746 0.2660584322337441 0.01101200571481194 0.010760638742182315
26 0.318774967040105 0.19663753718978227 0.011713572527275371 0.01182039861830635
34 0.23940112137133046 0.3260501676318714 0.013191345065701455 0.017217021987491726
24 0.4136026488082423 0.24303652415920327 0.011311197874269773 0.011338574714627028
24 0.5329823611201494 0.2659938089281194 0.011311197874269773 0.011338574714627028
25 0.5082436880909877 0.266044352001437 0.01101200571481194 0.010760638742182315
34 0.4833975479393546 0.3260906581245133 0.013191345065701455 0.017217021987491726
34 0.6218149955017316 0.32616822200777906 0.013191345065701455 0.017217021987491726
2 0.5915423170066298 0.3290461212965335 0.018474549093452027 0.012018283342281909
4 0.5982249513799038 0.3170944017667734 0.0064460015022975705 0.011392826268285545
2 0.5918795720669539 0.2763763442350855 0.01774478198766838 0.011595377720792464
24 0.671319176786436 0.26584014456005894 0.011311197874269773 0.011338574714627028
25 0.6465886105890246 0.2658918668201407 0.01101200571481194 0.010760638742182315
26 0.5627764549440666 0.1965270731198167 0.011713572527275371 0.01182039861830635
26 0.7011096354005493 0.19653074288602632 0.011713572527275371 0.01182039861830635
2 0.592254671148944 0.19039012165385233 0.017530377884237277 0.017348311248958775
26 0.066429929167935 0.4286138121137186 0.014095103142131103 0.011264575595436836
42 0.07562238773889007 0.44724368713694107 0.023900392284483173 0.011842246138792539
28 0.11629186240213218 0.4095419410299357 0.01220135998649184 0.010199292087798453
41 0.18982519398364978 0.47071902876668326 0.0073221189831472345 0.010271518799355837
26 0.21138796957181555 0.45278463086304604 0.01158855051663457 0.011412798665950876
26 0.3771903708426614 0.4479028089601348 0.01158855051663457 0.011412798665950876
41 0.394988934570606 0.46605209528672104 0.0073221189831472345 0.010271518799355837
28 0.3882439613764963 0.40937159042917853 0.012047883760246635 0.011718335590236552
15 0.06883648500770484 0.6653866084703263 0.05503104136105112 0.060260930280058134
29 0.10193662538764597 0.6632505389798724 0.008857824682547455 0.009411853445297153
40 0.07072411101299239 0.6023595077142345 0.009577314476557497 0.006063470365617376
19 0.06165500378672523 0.5979858189790653 0.006341992820048767 0.012717118513488158
20 0.07292645466235735 0.5908120598176105 0.006630265220960067 0.005217279390149039
25 0.08713227400335864 0.5658498218457165 0.010514135788992433 0.01057905757086597
24 0.10322410018331085 0.5656603257309123 0.010284046520325656 0.010215531886612611
14 0.06724659939157945 0.5252903023407195 0.005650139057861627 0.02942871656005919
40 0.1255834309709272 0.6021883551655336 0.009577314476557497 0.006063470365617376
19 0.1164095770664945 0.5978664655610166 0.006341992820048767 0.012717118513488158
20 0.1276003188833047 0.5909289779212853 0.006630265220960067 0.005217279390149039
25 0.1407327247946206 0.569309827596805 0.010514135788992433 0.01057905757086597
24 0.15697676932566987 0.5689804871788493 0.010284046520325656 0.010215531886612611
14 0.12229637324218162 0.5254431596986837 0.005650139057861627 0.02942871656005919
14 0.16879424758634706 0.5256061996796259 0.005650139057861627 0.02942871656005919
14 0.19439283678727123 0.5259322796415102 0.005650139057861627 0.02942871656005919
24 0.2382641711806184 0.5800432581193912 0.010284046520325656 0.010215531886612611
25 0.21327709564565878 0.5802556279069385 0.010514135788992433 0.01057905757086597
17 0.12094551416232661 0.6550518815866917 0.012134045313660692 0.027482676100149064
17 0.16768405907420486 0.6550518815866917 0.012134045313660692 0.027482676100149064
38 0.19660270595037058 0.6616113154185095 0.008301668601443858 0.0057210729312602415
19 0.16303302681816953 0.5979296297585224 0.006341992820048767 0.012717118513488158
20 0.17419373139494307 0.59095588410776 0.006630265220960067 0.005217279390149039
40 0.17229929274828526 0.6020048713066152 0.009577314476557497 0.006063470365617376
19 0.1892323097227433 0.6482524711548973 0.005995459505655266 0.01124718630363975
20 0.19945425080882317 0.6419639367621702 0.006630265220960067 0.005217279390149039
14 0.27421789800283364 0.5255658120216533 0.005650139057861627 0.02942871656005919
14 0.30696972468355516 0.525685165439702 0.005650139057861627 0.02942871656005919
14 0.33887743211992816 0.5254464586036046 0.005650139057861627 0.02942871656005919
40 0.27750687640121274 0.6026325752332424 0.009577314476557497 0.006063470365617376
19 0.2686557491693034 0.5978349720246895 0.006341992820048767 0.012717118513488158
20 0.27994482350097716 0.5909467855138518 0.006630265220960067 0.005217279390149039
17 0.2736117432269351 0.65507238852609 0.012134045313660692 0.027482676100149064
17 0.30572895195213085 0.6547319551182673 0.012134045313660692 0.027482676100149064
17 0.3382275428595478 0.6546126017002188 0.012134045313660692 0.027482676100149064
40 0.31000348312193393 0.6023393384462137 0.009577314476557497 0.006063470365617376
40 0.34208001440717667 0.6024586918642624 0.009577314476557497 0.006063470365617376
40 0.373701241716411 0.5974406509222777 0.009577314476557497 0.006063470365617376
20 0.3124356184216343 0.5910170977349385 0.006630265220960067 0.005217279390149039
20 0.34431681632801947 0.5909184585464685 0.006630265220960067 0.005217279390149039
20 0.375849204629302 0.5858878599344982 0.006630265220960067 0.005217279390149039
19 0.30120229372361057 0.5977264689173726 0.006341992820048767 0.012717118513488158
19 0.33335556312197584 0.5978349720246895 0.006341992820048767 0.012717118513488158
19 0.36474145138911523 0.5928438290881072 0.006341992820048767 0.012717118513488158
39 0.3709877413847496 0.6684903585693686 0.005092620234499191 0.006312908062080344
38 0.15446129784728022 0.45741239671031736 0.008656698976138699 0.0057210729312602415
26 0.4043522294671694 0.5817471557738885 0.011231669284306361 0.011244867485580583
26 0.41865342327637933 0.5818457949623586 0.011231669284306361 0.011244867485580583
16 0.37019663793783736 0.5275950829614248 0.007211178585641289 0.034498467496992855
16 0.46016239471578224 0.5272700757601715 0.007211178585641289 0.034498467496992855
14 0.4067290718578534 0.4956570966836514 0.02055839388891559 0.0077260134404976595
24 0.4307756238541509 0.5156995301362864 0.010284046520325656 0.010215531886612611
40 0.46381897702584035 0.6024262268112678 0.009577314476557497 0.006063470365617376
19 0.45487981515394565 0.5979607221153964 0.006341992820048767 0.012717118513488158
20 0.4660460769912618 0.5908590419573065 0.006630265220960067 0.005217279390149039
20 0.500532310940173 0.5910513460088839 0.006630265220960067 0.005217279390149039
20 0.563983776424216 0.591031977150251 0.006630265220960067 0.005217279390149039
20 0.6003796843536126 0.590884220371483 0.006630265220960067 0.005217279390149039
20 0.7078282859833952 0.5909867682552665 0.006630265220960067 0.005217279390149039
20 0.7390943105862355 0.5908970962657484 0.006630265220960067 0.005217279390149039
20 0.7725166127478925 0.5908074242762303 0.006630265220960067 0.005217279390149039
19 0.4895810782500913 0.5980241899627129 0.006341992820048767 0.012717118513488158
19 0.5530064162363173 0.5980504352947064 0.006341992820048767 0.012717118513488158
19 0.5891478559982727 0.5978666937684756 0.006341992820048767 0.012717118513488158
19 0.6965920923662675 0.5977393224712799 0.006341992820048767 0.012717118513488158
19 0.7279946906266777 0.5981542593460735 0.006341992820048767 0.012717118513488158
19 0.7614106507955148 0.5980556201576035 0.006341992820048767 0.012717118513488158
40 0.49836801608653014 0.6024921834011474 0.009577314476557497 0.006063470365617376
40 0.5618638569288918 0.6022240876057485 0.009577314476557497 0.006063470365617376
40 0.5980702939385502 0.6021254484172786 0.009577314476557497 0.006063470365617376
40 0.7057422175470434 0.6023422314965434 0.009577314476557497 0.006063470365617376
40 0.7368902176635026 0.6023422314965434 0.009577314476557497 0.006063470365617376
40 0.7703499939507733 0.6020207623996408 0.009577314476557497 0.006063470365617376
39 0.46113091627198827 0.6686794997057162 0.005092620234499191 0.006312908062080344
17 0.494229802571465 0.6543278365590368 0.012134045313660692 0.027482676100149064
17 0.5572329445866401 0.6550100148670606 0.012134045313660692 0.027482676100149064
17 0.593760286432993 0.6547930086524266 0.012134045313660692 0.027482676100149064
17 0.7010964516512398 0.6549449260923117 0.012134045313660692 0.027482676100149064
17 0.7323288636921339 0.6545868658381658 0.012134045313660692 0.027482676100149064
39 0.4958090479445072 0.6363500392151168 0.005092620234499191 0.006312908062080344
39 0.5594548318840268 0.6363375840605314 0.005092620234499191 0.006312908062080344
39 0.5956118355964501 0.6367708369680484 0.005092620234499191 0.006312908062080344
39 0.7030112352885218 0.6368351485407403 0.005092620234499191 0.006312908062080344
39 0.7342937661329878 0.6365019594344103 0.005092620234499191 0.006312908062080344
39 0.7678897120580576 0.634234244491485 0.005092620234499191 0.006312908062080344
39 0.3393493417520936 0.6368614521442835 0.005092620234499191 0.006312908062080344
39 0.30761045816459026 0.6366227453081861 0.005092620234499191 0.006312908062080344
39 0.2751118672571733 0.6367420987262347 0.005092620234499191 0.006312908062080344
39 0.16944145265312208 0.6365833157297601 0.005092620234499191 0.006312908062080344
39 0.12279596195584838 0.6370334426656092 0.005092620234499191 0.006312908062080344
39 0.0680628022820122 0.6357540962900162 0.005092620234499191 0.006312908062080344
15 0.7685091667746735 0.6644586467415023 0.05503104136105112 0.060260930280058134
29 0.8013937368744721 0.6618395817155757 0.008857824682547455 0.009411853445297153
24 0.5300019567899195 0.5722783172525412 0.010284046520325656 0.010215531886612611
25 0.5136408348858598 0.5726359989249246 0.010514135788992433 0.01057905757086597
14 0.49533291942246777 0.5253552024796775 0.005650139057861627 0.02942871656005919
14 0.5586227617293867 0.5255541642347745 0.005650139057861627 0.02942871656005919
14 0.594902880080122 0.5254115170441378 0.005650139057861627 0.02942871656005919
14 0.6222983864648868 0.5253030139368207 0.005650139057861627 0.02942871656005919
25 0.641364458509504 0.5744916045548786 0.010514135788992433 0.01057905757086597
24 0.6662521379893275 0.5746198128639034 0.010284046520325656 0.010215531886612611
14 0.7024141244381952 0.525299313818188 0.005650139057861627 0.02942871656005919
14 0.7335642736316036 0.5254003048680292 0.005650139057861627 0.02942871656005919
14 0.767167816629873 0.5252558872321903 0.005650139057861627 0.02942871656005919
24 0.7877644081663163 0.5667755403255819 0.010284046520325656 0.010215531886612611
30 0.3654202421077997 0.11317544716083809 0.007341097414764724 0.015377589864129676
33 0.42786480428475365 0.07456501397089911 0.012535170778575053 0.011159544587553966
33 0.4663059946723839 0.07456501397089911 0.012535170778575053 0.011159544587553966
33 0.5059542755794326 0.07443372521104552 0.012535170778575053 0.011159544587553966
35 0.5540986166808487 0.0746306583508259 0.014299379999263527 0.011553410867114698
36 0.1400539360711656 0.08682088244052863 0.09533963420841517 0.10272162752282962
38 0.6247931396311541 0.6617008783373949 0.007917088073886911 0.005514127913849844
20 0.6274316449138728 0.6420246024752665 0.006630265220960067 0.005217279390149039
19 0.6172824984129814 0.6484750907291429 0.006341992820048753 0.01157179633331611
30 0.10473915904720053 0.4097546684496164 0.005168204485448088 0.007625251172295676
9 0.261372647232256 0.19714033150256857 0.009749577272225102 0.009321501949603921
9 0.5048508452121561 0.19708928106997523 0.009749577272225102 0.009321501949603921
9 0.6430937558337757 0.19714081125275823 0.009749577272225102 0.009321501949603921
30 0.3759248205721448 0.40948762879182127 0.005437849936862757 0.00821303095016022
38 0.4300515693858288 0.4545669419900244 0.0086251102352663 0.005918351308200302
