12 0.09667036476812284 0.22267388364512505 0.028408453042591996 0.034508113946853526
12 0.12991648916217066 0.2222370720761775 0.028408453042591996 0.034508113946853526
11 0.29625386020618444 0.06508569591411698 0.008412934593959434 0.020377582067500753
11 0.4794006070485859 0.06512281798957051 0.008412934593959434 0.020377582067500753
11 0.6617529379360877 0.06524177800864209 0.008412934593959434 0.020377582067500753
0 0.3149298147915728 0.44264583749765907 0.010225747390881244 0.024410305558659154
0 0.4978703116837985 0.4425800518530076 0.010225747390881244 0.024410305558659154
22 0.46874752427757366 0.5775773481644959 0.028726597773635506 0.06393332963686328
22 0.5289143072366866 0.5773126138802852 0.02966231757082268 0.06393332963686331
13 0.26559905564273356 0.3630338702700424 0.02582586640235637 0.045269562600014995
13 0.44832235054260294 0.36276834237669314 0.02582586640235637 0.045269562600014995
13 0.63049263287179 0.36259557169511253 0.02582586640235637 0.045269562600014995
11 0.30938757384096566 0.41939409007764356 0.008398211958420006 0.00709819108684607
11 0.49211341651324253 0.41950282668037353 0.008398211958420006 0.00709819108684607
42 0.08420292799716067 0.3028003737764573 0.019313628541170788 0.010205899078396587
42 0.11704496291601867 0.30292974569715586 0.019313628541170788 0.010205899078396587
26 0.0882871418476508 0.31870553849734706 0.011069320961509244 0.010091009814485524
26 0.12405660049186659 0.3185761665766485 0.011069320961509244 0.010091009814485524
2 0.15202525501298195 0.17374091976727024 0.016799420242110178 0.02363977823673178
10 0.15015403246126174 0.19808636302599456 0.01987654177160561 0.011643472862866926
4 0.15670107760962193 0.21659761070375955 0.00781042888271222 0.013696228200445672
10 0.179624763837836 0.12145348774186311 0.015052945860504667 0.011996305373863895
10 0.207402023050038 0.12145348774186311 0.015052945860504667 0.011996305373863895
2 0.18832266537786682 0.1733620929090808 0.016799420242110178 0.02363977823673178
10 0.18591568769160965 0.19789694959689985 0.01987654177160561 0.011643472862866926
2 0.21522111531433402 0.16316793839054783 0.014364169630578622 0.0192947634746538
10 0.21159968917104546 0.18369862864677905 0.012323607108298664 0.023736005285185234
2 0.24182915803326085 0.1602126200963729 0.014364169630578613 0.013002580698701322
4 0.23257636831610692 0.22481884564805296 0.0068163742976397445 0.013510009155331647
25 0.2634663636112445 0.2989443383263275 0.010565380161341637 0.010442871941688768
26 0.2803936931170499 0.3138053483971924 0.008974892825225652 0.008675616690018397
10 0.2191041129958919 0.342811879438128 0.017656024343564294 0.011902216704264971
10 0.2191041129958919 0.36584008132246665 0.017656024343564294 0.011902216704264971
2 0.22861442548983849 0.35163794096112555 0.014708599671923667 0.012830273127127177
38 0.2379809700758825 0.38780887137652614 0.014130362696897865 0.006439660383622426
2 0.24496934549579108 0.355650306159688 0.008845779335404563 0.019993842289773172
10 0.32989821992836227 0.3341234117775552 0.017656024343564294 0.011902216704264971
10 0.3296926900562924 0.36603318061126994 0.017656024343564294 0.011902216704264971
2 0.3390800453091631 0.3519057686149505 0.014708599671923667 0.012830273127127177
4 0.342480907340995 0.22562012439511672 0.007327602369962787 0.013510009155331657
10 0.32645216915606395 0.19833375304149828 0.016897706679168432 0.011316300898126241
2 0.3300990038679032 0.18411505426880942 0.017525831242300345 0.02026675386307243
2 0.35624562461209186 0.1805097012139275 0.014364169630578613 0.013002580698701322
38 0.3096752845066349 0.0579245739332911 0.013355774708530182 0.005344254235892904
26 0.3608451898507765 0.4756486123203845 0.010934600435797076 0.010426805984855342
41 0.34433751431450665 0.4581075748531337 0.007441208608256744 0.010121552805021406
30 0.2690948263110999 0.44918433660278245 0.0038494675785569164 0.006837989891887751
28 0.2819811537539519 0.44925072485416 0.011970905274780556 0.010422955466275512
28 0.4649122996893704 0.44899841631220083 0.011970905274780556 0.010422955466275512
30 0.4523969661703536 0.4492413362177596 0.0038494675785569164 0.006837989891887751
41 0.5273394774740537 0.45803821724550575 0.007441208608256744 0.010121552805021406
26 0.5438971159698585 0.47538224825756176 0.010934600435797076 0.010426805984855342
10 0.40261809002708304 0.3661960251877547 0.017656024343564294 0.011902216704264971
2 0.41185454970206287 0.35188601910449635 0.014708599671923667 0.012830273127127177
10 0.4025732785655982 0.3427346149402083 0.017656024343564294 0.011902216704264971
25 0.44693090080397513 0.299253860000709 0.010565380161341637 0.010442871941688768
26 0.46380694527110783 0.3135607428066603 0.008974892825225652 0.008675616690018397
4 0.4158028833613072 0.22496891640380845 0.007327602369962787 0.013510009155331657
10 0.3948120049921143 0.18342885048189697 0.01224044166155603 0.023665438782985482
2 0.42511777920756694 0.16011480803704756 0.014364169630578613 0.013002580698701322
2 0.3984002918607468 0.16281626106007438 0.01412360842099021 0.0202667538630724
37 0.3768161315624871 0.07455716192958611 0.040352706414229146 0.013661674825765009
38 0.3176292157885596 0.48424004577809243 0.009593512867342287 0.005237239965922489
38 0.5005384957393977 0.48426175004213073 0.009593512867342287 0.005237239965922489
10 0.5127628652494477 0.36564583576998255 0.017656024343564294 0.011902216704264971
10 0.5125946283216595 0.3337084065245986 0.017656024343564294 0.011902216704264971
2 0.5217072451900837 0.35177954168148223 0.014708599671923667 0.012830273127127177
10 0.5094446037766361 0.19821008170592258 0.016897706679168432 0.011316300898126241
2 0.513087366569502 0.1840567873595066 0.017525831242300345 0.02026675386307243
2 0.5392512142608358 0.18032735255502078 0.014364169630578613 0.013002580698701322
10 0.5848746674198491 0.36655032881283384 0.017656024343564294 0.011902216704264971
2 0.594155832259287 0.35175253354464076 0.014708599671923667 0.012830273127127177
10 0.584847119113165 0.3427034067661409 0.017656024343564294 0.011902216704264971
26 0.6460292184395062 0.3135651545831168 0.008974892825225652 0.008675616690018397
25 0.6291369149891339 0.29912031309102116 0.010565380161341637 0.010442871941688768
4 0.597899352079285 0.22449533583481038 0.007327602369962787 0.013510009155331657
2 0.4285125680178526 0.3558196238516525 0.008845779335404563 0.019993842289773172
2 0.6107822701924027 0.355667868296411 0.008845779335404563 0.019993842289773172
38 0.421167938204335 0.3876467089981845 0.014130362696897865 0.006439660383622426
38 0.6033417324344069 0.38764670899818443 0.014130362696897865 0.006439660383622426
2 0.6073375397487341 0.15968904409872384 0.014364169630578613 0.013002580698701322
2 0.5807552508214622 0.1624768078582698 0.01412360842099021 0.0202667538630724
10 0.5773425213996424 0.18328381228443838 0.01224044166155603 0.023665438782985482
4 0.5253390542789362 0.2254873976724484 0.007327602369962787 0.013510009155331657
39 0.5273805928169287 0.3873596898643147 0.004694472656776686 0.00531106011020406
38 0.6749899398008771 0.05797780955230194 0.0139869160431611 0.005452866079029051
37 0.5601685430774888 0.07444937397205073 0.040352706414229146 0.013661674825765009
37 0.74121260274589 0.07749106661622006 0.040352706414229146 0.013661674825765009
39 0.34441754206209846 0.387325131689299 0.004616878067408464 0.005322033374894546
5 0.7198923712845549 0.13074361688769934 0.006220775416385349 0.014101539356140018
5 0.7197094073017201 0.14769133849920707 0.006220775416385349 0.014101539356140018
14 0.050270610384064975 0.5638074753321249 0.006793325727576347 0.03555646171232758
40 0.053952160929376956 0.6579334777705534 0.011869020074668321 0.006430191185837943
20 0.056790892686976804 0.6438187296843674 0.007648122358144949 0.006226058132319253
19 0.04295572794948347 0.6519330185617342 0.007828502602440808 0.014595513326584562
39 0.05074791612923126 0.6916905995276832 0.005555711524312809 0.006511844407245515
29 0.08347446732828534 0.6820319899844121 0.01031596107873908 0.01033318142811417
15 0.0526760138021043 0.7324805000029735 0.07740428556095952 0.07538770704223173
14 0.11624821328370795 0.5633706637631775 0.006793325727576347 0.03555646171232758
20 0.12287142476431034 0.6436731258280514 0.007648122358144949 0.006226058132319253
19 0.10913918920450756 0.65207862241805 0.007828502602440808 0.014595513326584562
40 0.12013562218440102 0.6579334777705534 0.011869020074668321 0.006430191185837943
39 0.11703430656194591 0.6996988116250542 0.005555711524312809 0.006511844407245515
17 0.11474215598486853 0.724040070240245 0.014447139380645704 0.03735030122213829
17 0.17838429584271298 0.7238638895741027 0.014447139380645704 0.03735030122213829
39 0.18055190211478478 0.6995226309589119 0.005555711524312809 0.006511844407245515
40 0.18377776204224547 0.6579334777705536 0.011869020074668321 0.006430191185837943
19 0.17265743976120443 0.6519471818459397 0.007828502602440808 0.014595513326584562
20 0.18619400790073823 0.6434767143617457 0.007648122358144949 0.006226058132319253
25 0.14163365330369282 0.6276253688474632 0.012334488235644496 0.01299604667943021
14 0.18001851016647546 0.5632345661103308 0.006793325727576347 0.03555646171232758
14 0.20405556103254976 0.5634107467764732 0.006793325727576347 0.03555646171232758
25 0.23256568065468003 0.6212793836786049 0.012205341890545505 0.012508827296093624
38 0.20803045256858343 0.657888681916471 0.011707164670523216 0.005886522622100048
19 0.19713532257812635 0.6558347490275039 0.007828502602440808 0.014595513326584562
20 0.21092753440243217 0.6473642815433098 0.007648122358144949 0.006226058132319253
14 0.30110575880489626 0.563324600389417 0.006793325727576347 0.03555646171232758
19 0.29412722295449645 0.6520250752777357 0.007828502602440808 0.014595513326584562
20 0.30764864166975503 0.6436821056209385 0.007648122358144949 0.006226058132319253
40 0.30510492482413876 0.657971471780356 0.011869020074668321 0.006430191185837943
17 0.30014314195967395 0.7235348469437508 0.014447139380645704 0.03735030122213829
39 0.30189664753756956 0.6993747246930898 0.005555711524312809 0.006511844407245515
14 0.34016076571853415 0.5631368097377044 0.006793325727576347 0.03555646171232758
14 0.3793356107475578 0.563296973979652 0.006793325727576347 0.03555646171232758
20 0.3469672787600123 0.6436821056209385 0.007648122358144949 0.006226058132319253
19 0.332760866367223 0.6518312765449792 0.007828502602440808 0.014595513326584562
40 0.3442268966580273 0.6577027032519581 0.011869020074668321 0.006430191185837943
17 0.33857128726914143 0.7241743827618469 0.014447139380645704 0.03735030122213829
39 0.34071515215367354 0.6995904748220344 0.005555711524312809 0.006511844407245515
40 0.3831341258250554 0.6579939109645898 0.011869020074668321 0.006430191185837943
20 0.38597743710473104 0.6435365017646226 0.007648122358144949 0.006226058132319253
19 0.37207981224501346 0.6518312765449792 0.007828502602440808 0.014595513326584562
39 0.38007115253543255 0.6994142941558921 0.005555711524312809 0.006511844407245515
17 0.37780274334589486 0.7239982020957048 0.014447139380645704 0.03735030122213829
40 0.42413566602905994 0.6579939109645898 0.011869020074668321 0.006430191185837943
19 0.4133365487573416 0.6519516103105296 0.007828502602440808 0.014595513326584562
20 0.42689391187262765 0.6436568355301727 0.007648122358144949 0.006226058132319253
16 0.4193883777555889 0.5665014767978598 0.00849392160137966 0.04108533134435275
26 0.45925500978787104 0.635978322491022 0.010685901369477618 0.010658930301600943
26 0.5065195735374836 0.6419860832064697 0.010685901369477618 0.010658930301600943
25 0.49665566458104266 0.6254162915557995 0.012877881137575575 0.013178313827433794
14 0.4887097379216874 0.5265789378500457 0.023837779978065417 0.009689936637819004
16 0.5913902901835267 0.5659200805995908 0.008630920336885796 0.04186052627537808
40 0.5960827789627949 0.6579939109645898 0.011869020074668321 0.006430191185837943
20 0.5988410248063626 0.6436568355301727 0.007648122358144949 0.006226058132319253
19 0.5849822644729631 0.6521647889165617 0.007828502602440808 0.014595513326584562
39 0.4210611741988646 0.7382128004537194 0.005555711524312809 0.006511844407245515
39 0.5928777776884072 0.7388946663848381 0.005555711524312809 0.006511844407245515
40 0.6390332591084941 0.657848307108274 0.011869020074668321 0.006430191185837943
19 0.6280066607476134 0.6523103927728775 0.007828502602440808 0.014595513326584562
20 0.6416595627256316 0.6433656278175411 0.007648122358144949 0.006226058132319253
25 0.6604554501725023 0.6305396185661603 0.012866147211318832 0.013249950924741197
14 0.6350497292245827 0.5635346169133468 0.006793325727576347 0.03555646171232758
39 0.636015396058517 0.6998145913496674 0.005555711524312809 0.006511844407245515
17 0.6345505342386792 0.7234711418046389 0.014447139380645704 0.03735030122213829
17 0.6980681297915183 0.7236473224707811 0.014447139380645704 0.03735030122213829
39 0.7000619973457911 0.6996474807634513 0.005555711524312809 0.006511844407245515
40 0.7032981204913662 0.6580244877744162 0.011869020074668321 0.006430191185837943
19 0.6920224335204747 0.6519580314405933 0.007828502602440808 0.014595513326584562
20 0.706173512718515 0.6435418084836833 0.007648122358144949 0.006226058132319253
14 0.6991900463024495 0.5633584362472047 0.006793325727576347 0.03555646171232758
17 0.7311289816657233 0.7241278151966232 0.014447139380645704 0.03735030122213829
39 0.7331692327816293 0.6995509987934184 0.005555711524312809 0.006511844407245515
40 0.7363852280009102 0.6578333626283899 0.011869020074668321 0.006430191185837943
19 0.7255624624110201 0.6521074670424217 0.007828502602440808 0.014595513326584562
20 0.7389212574620396 0.6435418084836835 0.007648122358144949 0.006226058132319253
14 0.7322508981766547 0.5635186004891523 0.006793325727576347 0.03555646171232758
20 0.7733692439850709 0.6489120757065885 0.007648122358144949 0.006226058132319253
19 0.7598698449074264 0.6572788354792932 0.007828502602440808 0.014595513326584562
14 0.7670409602360607 0.5630817889202046 0.006793325727576347 0.03555646171232758
38 0.7708242065935274 0.6578117664063333 0.012026873351775073 0.006164218575418657
25 0.8016297800233941 0.6212959634235196 0.012419553671752364 0.012033376555027973
39 0.8563226067797856 0.699557221878867 0.005555711524312809 0.006511844407245515
39 0.8850761302245196 0.6993583230928335 0.005555711524312809 0.006511844407245515
39 0.9242343516394753 0.6916012704375264 0.005555711524312809 0.006511844407245515
17 0.8546645773332593 0.7239112773640219 0.014447139380645704 0.03735030122213829
17 0.8830730303758512 0.7234744657950745 0.014447139380645704 0.03735030122213829
15 0.9269645419948763 0.7326216697503455 0.07740428556095952 0.07538770704223173
29 0.9570100814346495 0.682264227650617 0.01031596107873908 0.01033318142811417
40 0.859447004688954 0.658065842081013 0.011869020074668321 0.006430191185837943
40 0.8885239173949248 0.6581752364133314 0.011869020074668321 0.006430191185837943
40 0.9273446891459813 0.658065842081013 0.011869020074668321 0.006430191185837943
19 0.8483160467730757 0.6522495030324238 0.007828502602440808 0.014595513326584562
19 0.8773929594790464 0.6520307143677868 0.007828502602440808 0.014595513326584562
19 0.9163683956593901 0.6521401087001053 0.007828502602440808 0.014595513326584562
20 0.8623785008548857 0.6436934420561474 0.007648122358144949 0.006226058132319253
20 0.9302761853119129 0.6436934420561474 0.007648122358144949 0.006226058132319253
20 0.8911460847022821 0.6435840477238288 0.007648122358144949 0.006226058132319253
14 0.8552428315000425 0.5634055833582952 0.006793325727576347 0.03555646171232758
14 0.8840630012533969 0.5634055833582952 0.006793325727576347 0.03555646171232758
14 0.9233819471311872 0.5632599795019793 0.006793325727576347 0.03555646171232758
39 0.3150359404304321 0.408900975852464 0.004616878067408464 0.005322033374894546
39 0.4981861351446997 0.40880316688537444 0.004694472656776686 0.00531106011020406
