11 0.7852029971143953 0.3493142072670178 0.017030100308800235 0.011913042789477626
11 0.5776591670998316 0.3489204781250245 0.017030100308800235 0.011913042789477626
0 0.564877132636083 0.38397352508285243 0.016190759650723634 0.03646939789142788
0 0.7976200902121545 0.38399879597464043 0.016190759650723634 0.03646939789142788
22 0.464881816129006 0.5757764664042501 0.02900948224342155 0.06472102479132066
22 0.5255092052697166 0.5753812181179235 0.02965989729731122 0.06472102479132057
11 0.12311920107041206 0.18984921401622984 0.005714049302755751 0.015079410729950558
11 0.26082128874128596 0.18978058176922688 0.005714049302755751 0.015079410729950558
12 0.14220973708674467 0.18133671201568025 0.030775824129474626 0.04921410343475314
12 0.28002411992203124 0.18067711176499068 0.030775824129474626 0.04921410343475314
23 0.14924700054227352 0.2190538153280421 0.010869321164122177 0.011051332694372099
25 0.12460195604381655 0.2192554456662738 0.011668184710669301 0.009509538298167022
26 0.18069170039494153 0.172082119011408 0.010956656799019804 0.010621042774576156
2 0.07970928108502595 0.16101669820446562 0.023530839166516434 0.011917489245810091
3 0.08123082581611907 0.21555240293179798 0.026447617408090377 0.016299755515446906
4 0.08363422843507971 0.2328558110786106 0.00757597026042659 0.010512852256211219
2 0.07742762718770445 0.24744505394689895 0.019075932355265585 0.01432605769593997
3 0.21895563172715435 0.2157018385336263 0.026447617408090377 0.016299755515446906
4 0.22129684083167006 0.23302037715946702 0.00757597026042659 0.010512852256211219
2 0.21547938200514538 0.24744318475844673 0.019075932355265585 0.01432605769593997
2 0.2175069764343906 0.16098456805795724 0.023530839166516427 0.011917489245810091
25 0.2625175331123638 0.21920085282992882 0.011668184710669303 0.009509538298167022
26 0.31838241712450716 0.17199455057318705 0.010956656799019804 0.010621042774576156
3 0.3642046605683933 0.21560835643519144 0.026447617408090377 0.016299755515446906
4 0.3666341673637087 0.23313330177973704 0.00757597026042659 0.010512852256211219
2 0.36072313655746535 0.24755610937871675 0.019075932355265585 0.01432605769593997
2 0.3625498428666763 0.16092250998171026 0.023530839166516427 0.011917489245810091
25 0.40773071279943396 0.2192008528299287 0.011668184710669303 0.009509538298167022
26 0.4639271337515023 0.17199455057318705 0.010956656799019804 0.010621042774576156
6 0.4234209248773199 0.18057561364583638 0.028048183545673212 0.04866643100947704
2 0.5092077951000842 0.24737843613805358 0.019075932355265585 0.01432605769593997
4 0.5152695245153841 0.23294103452047835 0.00757597026042659 0.010512852256211219
2 0.5092077951000844 0.21667621248968572 0.019075932355265585 0.01432605769593997
2 0.5113930255331729 0.16095041253047465 0.023530839166516427 0.011917489245810091
25 0.5477297206131411 0.20150702852927124 0.011668184710669303 0.009509538298167022
11 0.6580049049360462 0.25132047327906315 0.054769586539843686 0.016409149847765325
25 0.6532766619585647 0.21906793783502237 0.011668184710669303 0.009509538298167022
6 0.669236707862208 0.18078874464947003 0.028048183545673212 0.04866643100947704
26 0.7093023139796614 0.17199455057318713 0.010956656799019804 0.010621042774576156
2 0.608504906338316 0.16092250998171026 0.023530839166516427 0.011917489245810091
3 0.6099062830885377 0.2156083564351915 0.026447617408090377 0.016299755515446906
4 0.6121257487880206 0.23317849621805325 0.00757597026042659 0.010512852256211219
2 0.6062694394886128 0.24750124233602325 0.019075932355265585 0.01432605769593997
11 0.6488916582707539 0.3247046121750995 0.006001929353649905 0.01514810353039929
2 0.7420413288035459 0.24750124233602322 0.019075932355265585 0.01432605769593997
4 0.7480895087621278 0.23306483496504316 0.00757597026042659 0.010512852256211219
2 0.7418847857253352 0.21669821189992258 0.019075932355265585 0.01432605769593997
2 0.744102618618125 0.16092250998171026 0.023530839166516427 0.011917489245810091
25 0.7746126600976895 0.21203207493220502 0.011668184710669303 0.009509538298167022
4 0.8508520010047157 0.2330648349650432 0.00757597026042659 0.010512852256211219
2 0.846395170819983 0.21824143374702384 0.015806791773981317 0.01638065371697993
2 0.8463648293103092 0.24658095678039252 0.015495445051953473 0.016233896858334713
23 0.9159085527535005 0.16452789939481718 0.01648631227521561 0.013214303079710006
37 0.7233964115002925 0.10706859439444981 0.04808612312196537 0.013322732345313757
36 0.08428825535440417 0.3947961382034342 0.07757894530343741 0.08855810514677843
33 0.26526482642660626 0.4025448718300268 0.011119800068327215 0.010157335700590069
33 0.30064911636462444 0.40275422905259606 0.011119800068327215 0.010157335700590069
33 0.33470094350162943 0.4023355146074577 0.011119800068327215 0.010157335700590069
33 0.36904887348330406 0.4025448718300268 0.011119800068327215 0.010157335700590069
35 0.40247885960775187 0.40243764473393656 0.01362073085480197 0.011305290018737693
30 0.5113664848940295 0.39189750306625504 0.005181799781718178 0.009421075015614688
28 0.525653447149338 0.3916881458436858 0.014805142233480426 0.013189505021860613
41 0.5241729329259902 0.4118911178216152 0.009179188184757967 0.012980147799291441
26 0.5021872967092716 0.43418766202523673 0.013768782277136791 0.01402693391213749
38 0.5618520199101978 0.44214323648286685 0.011103856675110348 0.006490073899645725
26 0.7365919554260507 0.408863164243116 0.01174622854887694 0.011765529863393978
42 0.7438109917217147 0.423051009078385 0.026429014234973312 0.01314970984732262
7 0.7053910358430958 0.3585136173277092 0.034749259457094596 0.04879234443348653
38 0.8004732886226651 0.4420266788786158 0.01139606839300617 0.006123701427182682
26 0.860036739423444 0.43429147707585886 0.013219439335887205 0.012569702929480191
41 0.8380803143195855 0.4119453385345605 0.008964907135831493 0.012354836212736945
28 0.8367137950671387 0.3917266403703144 0.014359046175187754 0.012784569646223513
30 0.8509968674530384 0.3916729236911285 0.005090243882209442 0.0077352018027571825
15 0.06336600875929622 0.7298686023342263 0.05774005471057366 0.05966680843222666
39 0.06364942309615446 0.6964826917333963 0.004960272193099105 0.006373603849060774
40 0.06691441238781466 0.6558273962280174 0.011741403798854834 0.006215152963647812
19 0.05598925591187487 0.6500561827617731 0.00772295543988848 0.014028488117947957
20 0.06955151912338634 0.6416213323111082 0.007471802417453074 0.005504849767802285
14 0.06280178164543504 0.5612682832810905 0.006153249049667239 0.03444970499850485
29 0.09647384155134803 0.680015366795904 0.010925156475939795 0.010920911636124011
40 0.13309339817147214 0.6560367534505863 0.011741403798854834 0.006215152963647812
19 0.12185182086130392 0.6500274514075237 0.00772295543988848 0.014028488117947957
20 0.13592374092003998 0.6417513266747379 0.007471802417453074 0.005504849767802285
14 0.12909678368265765 0.5612682832810905 0.006153249049667239 0.03444970499850485
39 0.12983319190848236 0.697741037173331 0.004960272193099105 0.006373603849061009
17 0.1277440049153613 0.7216625622118436 0.013413854607345076 0.03656447133159031
25 0.15436756950672886 0.6252829422353088 0.012480367833181854 0.01314970984732262
14 0.19247747522763997 0.5614413057790815 0.006153249049667239 0.03444970499850485
20 0.1994267890124064 0.6417513266747379 0.007471802417453074 0.005504849767802285
19 0.18566864912960843 0.649876739790399 0.00772295543988848 0.014028488117947957
40 0.19627386991164408 0.6557221670906026 0.011741403798854834 0.006215152963647812
39 0.1933473633233383 0.6977546354437183 0.004960272193099113 0.006400800389834375
17 0.19117452159083365 0.7216625622118436 0.013413854607345076 0.03656447133159031
17 0.22775912925869016 0.7220086072078257 0.013413854607345076 0.03656447133159031
39 0.2299532064250384 0.697468647843733 0.004960272193099113 0.006400800389834375
40 0.23298083412688475 0.6557221670906026 0.011741403798854834 0.006215152963647812
19 0.2220722500042273 0.6498767397903988 0.00772295543988848 0.014028488117947957
20 0.23593151100056586 0.6414653390747528 0.007471802417453074 0.005504849767802285
14 0.2291844394428807 0.5611553181790963 0.006153249049667239 0.03444970499850485
14 0.26412178417116083 0.5607263367791183 0.005849885709045508 0.03387772979853431
38 0.2680210778505887 0.7285118438757459 0.011674892199688387 0.005876942904108997
19 0.2578980058408009 0.7118718389989036 0.0072394858717002965 0.01363782136023329
20 0.27022076131933565 0.7038626336169933 0.007471802417453074 0.005504849767802285
25 0.29888337097931306 0.6562543193064582 0.012535675232306774 0.01252672958613165
17 0.3584103708255155 0.7218410855327915 0.013413854607345076 0.03656447133159031
17 0.39742988636820614 0.721973452674897 0.013413854607345076 0.03656447133159031
39 0.3605596653113167 0.6976044983908497 0.004960272193099113 0.006400800389834375
39 0.3994536143468811 0.6975365731172913 0.004960272193099113 0.006400800389834375
40 0.3635903580211293 0.655797724359611 0.011741403798854834 0.006215152963647812
40 0.4027503224612087 0.6557155347786054 0.011741403798854834 0.006215152963647812
19 0.3528209635282622 0.6500851829128823 0.00772295543988848 0.014028488117947957
20 0.36651211840603964 0.6416445323613577 0.007471802417453074 0.005504849767802285
20 0.4055297357943708 0.6415450829683408 0.007471802417453074 0.005504849767802285
19 0.3916979768899688 0.6499857335198653 0.00772295543988848 0.014028488117947957
14 0.35992603170223264 0.5610689252681054 0.006153249049667239 0.03444970499850485
14 0.39871587056743185 0.5611892590336558 0.006153249049667239 0.03444970499850485
16 0.43900441345397334 0.564174554764229 0.007925546682172366 0.04036138897075025
40 0.44382842155771024 0.6494942790996562 0.011741403798854834 0.006215152963647812
19 0.43277607598647044 0.6436321106988109 0.00772295543988848 0.014028488117947957
26 0.4557909792335112 0.6337298371900318 0.011037416090032427 0.01044218626675973
39 0.4405337574558875 0.7367614366271827 0.004960272193099113 0.006400800389834375
26 0.5029519011919267 0.6398005050614427 0.011058506694026065 0.010709705133974824
25 0.49312684332146495 0.623074111649954 0.012504619107860361 0.012153710320578182
14 0.4852020309427831 0.524519867081092 0.021946882515836447 0.00818269605741895
16 0.5494381059237454 0.5640288752364462 0.007925546682172366 0.04036138897075025
40 0.554395991022637 0.6497287755662916 0.011741403798854834 0.006215152963647812
19 0.5432230145514091 0.6435965130182091 0.00772295543988848 0.014028488117947957
20 0.44639261933751956 0.6352841171467597 0.007471802417453074 0.005504849767802285
20 0.5570414853548615 0.6352841171467597 0.007471802417453074 0.005504849767802285
39 0.5511110062257508 0.7367880969579371 0.004960272193099113 0.006400800389834375
17 0.5838741786961831 0.7216613378778055 0.013413854607345076 0.03656447133159031
39 0.5859043589287206 0.6976451794705288 0.004960272193099113 0.006400800389834375
40 0.58909962123044 0.6557861476864032 0.011741403798854834 0.006215152963647812
19 0.5782461993651773 0.6501059278338517 0.00772295543988848 0.014028488117947957
20 0.5920007592474367 0.6415223063450837 0.007471802417453074 0.005504849767802285
14 0.5852876539723614 0.5612058475885684 0.006153249049667239 0.03444970499850485
25 0.6105039051977521 0.6284200772014487 0.01238844302614264 0.012430325061175456
14 0.6475598064751443 0.5612058475885684 0.006153249049667239 0.03444970499850485
14 0.6798073399815009 0.5517432378430235 0.00537992690323212 0.030620903367360106
40 0.6513675204614177 0.655665813920853 0.011741403798854834 0.006215152963647812
19 0.6404290331600473 0.649865260302751 0.00772295543988848 0.014028488117947957
20 0.654523854786738 0.6415223063450837 0.007471802417453074 0.005504849767802285
17 0.6461833663136395 0.7218321863708149 0.013413854607345076 0.03656447133159031
39 0.6482726949498612 0.6975810828807147 0.004960272193099113 0.006400800389834375
25 0.7146811056153247 0.6483783632686563 0.012373154342966269 0.012361559551983235
22 0.6982647349060142 0.6803818477047676 0.023774862683798817 0.01645435411731844
22 0.2822938258164534 0.6878331924132678 0.023774862683798817 0.01645435411731844
38 0.6839357090724992 0.7285828759513003 0.011852570839430542 0.006246408156424571
20 0.6860201831600466 0.7042775684172097 0.007471802417453074 0.005504849767802285
19 0.673868368240898 0.7117602308305108 0.006718959000137084 0.01285523339285021
14 0.768790663267066 0.5613901389201801 0.006153249049667239 0.03444970499850485
14 0.8055586162294034 0.5611912401341466 0.006153249049667239 0.03444970499850485
14 0.8402738207050346 0.5611912401341466 0.006153249049667239 0.03444970499850485
14 0.8795740521868812 0.5611912401341466 0.006153249049667239 0.03444970499850485
19 0.7617798415960287 0.649865260302751 0.00772295543988848 0.014028488117947957
40 0.7727625643227767 0.6558716612136856 0.011741403798854834 0.006215152963647812
20 0.7755885156313918 0.6413971552719818 0.007471802417453074 0.005504849767802285
39 0.7696237490047265 0.6975518151125657 0.004960272193099113 0.006400800389834375
17 0.7674594318286084 0.7219739658768544 0.013413854607345076 0.03656447133159031
17 0.80425661285298 0.7219739658768541 0.013413854607345076 0.03656447133159031
39 0.806462003980376 0.6975518151125657 0.004960272193099113 0.006400800389834375
17 0.8391334416572164 0.7216129645802032 0.013413854607345076 0.03656447133159031
39 0.8411687019123965 0.6974314813470156 0.004960272193099113 0.006400800389834375
40 0.80976602902971 0.6556309936825849 0.011741403798854834 0.006215152963647812
19 0.7987833063029622 0.6498652603027508 0.00772295543988848 0.014028488117947957
20 0.8124218494661095 0.6417581565686327 0.007471802417453074 0.005504849767802285
20 0.8472136128342378 0.6413971552719818 0.007471802417453074 0.005504849767802285
19 0.8333198733627668 0.6499855940683011 0.00772295543988848 0.014028488117947957
40 0.8443025960895146 0.6557513274481351 0.011741403798854834 0.006215152963647812
40 0.8832625658269297 0.6556309936825848 0.011741403798854834 0.006215152963647812
19 0.8725350394085055 0.6499855940683009 0.00772295543988848 0.014028488117947957
20 0.8862586480077607 0.6416378228030823 0.007471802417453074 0.005504849767802285
39 0.8802988025220274 0.6893691190551469 0.004960272193099113 0.006400800389834375
15 0.8798798241705977 0.7231283221356279 0.05740360239802011 0.05926076952054579
29 0.9130399912759999 0.6798005187003647 0.010685906023470925 0.010541635659776522
30 0.2315852090366159 0.43977759352628054 0.006418573815413742 0.007985786259245812
