12 0.6724309397094379 0.22682765159608603 0.028645190151280267 0.033634490808958487
12 0.7044727927245062 0.22698781583803346 0.028645190151280267 0.033634490808958487
11 0.24733879237815123 0.053359271984211795 0.00843624159747698 0.020414377737870346
11 0.4872109018123139 0.05342546165669305 0.008436241597476975 0.020793963994413345
11 0.45853768545496093 0.42219607024943523 0.01284670698808867 0.008436241597476907
11 0.38476265755699585 0.4223431681031621 0.012491362375175754 0.00843624159747705
0 0.38101523398782583 0.44757667356751285 0.010341949065777565 0.024245926396647976
0 0.45485203252947715 0.4474563398019626 0.010341949065777565 0.024245926396647976
22 0.4273993539942438 0.5683279069410004 0.025264434524044244 0.0570502382473873
22 0.48232610608911036 0.5680631726567898 0.025264434524044244 0.0570502382473873
13 0.3015518807641524 0.3672621571940542 0.024890146605169482 0.0420927511894887
13 0.5414649071842254 0.36743890739255625 0.024890146605169482 0.0420927511894887
36 0.06868384681326617 0.4276132802642129 0.07708080050463902 0.08802680620473577
5 0.24932527947330435 0.13549856817027423 0.004145404773435336 0.009566808799085214
5 0.2492776311425752 0.15254365708695417 0.004145404773435336 0.009566808799085214
2 0.3072268301543225 0.165186562582372 0.01476364558365513 0.012866298465650483
2 0.33656841508787605 0.16873135909841888 0.01754923909000546 0.02021846901745021
10 0.3400968335292523 0.18258232326297083 0.01680641415497847 0.011159544587553891
26 0.28231309980632047 0.2021686910653927 0.009208573574710843 0.008788751692677434
34 0.2936703405484638 0.21529756705075034 0.013045479230840332 0.017034987848769823
25 0.30270743610388634 0.3039091807470521 0.011127026402775558 0.010524801409749495
2 0.3209586288734212 0.35657289674611287 0.014113673765506797 0.01234114342623615
10 0.33019751400281533 0.34790783859577695 0.01773494532376184 0.01155341086711469
39 0.3154796712235597 0.39246771150006377 0.004566234830435039 0.005057374112905668
2 0.39396053664728364 0.18575408902564547 0.01476364558365513 0.012866298465650483
2 0.3705868498802203 0.18904688453992144 0.01754923909000546 0.02021846901745021
10 0.39853945428786886 0.20322275028914405 0.01680641415497847 0.011159544587553891
10 0.33019751400281544 0.37069349113234806 0.01773494532376184 0.01155341086711469
10 0.39567585926069293 0.3457236129657451 0.01773494532376184 0.01155341086711469
10 0.395609820998028 0.3712427002185468 0.01773494532376184 0.01155341086711469
2 0.3864906615655069 0.35683461807598715 0.014113673765506797 0.01234114342623615
39 0.38097353448730137 0.39286336398130195 0.004566234830435039 0.005679677921458549
39 0.454681919515755 0.3927321636522012 0.004566234830435034 0.005825414558934769
10 0.46942928352282737 0.37088676788250546 0.01773494532376184 0.01155341086711469
2 0.4600693051029166 0.3565217644198905 0.014113673765506797 0.01234114342623615
10 0.46944746323704867 0.3457747557841705 0.01773494532376184 0.01155341086711469
10 0.4726677206506341 0.2029117807492149 0.01680641415497847 0.011159544587553891
2 0.442736864339494 0.18567886682720616 0.01476364558365513 0.012866298465650483
2 0.4690498897321833 0.1893186704547582 0.01754923909000546 0.02021846901745021
34 0.5333817992122857 0.21515991528324602 0.013045479230840332 0.017034987848769823
26 0.5220029200212998 0.20228449410838553 0.009208573574710843 0.008788751692677434
2 0.5749327475935087 0.16495875676828142 0.01476364558365513 0.012866298465650483
10 0.5761862242171024 0.18656435295256815 0.010308914510096438 0.019344394392383057
2 0.5474547597198121 0.16900613754791308 0.014551206120526817 0.02111518891263142
25 0.5423691853680167 0.3040034178359856 0.011127026402775558 0.010524801409749495
10 0.5699370939910147 0.3477100643582907 0.01773494532376184 0.01155341086711469
2 0.5608317414767041 0.35627469422159197 0.014113673765506797 0.01234114342623615
10 0.5700436089249474 0.3707821440600208 0.01773494532376184 0.01155341086711469
38 0.5518566988818289 0.3929530337835375 0.012358749856506207 0.006025174256273189
34 0.6119855893963129 0.2810593501819119 0.013045479230840332 0.017034987848769823
10 0.6123476173495969 0.20268565783524295 0.016302161144969577 0.011944482473363306
10 0.648053861385538 0.20304371808938906 0.016302161144969577 0.011944482473363306
2 0.6084047011049535 0.1783692659776025 0.016602823501471 0.023268249249758968
2 0.6441953570653296 0.1783692659776025 0.016602823501471 0.023268249249758968
10 0.652249314082317 0.12515376333789938 0.015040670172027693 0.01200797611638026
10 0.6148253624733219 0.12695765323290567 0.015040670172027683 0.014877479780961999
42 0.6845201032859082 0.27723117064811764 0.019568218846260473 0.010958813839017503
42 0.7175942300417445 0.27712266754080067 0.019568218846260473 0.010958813839017503
26 0.6776349769077572 0.2928658846747402 0.011440955047367913 0.01055439316629049
26 0.7134762800227942 0.2928658846747402 0.011440955047367913 0.01055439316629049
35 0.6288238158091886 0.4623666367783282 0.013369920299311331 0.01127901735902077
33 0.6699818303058592 0.4624576597841972 0.011111590726035897 0.010078835185515089
33 0.7039349829712276 0.4623872606262636 0.011111590726035897 0.010078835185515089
33 0.7364049433498225 0.4622924666098441 0.011111590726035897 0.010078835185515089
30 0.770732580487737 0.4997664242267314 0.007521102467145083 0.008984089836779615
28 0.30128128016664396 0.45411684261931307 0.01220134661449524 0.011761717925953208
28 0.48765034827075104 0.4538922476697343 0.01220134661449524 0.011761717925953208
30 0.5005404844061607 0.4542860481754117 0.004674048708375919 0.008877526962300333
30 0.28845772530894326 0.45410820761003734 0.004674048708375919 0.008877526962300333
38 0.2550525250820328 0.04826518384055813 0.009340025789526377 0.00603247929485979
38 0.494691429864098 0.048160133353164276 0.009340025789526377 0.00603247929485979
39 0.38114649792784827 0.4131618416086003 0.004566234830435039 0.005679677921458549
39 0.4549701919166663 0.41319368126044187 0.004566234830435034 0.005825414558934769
26 0.33518622446506796 0.48061539540989145 0.010436383384672242 0.010307795195115495
26 0.4089680201658548 0.48053989510602785 0.010436383384672242 0.010307795195115495
41 0.35170628240977464 0.4632956617140877 0.007229871814855568 0.010222606805074188
41 0.42532784362339404 0.4630761080536589 0.007229871814855568 0.010222606805074188
38 0.3830814287288036 0.48941088803501104 0.008438245204110744 0.00545453432297638
38 0.4529494445798121 0.48954336047813696 0.008438245204110744 0.00545453432297638
38 0.14736858875547065 0.6373269611195532 0.009415109678260177 0.006074100040688633
38 0.08941709274503731 0.6370550920624399 0.009415109678260177 0.006074100040688633
19 0.0799242740155539 0.6322403502604582 0.006912772173853171 0.012733422511582364
20 0.0917246162550745 0.6248530553099539 0.00691853762187138 0.004891199428264719
15 0.08961995706018566 0.7046343058724688 0.06662045903898987 0.06023978609399493
29 0.11656711206637961 0.7015537945285962 0.009563871038468447 0.009715368229167328
14 0.08601620501668669 0.5551026281462971 0.005571187012700046 0.031270595528760874
17 0.14321980343073915 0.6922285891755422 0.011904638435740633 0.028539929206010735
17 0.1936489291546005 0.6925174244472201 0.011904638435740633 0.028539929206010735
38 0.19779757540583526 0.6372992329786586 0.009415109678260177 0.006074100040688633
25 0.16044865312483686 0.6099043936076951 0.01074333583716262 0.011836702616400603
14 0.1442043447524356 0.5551444176810801 0.005571187012700046 0.031270595528760874
14 0.19453202237781703 0.5550241919219632 0.005571187012700046 0.031270595528760874
14 0.2206701923751174 0.5555778361665528 0.005571187012700046 0.031270595528760874
25 0.24091369984822372 0.6133189757073236 0.01074333583716262 0.011836702616400603
38 0.22345841827213098 0.7001671211178391 0.00829891894193156 0.0060741000406886216
19 0.21521664845717126 0.6860465272998489 0.006912772173853171 0.012733422511582364
20 0.2264282325209629 0.6791642223407754 0.00691853762187138 0.004891199428264719
14 0.3060933869378688 0.5553315325350979 0.005571187012700046 0.031270595528760874
14 0.34065058191353886 0.5552575590935824 0.005571187012700046 0.031270595528760874
14 0.37465932325207646 0.5552702037202001 0.005571187012700046 0.031270595528760874
16 0.40756648258997363 0.5575756291685621 0.007399555856469593 0.03689204055751111
14 0.4465348788516776 0.5242567368501193 0.022590073598686092 0.007188580977904171
17 0.3047952398356566 0.6925443087905124 0.011904638435740633 0.028539929206010735
17 0.33939973943387414 0.6923695634511473 0.011904638435740633 0.028539929206010735
17 0.37363347653639667 0.6925443087905124 0.011904638435740633 0.028539929206010735
20 0.14977366433108444 0.6248530553099539 0.00691853762187138 0.004891199428264719
20 0.20052158702646256 0.6248623736081854 0.00691853762187138 0.004891199428264719
19 0.13816592750630394 0.632326465216043 0.006912772173853171 0.012733422511582364
19 0.18805982880814986 0.6323141737231768 0.006912772173853171 0.012733422511582364
38 0.3091604552275238 0.6373113447470762 0.009221390624847742 0.006074100040688617
19 0.30003671429099343 0.6320395342319091 0.006912772173853171 0.012733422511582364
38 0.3436586016749071 0.6372860522288843 0.009221390624847742 0.006074100040688617
38 0.3777304503101473 0.637256916945705 0.009221390624847742 0.006074100040688617
38 0.41135841986921 0.6323560410752787 0.009221390624847739 0.0070523399263417
19 0.33448279209927506 0.6323824920103884 0.006912772173853171 0.012733422511582364
19 0.36863150071194967 0.6323153211554264 0.006912772173853171 0.012733422511582364
19 0.4022500640489466 0.6267545355231927 0.006912772173853171 0.012733422511582364
20 0.31190080610104653 0.6249101397869681 0.00691853762187138 0.004891199428264719
20 0.34631444522426824 0.6248215588244309 0.00691853762187138 0.004891199428264719
20 0.38043949226663193 0.624836303297084 0.00691853762187138 0.004891199428264719
20 0.4138401014898499 0.6194225422174511 0.00691853762187138 0.004891199428264719
26 0.43777687562075307 0.6149481025650853 0.011792345843548435 0.01299758722550403
26 0.45421187730821816 0.639761678177411 0.011792345843548435 0.01299758722550403
25 0.45796423276208154 0.6213888543315375 0.01076802898895886 0.010801782103700044
38 0.5073149016371904 0.6369389222101135 0.009221390624847739 0.0070523399263417
38 0.5441669835497209 0.6369538470529413 0.009221390624847739 0.0070523399263417
38 0.6114432551561326 0.6369887567198185 0.009221390624847739 0.0070523399263417
38 0.650044221650151 0.6367928726047083 0.009221390624847739 0.0070523399263417
38 0.7643910879774485 0.637192989266376 0.009221390624847739 0.0070523399263417
38 0.7975740308069474 0.6370182439270109 0.009221390624847739 0.0070523399263417
38 0.8332044995595851 0.6368552039460689 0.009221390624847739 0.0070523399263417
20 0.5097312526988856 0.6248748037256686 0.00691853762187138 0.004891199428264719
20 0.5466422851108514 0.6250918099403026 0.00691853762187138 0.004891199428264719
20 0.6140765057772978 0.6247792540226187 0.00691853762187138 0.004891199428264719
20 0.6526409459827706 0.6248133195313578 0.00691853762187138 0.004891199428264719
20 0.7667459502601706 0.6249784085228212 0.00691853762187138 0.004891199428264719
20 0.800170608193142 0.6248154822986521 0.00691853762187138 0.004891199428264719
20 0.8356251772698364 0.6247677179101307 0.00691853762187138 0.004891199428264719
19 0.49781069042517456 0.6322282717905314 0.006912772173853171 0.012733422511582364
19 0.5345119079604427 0.6322837518716679 0.006912772173853171 0.012733422511582364
19 0.6023126961900086 0.6324835007190831 0.006912772173853171 0.012733422511582364
19 0.6407916873978696 0.6321922847027379 0.006912772173853171 0.012733422511582364
19 0.7550034725935472 0.6321360763529329 0.006912772173853171 0.012733422511582364
19 0.7881509410716714 0.6321488272614824 0.006912772173853171 0.012733422511582364
19 0.8238043384473979 0.6323322853536695 0.006912772173853171 0.012733422511582364
17 0.539669415540729 0.6930697421611073 0.011904638435740633 0.028539929206010735
17 0.6072726451260457 0.6921049338608755 0.011904638435740633 0.028539929206010735
17 0.6458809711240571 0.6926826044042312 0.011904638435740633 0.028539929206010735
17 0.7595178972220376 0.6925584990917841 0.011904638435740633 0.028539929206010735
17 0.7931112263774501 0.6931939366894754 0.011904638435740633 0.028539929206010735
39 0.40872006551815493 0.7074806622971218 0.0048005061426098835 0.006291668480628715
39 0.5046694444713099 0.7076465804468357 0.0048005061426098835 0.006291668480628715
39 0.3752465194849374 0.6734162689108488 0.0048005061426098835 0.006291668480628715
39 0.34125153537163 0.6735247720181657 0.0048005061426098835 0.006291668480628715
39 0.3067961225795871 0.6737417782327998 0.0048005061426098835 0.006291668480628715
39 0.19513053429923613 0.673767903891342 0.0048005061426098835 0.006291668480628715
39 0.14489699806805742 0.673767903891342 0.0048005061426098835 0.006291668480628715
39 0.08654045913736214 0.6724900217975538 0.0048005061426098835 0.006291668480628715
39 0.541547264905036 0.67378205732317 0.0048005061426098835 0.006291668480628715
39 0.6089611745634828 0.673514561609598 0.0048005061426098835 0.006291668480628715
39 0.6475435984755233 0.6736580634023634 0.0048005061426098835 0.006291668480628715
38 0.6783128444144592 0.7001072513941632 0.009221390624847739 0.0070523399263417
25 0.5572075405976527 0.6096764387622284 0.01076802898895886 0.010801782103700044
19 0.6707299131442828 0.6861802713849291 0.006912772173853171 0.012733422511582364
20 0.6812529757659764 0.6790463851505524 0.00691853762187138 0.004891199428264719
39 0.7616848833680081 0.6736147626686042 0.0048005061426098835 0.006291668480628715
39 0.7950141465431441 0.6738785428392675 0.0048005061426098835 0.006291668480628715
39 0.8305937719755424 0.6709873638911786 0.0048005061426098835 0.006291668480628715
15 0.8336089330541877 0.7028908498693692 0.06662045903898987 0.06023978609399493
29 0.8604601896560609 0.7003057552313898 0.009656724155346796 0.009715368229164611
16 0.5033484218210834 0.5575404371698773 0.007399555856469593 0.03689204055751111
14 0.540679867109242 0.5551528284151285 0.005571187012700046 0.031270595528760874
14 0.6084861878917301 0.5550894318108311 0.005571187012700046 0.031270595528760874
14 0.6467247896607172 0.5550894318108311 0.005571187012700046 0.031270595528760874
14 0.675931315515175 0.5550894318108311 0.005571187012700046 0.031270595528760874
14 0.761036043230508 0.5553267807218818 0.005571187012700046 0.031270595528760874
14 0.7941288940859462 0.555037945450204 0.005571187012700046 0.031270595528760874
14 0.8297752056555383 0.5556156159935598 0.005571187012700046 0.031270595528760874
25 0.6959235486076694 0.6133549800165379 0.01076802898895886 0.010801782103700044
37 0.1864899212961869 0.041229365567382326 0.0459506711256055 0.01041287731053342
4 0.3170354436082597 0.23009026486640194 0.006278572891848338 0.013540470417246105
4 0.38290905801273767 0.23062358857637374 0.00750638270181041 0.012997954880660969
4 0.45693139902901225 0.23089317596102976 0.00750638270181041 0.012997954880660969
4 0.5569401123880637 0.23009550366824869 0.00623798413779982 0.012997954880660969
