11 0.2818878643480928 0.1628731633303844 0.010053187903659779 0.030630413049161902
11 0.4425664568922288 0.16252633933599417 0.010053187903659779 0.030630413049161902
11 0.6038496771774393 0.16274809394287126 0.010053187903659779 0.030630413049161902
11 0.7665678421176415 0.16259760016281427 0.010053187903659779 0.030630413049161902
13 0.19825031757223716 0.6489197641050555 0.03664278725783608 0.06552173534212688
13 0.35883203720107365 0.6491087479739887 0.03664278725783608 0.06552173534212688
13 0.5201593821506568 0.6490401772315454 0.03664278725783608 0.06552173534212688
13 0.6830479998897041 0.6483158177128268 0.03664278725783608 0.06552173534212688
5 0.09157617343444105 0.3167584649167435 0.010260590470112223 0.02206456806905765
5 0.09157617343444109 0.289923179427349 0.010260590470112223 0.02206456806905765
2 0.18942833303380824 0.3357476813679706 0.02076588899513483 0.018274739063781145
2 0.1446420695247881 0.34153036915019686 0.02626035213604181 0.03020153261462353
2 0.3500074031519991 0.33572408614768584 0.02076588899513483 0.018274739063781145
2 0.5113265981082379 0.3356996385618649 0.02076588899513483 0.018274739063781145
2 0.6738919320360109 0.3356996385618649 0.02076588899513483 0.018274739063781145
2 0.3049868512517962 0.3414427938581221 0.02626035213604181 0.03020153261462353
2 0.4663750163660773 0.34131117502098507 0.02626035213604181 0.03020153261462353
2 0.6290260658169637 0.3415062604920046 0.02626035213604181 0.03020153261462353
4 0.17494756410229964 0.43610553921453676 0.010215094167236913 0.020597781437740395
4 0.3355159597191429 0.4362983463495999 0.010215094167236913 0.020597781437740395
4 0.49677245745234705 0.4361045864768684 0.010215094167236913 0.020597781437740395
4 0.6593362917080288 0.4361182367634822 0.010215094167236913 0.020597781437740395
2 0.16855870271445475 0.63173527484467 0.02140837070260588 0.018736169091548724
25 0.19639804516978998 0.5507023618359206 0.015947383579378804 0.015260025131456616
26 0.2530643425191666 0.6281751366803277 0.01113367132132031 0.011077711206851996
38 0.18211367164630524 0.6876814864504027 0.017310592759162892 0.010040697369142237
2 0.32893410789573535 0.6321378396278486 0.02140837070260588 0.018736169091548724
2 0.49058937395707597 0.632053938563492 0.02140837070260588 0.018736169091548724
2 0.6531155508499722 0.6318157795054136 0.02140837070260588 0.018736169091548724
25 0.35683722469473544 0.5507118560843689 0.015947383579378804 0.015260025131456616
25 0.5180582569616614 0.5504420156483628 0.015947383579378804 0.015260025131456616
25 0.6805957527175371 0.5509603352105024 0.015947383579378804 0.015260025131456616
32 0.35674194056904435 0.07199860979653999 0.028004224953686166 0.020424224659733446
37 0.8240079704745946 0.07651334125255098 0.03967010840641497 0.011526623261060149
38 0.34289982984069156 0.6875459608428324 0.017310592759162892 0.010040697369142237
38 0.5041079003671737 0.6877441716446699 0.017310592759162892 0.010040697369142237
38 0.6669026812306228 0.6874462604109565 0.017310592759162892 0.010040697369142237
38 0.2707488231288758 0.15495008803323898 0.013059957166640651 0.007813335154300084
38 0.43114320699083103 0.15506127456394503 0.013059957166640651 0.007813335154300084
38 0.5925268686407108 0.15500111169787187 0.013059957166640651 0.007813335154300084
38 0.7550411884239704 0.1547438150153492 0.013059957166640651 0.007813335154300084
26 0.41362796808401514 0.627982877266627 0.01113367132132031 0.011077711206851996
26 0.5749766623492623 0.627982877266627 0.01113367132132031 0.011077711206851996
26 0.7376921192678536 0.6282028461739574 0.01113367132132031 0.011077711206851996
9 0.6388584747385658 0.6542114256313262 0.025923776380410303 0.015209340544670092
9 0.6385826898834549 0.6182029869059081 0.025923776380410303 0.015209340544670092
9 0.47627122897563595 0.6181008078094179 0.025923776380410303 0.015209340544670092
9 0.476372591697535 0.6540589592705898 0.025923776380410303 0.015209340544670092
9 0.3149650216967488 0.6540131699095524 0.025923776380410303 0.015209340544670092
9 0.31489595461557907 0.618071828199772 0.025923776380410303 0.015209340544670092
9 0.15447323233342763 0.6180195248414406 0.025923776380410303 0.015209340544670092
9 0.15430608999699688 0.6541815932693299 0.025923776380410303 0.015209340544670092
9 0.14426126725355753 0.3688789880798374 0.0135502292144415 0.028026784798556345
9 0.30487983287323284 0.36948597229798985 0.0135502292144415 0.028026784798556345
9 0.46632354719822255 0.3689890182286547 0.0135502292144415 0.028026784798556345
9 0.6289258094842144 0.36914301342380185 0.0135502292144415 0.028026784798556345
