12 0.49291222566673004 0.37677769039824693 0.03431407328221862 0.040802385194528286
11 0.3632867051640924 0.12053296984639193 0.017096536414400443 0.013774124807478243
11 0.5522800475604408 0.12117134372328954 0.017096536414400443 0.013774124807478243
11 0.3883432632250067 0.43887677987871226 0.017096536414400443 0.013774124807478243
0 0.37615815016006815 0.4732800859385011 0.015318949515685068 0.03611703655914353
22 0.4463041642685795 0.6307785869339585 0.028906733191791923 0.06337218561133627
22 0.5066704614028484 0.6305847882012021 0.02965530902954137 0.06337218561133627
13 0.3959176879370537 0.15316925370636744 0.030139721811346686 0.05094968684165231
13 0.5850139410855484 0.1511762285180186 0.03013972181134667 0.04950820866412549
37 0.7253300971582476 0.21018927274136406 0.04891262576203852 0.015643389521536294
37 0.4981569988534893 0.23357979360142356 0.04840223314539115 0.015282388224885455
26 0.45141599171063895 0.13820831337499348 0.011156087050520135 0.01072150755780728
25 0.48582939757064303 0.1981944102097812 0.012898385913497967 0.012821574636871485
4 0.3747034261657581 0.274509556998872 0.00662349546909352 0.01117778301675975
3 0.37784646359356466 0.2877609379401331 0.018118937890981235 0.012394377851678741
3 0.37453615956570163 0.3560449222639098 0.018118937890981235 0.012394377851678741
4 0.3775393544520535 0.37170915281381967 0.006295531388555454 0.010528268755564002
28 0.33708795141751713 0.4832235963853951 0.014463930524100317 0.01233916756806357
30 0.3268868147276065 0.483223596385395 0.005002006637806405 0.007877547656447359
42 0.47441787432862426 0.4310981219702099 0.02551963083236798 0.012630072913128438
26 0.4807966962161082 0.4169826200873718 0.012757802732926184 0.012387164838518984
25 0.6749396654480629 0.20397563686202605 0.012898385913497967 0.012821574636871485
26 0.6407633688405009 0.1367896097518504 0.011156087050520135 0.01072150755780728
4 0.5637982709536057 0.2733909374039259 0.00662349546909352 0.01117778301675975
3 0.5668675909386374 0.2864707664047472 0.018118937890981235 0.012394377851678741
8 0.4587606526911484 0.3276408030764403 0.005403377882681559 0.007972389357541883
38 0.3794009926961957 0.5375161035091912 0.011327879341780726 0.005256426128105645
41 0.41675189281531144 0.51198595385002 0.008931203111870352 0.012362399787617155
26 0.4387197714372506 0.5314125820877039 0.013012666899553047 0.012769951428967164
15 0.04712756501410632 0.7925511407729453 0.07699328935444112 0.07528315759593793
39 0.045064104916270005 0.7513380408706112 0.005014570791425216 0.006123991605559944
40 0.04816359665762444 0.7108580812223676 0.011091978058290581 0.0064529009880419895
20 0.05100109969936265 0.6968217877590537 0.0072506003757656975 0.006113274620250284
19 0.037340200315883566 0.7052445216802873 0.007586720922986628 0.014264307447250511
29 0.06724402853145339 0.6870882392294484 0.01086485660281129 0.010577799075418871
14 0.0442327259076501 0.6164328868378369 0.0060459731448585215 0.0343100405907821
39 0.11115842673351477 0.7527795190481379 0.005014570791425216 0.006123991605559944
40 0.1144125582984516 0.7108580812223676 0.011091978058290581 0.0064529009880419895
19 0.10340201799727336 0.705509255964498 0.007586720922986628 0.014264307447250511
20 0.11706291738075242 0.6966894206169484 0.0072506003757656975 0.006113274620250284
25 0.13583925291038468 0.6806261294258644 0.012373154342966295 0.01268974254893863
14 0.1103215264795165 0.6164869185109656 0.0060459731448585215 0.0343100405907821
17 0.10888353172359942 0.7770512989328597 0.013079578416455373 0.03636283288796802
40 0.1779799715732927 0.7108580812223676 0.011091978058290581 0.0064529009880419895
19 0.1668324325366083 0.7053154572317416 0.007586720922986628 0.014264307447250511
20 0.1806303306555935 0.6968832193497048 0.0072506003757656975 0.006113274620250284
39 0.1747258400083559 0.7525857203153815 0.005014570791425216 0.006123991605559944
17 0.17243443828221186 0.77710406894312 0.013079578416455373 0.03636283288796802
14 0.17402593848986375 0.6166807172437221 0.0060459731448585215 0.0343100405907821
20 0.2113032256073776 0.7594928775655151 0.0072506003757656975 0.006113274620250284
19 0.1989874584614644 0.7670370362912767 0.0067224109444187705 0.012566175608291128
38 0.20907771863430785 0.7839648523554872 0.011213461627500398 0.006164218575419711
25 0.2398144991365885 0.6743969851570436 0.012026873351775078 0.012821574636871485
14 0.20498765271424754 0.6166807172437221 0.0060459731448585215 0.0343100405907821
40 0.30612642528168915 0.7112014074991684 0.011091978058290581 0.0064529009880419895
19 0.2949788862450047 0.7051005816840398 0.007586720922986628 0.014264307447250511
20 0.30902210149257603 0.6971586203529471 0.0072506003757656975 0.006113274620250284
14 0.3021670416235589 0.6163373909669214 0.0060459731448585215 0.0343100405907821
17 0.3007594143110754 0.7771040689431201 0.013079578416455373 0.03636283288796802
39 0.30286320202804495 0.752753502003106 0.005014570791425216 0.006123991605559944
39 0.3417708429117839 0.7529473007358625 0.005014570791425216 0.006123991605559944
39 0.3809524812665351 0.7529207045670008 0.005014570791425216 0.006123991605559944
17 0.3397903540567697 0.7771040689431201 0.013079578416455373 0.03636283288796802
17 0.37882129380246427 0.7771040689431201 0.013079578416455373 0.03636283288796802
40 0.3450066664183269 0.7109882288931361 0.011091978058290581 0.0064529009880419895
40 0.38403760616402133 0.7107750502871039 0.011091978058290581 0.0064529009880419895
19 0.33385912738164253 0.7053137602900718 0.007586720922986628 0.014264307447250511
19 0.37314719450612566 0.7049934318061769 0.007586720922986628 0.014264307447250511
20 0.34774405813976117 0.6969984561109996 0.0072506003757656975 0.006113274620250284
20 0.3866924589778655 0.6968382918690521 0.0072506003757656975 0.006113274620250284
14 0.34100222036620376 0.6163373909669214 0.0060459731448585215 0.0343100405907821
14 0.38006384329976767 0.6164975552088688 0.0060459731448585215 0.0343100405907821
16 0.42118647883676424 0.6163743593823229 0.005342950684738835 0.03468997316339201
26 0.4370902986354468 0.700999820338656 0.010749177835451939 0.010720644567206809
20 0.42791052938287194 0.6967288975367337 0.0072506003757656975 0.006113274620250284
19 0.4143652649111321 0.7048840374738584 0.007586720922986628 0.014264307447250511
40 0.42517834435438423 0.7108844446194225 0.011091978058290581 0.0064529009880419895
39 0.4218256577274528 0.7920007796021717 0.005014570791425216 0.006123991605559944
14 0.4665531283918648 0.5798325857394248 0.021845914880518933 0.008794285167597728
25 0.47663745046223993 0.6890603830117391 0.012257929343147386 0.012442511357898898
26 0.5020292525602124 0.700999820338656 0.010749177835451939 0.010720644567206809
40 0.5356978409630218 0.7106007038947938 0.011091978058290581 0.0064529009880419895
19 0.5246707457818981 0.7052811389001744 0.007586720922986628 0.014264307447250511
20 0.538221911212402 0.6967288975367337 0.0072506003757656975 0.006113274620250284
39 0.5324190045119375 0.7919354236867585 0.005014570791425216 0.006123991605559944
16 0.5308542232952295 0.6195053648376896 0.007584748174841177 0.03997539314765563
17 0.5653081385679469 0.7772342166138888 0.013079578416455373 0.03636283288796802
39 0.5673048257346225 0.752956680941252 0.005014570791425216 0.006123991605559944
40 0.5705908322001185 0.7108919116074255 0.011091978058290581 0.0064529009880419895
19 0.5594608078413043 0.7051355350438584 0.007586720922986628 0.014264307447250511
20 0.5731149024494987 0.696583293680418 0.0072506003757656975 0.006113274620250284
25 0.5918237248174537 0.6836597742893705 0.012351501322866195 0.012376327786846188
14 0.5665256111877782 0.6163223574549034 0.0060459731448585215 0.0343100405907821
14 0.6289148353372667 0.6163223574549033 0.0060459731448585215 0.0343100405907821
14 0.6637872407388252 0.616642685938798 0.0060459731448585215 0.0343100405907821
14 0.6982067577585453 0.6161621932129558 0.0060459731448585215 0.0343100405907821
14 0.7868400083876759 0.6166638646815349 0.0060459731448585215 0.0343100405907821
14 0.8214616408835883 0.6163991303973241 0.0060459731448585215 0.0343100405907821
14 0.8606683003857161 0.6165314975394293 0.0060459731448585215 0.0343100405907821
40 0.6328293577405499 0.7106787330013933 0.011091978058290581 0.0064529009880419895
40 0.6676194197999563 0.7108243368577092 0.011091978058290581 0.0064529009880419895
40 0.7909182817554671 0.7110181355904657 0.011091978058290581 0.0064529009880419895
40 0.8254419631030099 0.7110181355904657 0.011091978058290581 0.0064529009880419895
40 0.8646236014577611 0.7106305381249527 0.011091978058290581 0.0064529009880419895
20 0.635556416988625 0.6968079781943838 0.0072506003757656975 0.006113274620250284
20 0.6707581957587933 0.6968079781943842 0.0072506003757656975 0.006113274620250284
20 0.7936834247992874 0.6968079781943846 0.0072506003757656975 0.006113274620250284
20 0.8284312858958406 0.6968079781943847 0.0072506003757656975 0.006113274620250284
20 0.8676627419725941 0.6968079781943848 0.0072506003757656975 0.006113274620250284
29 0.8833019477905732 0.6870294364014643 0.010888375821810382 0.010108036306223351
39 0.6296966097327603 0.7527788957206131 0.005014570791425216 0.006123991605559944
39 0.6647281029662835 0.7528882900529317 0.005014570791425216 0.006123991605559944
39 0.7878448673142421 0.7529072994920454 0.005014570791425216 0.006123991605559944
39 0.8226124084432382 0.7528168909529391 0.005014570791425216 0.006123991605559944
39 0.8615980703709728 0.7448609395115986 0.005014570791425216 0.006123991605559944
17 0.6623662468735212 0.7772817338102719 0.013079578416455373 0.03636283288796802
17 0.7854997000737327 0.776969258615315 0.013079578416455373 0.03636283288796802
17 0.8202991966633253 0.7772974416122703 0.013079578416455373 0.03636283288796802
19 0.6218177543858995 0.7053729320400357 0.007586720922986628 0.014264307447250511
19 0.656757855002117 0.7051740332540021 0.007586720922986628 0.014264307447250511
19 0.6921473440424343 0.7671149099351318 0.0068472557191006835 0.012769951428964397
20 0.7045189660412937 0.7595632402665103 0.0072506003757656975 0.006113274620250284
25 0.7280248824588615 0.6743117946580014 0.012819361221459453 0.012971979926320099
15 0.8771292749676742 0.7853216572853542 0.07749675970742613 0.07583615730983
19 0.7800009119626244 0.7051980442730098 0.007586720922986628 0.014264307447250511
19 0.8145767203280415 0.705288452812116 0.007586720922986628 0.014264307447250511
19 0.8536262931769693 0.7051980442730097 0.007586720922986628 0.014264307447250511
3 0.3729231738844188 0.10569117736281411 0.02228573822000175 0.016707498026815606
3 0.5617939603429132 0.10548210651821607 0.02228573822000175 0.016707498026815606
