1 0.6737254524336352 0.598887772835685 0.14896410596659315 0.19081234318714824
10 0.16864945775387186 0.8026294030815464 0.10351115989476622 0.07286205968437409
10 0.2993796113140414 0.803511687965567 0.10351115989476611 0.07286205968437398
2 0.1786704077783755 0.6888120515601515 0.05861870768413513 0.13857757832127315
32 0.36891391373257304 0.6328860763309786 0.026234346865556923 0.03914882666913111
32 0.47910144343298616 0.6353483674974678 0.026234346865556923 0.03914882666913122
25 0.5937350602101013 0.7715288780490723 0.05163205325771758 0.13165518758966732
25 0.6568435214606412 0.8834458137001353 0.050118895443983735 0.13165518758966732
25 0.9416265026548092 0.3633591270631314 0.051336273380982456 0.10113091693070453
24 0.8609221809883054 0.1728136799193038 0.04902382863409571 0.09989761306569556
31 0.8979782338659265 0.614605604319218 0.04756698844355012 0.07970226227618116
35 0.7677718531634996 0.33914694708176774 0.050975532000470336 0.06851002970122222
