13 0.8672553796386727 0.27376703338623026 0.24065340413411507 0.23256880554199208
10 0.19710821370442394 0.2889312068176265 0.17311667968749966 0.0566233236694334
2 0.10028236653645733 0.21175558776855397 0.1394014029947916 0.06025777282714839
24 0.8211835377024523 0.8903354901167138 0.1044285481770838 0.05208712463378906
11 0.2861349732024929 0.5821391691559266 0.07089635690051538 0.028919767958171527
32 0.3469468766033894 0.5218273455893352 0.03986016152350086 0.027469054247079683
32 0.044577539434139155 0.40714805788015607 0.039860161523500894 0.027469054247079683
10 0.1970777471798139 0.11424404328987307 0.1731166796874997 0.05552676116943331
0 0.3463184619140577 0.7087547320556646 0.10143914062499942 0.12861780334472683
31 0.3740145901490692 0.9331173926362322 0.09501241943359462 0.0343980058740605
35 0.6501736282308566 0.7942150704480044 0.07110541515537627 0.05129706733065653
