27 0.855588705087824 0.9094166001368649 0.05182716741634574 0.10181020490010728
14 0.20385993877418543 0.10655198732296847 0.1834561912890877 0.05695520832711243
19 0.6435081841696657 0.17833063131625976 0.02578916045270463 0.06960267777764481
34 0.7157508870775466 0.14665956239816752 0.04128000539904797 0.11237334803074268
33 0.9628125957045175 0.11566812550906605 0.04952562914416847 0.04775352565313257
14 0.20450504673561057 0.5114592096643292 0.1834561912890877 0.05695520832711248
18 0.6925657153102979 0.4397926163983612 0.07360486956978529 0.07428376901121397
19 0.6441532921310908 0.5832378536576206 0.02578916045270463 0.06960267777764473
34 0.7163959950389731 0.5515667847395301 0.04128000539904797 0.11237334803074267
32 0.9069583814088258 0.5192579462132225 0.028574083412387763 0.0434506616301254
