32 0.39610234805950206 0.07885316849788093 0.029652855953151702 0.045176697695329435
19 0.7043421424210705 0.1417211707310526 0.02578916045270463 0.06960267777764433
34 0.6320994395131855 0.11027581183655097 0.04128000539904808 0.1119219279835524
18 0.6562406031841064 0.4012075130915553 0.07360486956978463 0.07428376901121203
19 0.704653026363316 0.5446527503508176 0.02578916045270463 0.06960267777764428
34 0.6324103234554321 0.5134331014799071 0.04128000539904797 0.11147050793636354
17 0.10418895945718032 0.4592547970881462 0.1759135864604282 0.12134698880187833
32 0.22426020572317146 0.4817827073384552 0.02857408341238854 0.0434506616301249
33 0.3850789578243163 0.4808460458248649 0.04952562914416847 0.04775352565313301
18 0.6904805346145722 0.8257619775692817 0.07360486956978463 0.07428376901121303
34 0.6666502548858972 0.9379875659576361 0.04128000539904797 0.11147050793636315
32 0.18090794413198946 0.9056500632045456 0.03144075045399719 0.047018069504132676
