19 0.8465657100496451 0.06792878864091373 0.02578916045270463 0.06960267777764481
17 0.24645975950516785 0.3416774986412463 0.17591358646042754 0.12134698880187977
32 0.3665310057711593 0.3642054088915557 0.02857408341238854 0.043450661630127285
18 0.7987043926511272 0.28280206072366526 0.0736048695697854 0.07428376901121395
19 0.8471168158303342 0.42624729798292643 0.02578916045270463 0.06960267777764484
34 0.7748741129224535 0.39457622906483414 0.04128000539904797 0.11237334803074267
33 0.5278124042954826 0.3635847921757327 0.04952562914416847 0.04775352565313257
18 0.7980592846897021 0.687709283065028 0.0736048695697854 0.07428376901121403
19 0.846471707868909 0.8311545203242872 0.02578916045270463 0.06960267777764473
34 0.7742290049610269 0.7994834514061968 0.04128000539904808 0.11237334803074261
32 0.5836666185911742 0.7671746128798892 0.028574083412387763 0.04345066163012534
