18 0.6322452080664498 0.8542653611322013 0.048298465818051306 0.07142979531655902
19 0.5005094020791243 0.9008303684679568 0.06523207900936534 0.0236509833311217
34 0.5365176587178659 0.8422167155460244 0.09804376355199773 0.045721651530409746
18 0.26887072379963967 0.8548249727609469 0.04829846581805175 0.07142979531655913
19 0.13816887614565043 0.9013899800967025 0.06523207900936501 0.02365098333112181
34 0.1731431744510566 0.8427763271747721 0.09804376355199762 0.045721651530409635
32 0.20018316867605768 0.6563180796085056 0.0471226072947597 0.029063341110060037
32 0.5624897386102399 0.4620965228403058 0.0471226072947597 0.029063341110060037
17 0.5862384908540543 0.3006203118712587 0.13054545186360633 0.20009607666015583
17 0.22396138633749846 0.5107838022832315 0.13054545186360633 0.20009607666015583
33 0.5633898065006988 0.6479028720930251 0.043816725719148075 0.043816725719148075
