15 0.8732569739815627 0.7710225963269539 0.07587160786996398 0.07394268519184388
15 0.043319893380681596 0.7782603724112824 0.07587988557217393 0.07363126255672404
20 0.5029806101020747 0.6165400465711546 0.029123378460041857 0.0617035333418122
20 0.4428571490785309 0.6164652599619024 0.028371720897842186 0.06170922737997035
17 0.10509011878295128 0.7630770722044216 0.012675624818286406 0.03557147498095891
13 0.5810008071142536 0.1382268231495017 0.028359184394196248 0.046655639903047004
12 0.4894991730348422 0.3622496448541731 0.03143284867769051 0.041725569074959654
14 0.0403467809447542 0.6023734724763976 0.005407163980528442 0.03330256556149378
14 0.10650594038148946 0.6021839063038855 0.005515494418089328 0.03312471334871041
32 0.4182047156753898 0.7780433322127023 0.004469662507057486 0.005716829870666018
32 0.1073568492591239 0.7386540598276109 0.004414616000446833 0.005559954292208796
1 0.5565474913384537 0.46090238111292686 0.023607471980889173 0.035061802433767754
3 0.5578395905542658 0.09354535443686358 0.02195835233586358 0.01583394841409977
18 0.19526390874103275 0.752923998282014 0.006411283474823025 0.012393975631802645
18 0.033497790522787785 0.691142703559312 0.007106429840843356 0.013452297654186708
18 0.5208746046960675 0.6912513821130136 0.007146796749590628 0.013630060091015946
31 0.5643535113986978 0.5352593719013727 0.010950876322955463 0.005781013074341383
23 0.5881823283995767 0.669431537953619 0.01170599220961162 0.011344389526741373
32 0.5287215576047958 0.7779324065106783 0.004514450699446567 0.005530861941066516
23 0.23610232038157158 0.6600849776874952 0.011484025928089548 0.011285367521935909
16 0.4165712414878817 0.6051795996475987 0.007086111136642236 0.039183624466983445
24 0.6368142843390072 0.12435816516011192 0.01007024588117184 0.00973761179101833
19 0.20750464403603094 0.7450688112988079 0.006116623636687093 0.004693390745789014
32 0.041229492051585395 0.7372632918208507 0.004436997495643303 0.005545570670505973
23 0.13198867784411428 0.6662536527286906 0.011675498910063786 0.011409652345853257
16 0.52701673496617 0.6050360124809323 0.007038159415479567 0.03894972792525651
24 0.47707319927685243 0.4047135057372981 0.012099917938336223 0.011187376048173632
4 0.5598773377778664 0.26093070820506875 0.005824281964436834 0.010026559208750466
23 0.47056847415730074 0.6640059462462162 0.011486463137326219 0.011355588086073143
23 0.6711709742195208 0.19123842796523405 0.012008995458754943 0.0111944145700691
11 0.548344909134402 0.10875883852578827 0.014248841890305846 0.010160722738891395
3 0.563173041408571 0.27387925667187957 0.01768068098671468 0.011776667826872388
8 0.4436046207394488 0.314950139839003 0.004530683962938827 0.006093774461877005
3 0.5595844498793628 0.3400362991898773 0.017543142383049156 0.011811138476589903
4 0.5626674845897439 0.3593034798411869 0.00584501045126615 0.010202013288353094
36 0.47066165536003524 0.4186430968763086 0.02497490275076165 0.011451864302397115
11 0.5743959550778883 0.4261641716624982 0.014138806236179824 0.010426264413469905
26 0.6050642129150163 0.4705105087327876 0.023236905994824773 0.011074218153386854
35 0.6017868439784091 0.49640159477665885 0.008542268032046035 0.011764317436655245
24 0.6179907512338094 0.49885217453578534 0.012517095398080795 0.011638785227993659
34 0.0443145039179632 0.695562393442995 0.010897840098183802 0.007975145592013958
19 0.04727508083025169 0.6825578953953232 0.006499063106811591 0.0050019334799846615
27 0.07388590838574899 0.7209129053237482 0.00989480506427138 0.009393801298285638
18 0.099588269788734 0.6911339351800184 0.007106429840843356 0.013452297654186708
34 0.11052405428605681 0.6955536250637013 0.010897840098183802 0.007975145592013958
19 0.11336556009619791 0.6825491270160298 0.006499063106811591 0.0050019334799846615
17 0.16853595633535598 0.7631629494135442 0.012675624818286406 0.03557147498095891
14 0.16995177793389413 0.6022697835130084 0.005515494418089328 0.03312471334871041
32 0.17080268681152855 0.738739937036734 0.004414616000446833 0.005559954292208796
18 0.16303410734113868 0.6912198123891415 0.007106429840843356 0.013452297654186708
34 0.17414881160126747 0.6955973260220971 0.010897840098183802 0.007975145592013958
19 0.1769604974509409 0.6825084754729719 0.006499063106811591 0.0050019334799846615
17 0.29675954664920445 0.7631747819555137 0.012675624818286406 0.03557147498095891
14 0.29817536824774254 0.6022816160549777 0.005515494418089328 0.03312471334871041
32 0.299026277125377 0.7387517695787034 0.004414616000446833 0.005559954292208796
18 0.29125769765498716 0.691231644931111 0.007106429840843356 0.013452297654186708
34 0.302372401915116 0.6956091585640665 0.010897840098183802 0.007975145592013958
19 0.3051840877647893 0.6825203080149411 0.006499063106811591 0.0050019334799846615
17 0.335691493212001 0.7631960124643296 0.012675624818286406 0.03557147498095891
14 0.3371073148105391 0.6023028465637933 0.005515494418089328 0.03312471334871041
32 0.33795822368817363 0.738773000087519 0.004414616000446833 0.005559954292208796
18 0.3301896442177837 0.6912528754399269 0.007106429840843356 0.013452297654186708
34 0.3413043484779125 0.6956303890728822 0.010897840098183802 0.007975145592013958
19 0.3441160343275859 0.682541538523757 0.006499063106811591 0.0050019334799846615
17 0.3747165597383646 0.7631960124643296 0.012675624818286406 0.03557147498095891
14 0.37613238133690285 0.6023028465637933 0.005515494418089328 0.03312471334871041
32 0.37698329021453714 0.738773000087519 0.004414616000446833 0.005559954292208796
18 0.36921471074414747 0.6912528754399268 0.007106429840843356 0.013452297654186708
34 0.3803294150042764 0.6956303890728822 0.010897840098183802 0.007975145592013958
19 0.3831411008539497 0.682541538523757 0.006499063106811591 0.0050019334799846615
14 0.20135795199110745 0.5940134665119928 0.004934387749242659 0.03245225314048268
18 0.4104720865992608 0.6850526208033336 0.007106429840843356 0.013452297654186708
34 0.42127503672722777 0.6894876475054623 0.010708076713389752 0.00740001490028218
19 0.4241680497418128 0.6762645997949329 0.006797262711488413 0.005001933479984661
24 0.4333305944049488 0.6747044704574523 0.009799282612392926 0.009232137289300184
14 0.46284422317691737 0.5656051563395512 0.02122559330685745 0.007460461135983224
24 0.4982089731539091 0.6867353361535679 0.009799282612392926 0.009232137289300184
34 0.5318707384472874 0.6955410168276625 0.010708076713389752 0.00755338308474385
19 0.5348721876817552 0.6825480213938256 0.006797262711488413 0.005001933479984661
17 0.5612116688325794 0.7631185827547408 0.012675624818286406 0.03557147498095891
14 0.5626274904311178 0.6022254168542045 0.005515494418089328 0.03312471334871041
32 0.563478399308752 0.7386955703779303 0.004414616000446833 0.005559954292208796
18 0.5557098198383621 0.6911754457303381 0.007106429840843356 0.013452297654186708
34 0.5666520119304966 0.6955529593632934 0.010897840098183802 0.007975145592013958
19 0.5695622761618808 0.6824641088141682 0.006499063106811591 0.0050019334799846615
17 0.6234950099988325 0.7632007475205329 0.012675624818286406 0.03557147498095891
14 0.6249108315973707 0.6023075816199964 0.005515494418089328 0.03312471334871041
32 0.6257617404750048 0.7387777351437221 0.004414616000446833 0.005559954292208796
18 0.617993161004615 0.69125761049613 0.007106429840843356 0.013452297654186708
34 0.6289353530967494 0.6956351241290853 0.010897840098183802 0.007975145592013958
19 0.6318456173281338 0.6825462735799601 0.006499063106811591 0.0050019334799846615
17 0.6585155593807812 0.7631821783743304 0.012675624818286406 0.03557147498095891
14 0.6599313809793196 0.6022890124737938 0.005515494418089328 0.03312471334871041
32 0.6607822898569534 0.7387591659975195 0.004414616000446833 0.005559954292208796
18 0.653013710386564 0.6912390413499275 0.007106429840843356 0.013452297654186708
34 0.6639559024786982 0.6956165549828826 0.010897840098183802 0.007975145592013958
19 0.6668661667100828 0.6825277044337575 0.006499063106811591 0.0050019334799846615
18 0.6884653286775293 0.752923998282014 0.006411283474823025 0.012393975631802645
23 0.7240209524194615 0.6600849776874955 0.011484025928089548 0.011285367521935909
19 0.7007060639725269 0.745068811298808 0.006116623636687093 0.004693390745789014
14 0.6945181661819961 0.5926656649013091 0.004934387749242646 0.029575832840899385
31 0.698455536127281 0.7684850471099446 0.010720399011103436 0.007677078011153105
17 0.7816063865195256 0.763118043397955 0.012675624818286406 0.03557147498095891
14 0.7830222081180639 0.6022248774974183 0.005515494418089328 0.03312471334871041
32 0.7838731169956976 0.738695031021144 0.004414616000446833 0.005559954292208796
18 0.7761045375253084 0.6911749063735521 0.007106429840843356 0.013452297654186708
34 0.7870467296174424 0.6955524200065067 0.010897840098183802 0.007975145592013958
19 0.7899569938488271 0.6824635694573818 0.006499063106811591 0.0050019334799846615
17 0.8164235825477927 0.7632267318239602 0.012675624818286406 0.03557147498095891
14 0.8178394041463306 0.6023335659234232 0.005515494418089328 0.03312471334871041
32 0.8186903130239641 0.7388037194471491 0.004414616000446833 0.005559954292208796
18 0.8109217335535749 0.691283594799557 0.007106429840843356 0.013452297654186708
34 0.8218639256457091 0.6956611084325119 0.010897840098183802 0.007975145592013958
19 0.8247741898770938 0.6825722578833867 0.006499063106811591 0.0050019334799846615
14 0.8569719888267376 0.6023335659234234 0.005515494418089328 0.03312471334871041
18 0.8500543182339817 0.6912835947995575 0.007106429840843356 0.013452297654186708
34 0.8609965103261159 0.6956611084325119 0.010897840098183802 0.007975145592013958
19 0.8639067745575011 0.6825722578833868 0.006499063106811591 0.0050019334799846615
27 0.8905042511817718 0.7208857516556236 0.009857838171129597 0.00934151668994673
32 0.8577164928129751 0.730709710354936 0.004414616000446833 0.005559954292208796
