15 0.9329404383953941 0.7341446350247341 0.06343435563797101 0.06678255251942723
15 0.04441218228363675 0.7341320515191092 0.06335004156432439 0.06650554489315194
13 0.4536825856142566 0.11261146046499931 0.027668020151351662 0.0428461472737844
14 0.04554991536411792 0.565507650678396 0.005214084317669375 0.0325200059476929
14 0.6836695550983519 0.5655300147538191 0.00523078189792192 0.032694216551073275
29 0.4704758699407824 0.24129413185398058 0.014018286098377577 0.01780449132624889
12 0.39955229318542146 0.3041302798746466 0.024417312645069092 0.0422604848159898
20 0.5278376614138485 0.5793967535782832 0.028512796696828154 0.06051950291537854
18 0.6769302030279526 0.6525284049466414 0.006893944423455434 0.013244289226616563
18 0.03877631487116902 0.6525192853356526 0.006929313735815182 0.013255542457432837
2 0.4267988483446603 0.2680176733754584 0.01690126014754584 0.01089420513710081
32 0.5696143880186074 0.7329609104055197 0.004341002994587115 0.005602943985604144
3 0.4324380358171612 0.14753614201482657 0.024216420686054563 0.011143272812597547
1 0.4387981206303861 0.4567280889882736 0.02305979537060027 0.03439904542591102
23 0.22847765922060634 0.6445185616734866 0.011215028482686186 0.010916675477559718
20 0.4589625075652988 0.5793286929803666 0.02767808796107171 0.060627932679889224
23 0.6258388476668664 0.6148910527746853 0.011130270413600011 0.010970918835645455
18 0.43022639407308866 0.6525742627685769 0.006875192544123832 0.013220964367031539
19 0.2060618371885746 0.7051524765616365 0.005769889438422074 0.004183753337487917
18 0.1940952674943512 0.7127613436075524 0.006394086945592427 0.011810937822638845
23 0.9543863451314746 0.6147015886798463 0.011192211813276483 0.011171068286777079
19 0.052290731817633634 0.6440409881504453 0.006571413460414008 0.004889050277427664
4 0.4329372625832232 0.25499324899720716 0.0056715229500475224 0.009797740956601556
32 0.04638608218960642 0.6974626192717515 0.004386295645050332 0.005400291989649331
4 0.43274578484444426 0.34877009814735876 0.005538929695669865 0.009798366004973785
16 0.5680705260030208 0.5682512575830586 0.006843793664419792 0.03819335524638649
31 0.429551135917919 0.516566824965907 0.013893342646497064 0.009878317876907084
24 0.49545232288037055 0.5075407516664385 0.012059058535184668 0.011163922269519243
23 0.3446296561274508 0.6153198084948464 0.01122801173083685 0.0111705068230704
16 0.43627335465735534 0.5683980436511389 0.006849547250123155 0.03823155913811046
24 0.4973654929931225 0.1006093517364702 0.01008862974845507 0.009428644276834822
22 0.3623872416323319 0.6146646494609878 0.011346449013859844 0.011301024871278409
11 0.44726290249167355 0.1328881859998427 0.013885772450568134 0.009780560139664765
23 0.5531068560676033 0.18827487930319323 0.011918277573928809 0.01095493759814865
22 0.575954796671273 0.18820273952148714 0.011769885386958025 0.010854718384449822
36 0.3019355609500637 0.28267646016456094 0.028961426033106596 0.01075936333164066
24 0.30416780701422674 0.2698886311201121 0.011832525071799055 0.011219059066793385
2 0.4277635919834913 0.3287044811504694 0.015102204681313574 0.012881020253992575
13 0.6391034658820938 0.11146955700725172 0.02766802015135164 0.04246272681263
29 0.6557343805238739 0.2412625373676441 0.013837875337548067 0.01780449132624889
2 0.6132006155484996 0.26913419311800324 0.015030735354574477 0.010894205137100816
3 0.6177716366987397 0.14618402552478926 0.02433570052792551 0.013673847856217773
4 0.6181055677859005 0.2561864528319829 0.0056715229500475224 0.009797740956601556
24 0.6826781268044634 0.09940399219240154 0.01008862974845507 0.009428644276834822
11 0.6325667529692037 0.13362128528123296 0.013885772450568134 0.009780560139664765
23 0.7337219972395094 0.18823307816418108 0.011816440402739305 0.01095493759814865
22 0.7565190192575842 0.18816093838247508 0.011769885386958025 0.010854718384449822
2 0.612931897186173 0.33003802645953995 0.015102204681313689 0.015519439970721352
8 0.5299509966451454 0.3047305118241342 0.0038199122913127326 0.003834204611545147
26 0.3775575370492171 0.46606249132264194 0.035730856332390266 0.01066426794865843
11 0.4213474607108035 0.4226537600767864 0.013812247849098246 0.010272995918326821
22 0.4566904676396711 0.3876356090294309 0.011708658377827778 0.0111150447640941
35 0.47396025191304636 0.48574853072431196 0.008096080829042302 0.011282387938039604
34 0.04956555642508197 0.6557562047672991 0.010854465610230875 0.009574008915028298
27 0.08461706587996222 0.7305488749766259 0.00956210302599587 0.00930666028438816
14 0.12262631209457679 0.5654961576479358 0.005214084317669375 0.0325200059476929
18 0.11585271160162788 0.6525077923051922 0.006929313735815182 0.013255542457432837
19 0.129422676096014 0.6440294951199858 0.006460318364571083 0.00488905027742767
34 0.12664195315554083 0.6557447117368388 0.010854465610230875 0.009574008915028298
32 0.12345341543177542 0.698977635253748 0.004386295645050332 0.005400291989649331
17 0.1211945807440853 0.7207485442347393 0.012527686673559205 0.03035297183871262
14 0.16336274982662982 0.565496157647936 0.005214084317669375 0.0325200059476929
18 0.15658914933368084 0.6525077923051924 0.006929313735815182 0.013255542457432837
19 0.1701591138280669 0.6440294951199861 0.006460318364571083 0.00488905027742767
34 0.1673783908875938 0.6557447117368388 0.010854465610230875 0.009574008915028298
32 0.1641898531638283 0.6989776352537481 0.004386295645050332 0.005400291989649331
17 0.16193101847613825 0.7207485442347397 0.012527686673559205 0.03035297183871262
14 0.1999895151881756 0.5660534701230268 0.005214084317669374 0.032615068871946214
31 0.20399571987169884 0.7268149313566888 0.010317706321812996 0.009236598909212777
22 0.2509951701021001 0.6444660161641679 0.011215028482686186 0.010916675477559718
14 0.29418460295624815 0.5655086005368202 0.005214084317669375 0.0325200059476929
18 0.28741100246329926 0.652520235194077 0.006929313735815182 0.013255542457432837
19 0.30098096695768534 0.6440419380088701 0.006460318364571083 0.00488905027742767
34 0.2982002440172123 0.6557571546257229 0.010854465610230875 0.009574008915028298
32 0.29501170629344675 0.6989900781426326 0.004386295645050332 0.005400291989649331
17 0.2927528716057568 0.7207609871236238 0.012527686673559205 0.03035297183871262
14 0.33208286579379703 0.5654652356304053 0.005214084317669375 0.0325200059476929
18 0.3253092653008482 0.6524768702876621 0.006929313735815182 0.013255542457432837
19 0.3388792297952342 0.6439985731024552 0.006460318364571083 0.00488905027742767
34 0.3360985068547611 0.6557137897193079 0.010854465610230875 0.009574008915028298
32 0.33290996913099563 0.6989467132362174 0.004386295645050332 0.005400291989649331
17 0.3306511344433058 0.7207176222172087 0.012527686673559205 0.03035297183871262
14 0.39871148306302423 0.5654600817132549 0.005214084317669375 0.0325200059476929
18 0.39193788257007534 0.6524717163705118 0.006929313735815182 0.013255542457432837
19 0.40550784706446147 0.643993419185305 0.006460318364571083 0.00488905027742767
34 0.4029955037681971 0.6557508120528844 0.010854465610230875 0.009574008915028298
32 0.39953858640022266 0.698941559319067 0.004386295645050332 0.005400291989649331
17 0.39727975171253294 0.7207124683000583 0.012527686673559205 0.03035297183871262
19 0.44372096293030744 0.6440712829254135 0.006460318364571083 0.00488905027742767
34 0.4410296998712371 0.6558286757929932 0.010854465610230875 0.009574008915028298
32 0.43778709270319555 0.7329137856457841 0.004386295645050332 0.005400291989649331
24 0.4706899666103829 0.6329543676103233 0.011957804147535101 0.011809350203559395
14 0.46675743671194814 0.531332872207858 0.017916620876028275 0.0057513069173135735
22 0.48556566218304203 0.5772164221530047 0.011114712537947668 0.010910054940123936
23 0.5009685343254321 0.5772861349641236 0.011114712537947668 0.010910054940123936
24 0.508524699177583 0.632972587476803 0.011957804147535101 0.011809350203559395
18 0.5620087997846003 0.6524811458731711 0.006875192544123832 0.013220964367031539
19 0.5755033686418191 0.6439781660300073 0.006460318364571083 0.00488905027742767
34 0.5728121055827489 0.6557355588975873 0.010854465610230875 0.009574008915028298
14 0.6094072215215085 0.5655431035178264 0.005214084317669375 0.0325200059476929
18 0.6026336210285596 0.6525547381750834 0.006929313735815182 0.013255542457432837
19 0.6162035855229455 0.6440764409898766 0.006460318364571083 0.00488905027742767
34 0.6136505786442258 0.6557954918113412 0.010935792775142696 0.009497324822796834
32 0.6102343248587068 0.6990245811236387 0.004386295645050332 0.005400291989649331
17 0.607975490171017 0.72079549010463 0.012527686673559205 0.03035297183871262
22 0.6426006119956117 0.6142865505609595 0.011130270413600011 0.010970918835645455
19 0.6904126359340519 0.6440715602363892 0.006460318364571083 0.00488905027742767
34 0.6878596290553319 0.6557906110578537 0.010935792775142696 0.009497324822796834
32 0.6844653823116481 0.6989270981165316 0.004386295645050332 0.005400291989649331
17 0.6822065476239585 0.7206980070975229 0.012527686673559205 0.03035297183871262
14 0.7205704681080557 0.5654550711126359 0.005214084317669375 0.0325200059476929
18 0.713796867615107 0.6524667057698927 0.006929313735815182 0.013255542457432837
19 0.7273668321094927 0.6439884085846859 0.006460318364571083 0.00488905027742767
34 0.7248138252307725 0.6557074594061505 0.010935792775142696 0.009497324822796834
32 0.7213975714452538 0.6989365487184481 0.004386295645050332 0.005400291989649331
17 0.7191387367575647 0.7207074576994394 0.012527686673559205 0.03035297183871262
14 0.8506717947814808 0.5654752436072883 0.00523078189792192 0.032694216551073275
18 0.8439324427110813 0.6524736338001105 0.006893944423455434 0.013244289226616563
19 0.8574148756171805 0.6440167890898587 0.006460318364571083 0.00488905027742767
34 0.8548171387977591 0.6557358399113237 0.010846332893739699 0.00949732482279684
32 0.8514676219947768 0.698872326970001 0.004386295645050332 0.005400291989649331
17 0.8492087873070873 0.7206432359509922 0.012527686673559205 0.03035297183871262
14 0.8877218075935229 0.5655690049690132 0.005214084317669375 0.0325200059476929
18 0.8809482071005745 0.6525806396262702 0.006929313735815182 0.013255542457432837
19 0.8945181715949598 0.6441023424410633 0.006460318364571083 0.00488905027742767
34 0.8918309748941357 0.6557370407610741 0.010905972814674814 0.009497324822796836
32 0.8885489109307211 0.6990504825748255 0.004386295645050332 0.005400291989649331
17 0.8862900762430317 0.7208213915558168 0.012527686673559205 0.03035297183871262
14 0.9340161229019295 0.5656018978872435 0.005214084317669375 0.0325200059476929
18 0.927242522408981 0.6526135325445006 0.006929313735815182 0.013255542457432837
19 0.9408124869033665 0.6441352353592938 0.006460318364571083 0.00488905027742767
34 0.9381252902025422 0.6557699336793044 0.010905972814674814 0.009497324822796836
22 0.9717887671210775 0.614645452090129 0.011069532495912518 0.011171068286777082
32 0.9347697800740371 0.6974812261268657 0.004386295645050332 0.005400291989649331
27 0.9731801511193123 0.7305851166119158 0.009623714514565335 0.009202091067708409
19 0.7628848163692749 0.7052434698879461 0.005769889438422074 0.004183753337487917
18 0.7509182466750515 0.7128523369338623 0.006394086945592427 0.011810937822638845
23 0.7855452217896252 0.6444949380034452 0.011095957380538939 0.010916675477559722
14 0.7566800192670606 0.5660298464529853 0.005214084317669374 0.032615068871946214
22 0.808003197120045 0.6444423924941266 0.011215028482686186 0.010916675477559718
23 0.06454835180454915 0.6146972533888083 0.01122801173083685 0.0111705068230704
22 0.08191300267234386 0.6146595968418436 0.011346449013859844 0.011301024871278409
