32 0.2284798572008107 0.021924387740669536 0.03970701948790201 0.02675555905493887
32 0.22876218570990853 0.1354451544063174 0.03970701948790201 0.026755559054938524
32 0.9608515752235628 0.021864270334522474 0.039707019487901674 0.026755559054938517
32 0.96113390373266 0.13483675575017262 0.03970701948790156 0.02675555905493887
0 0.2275385331425312 0.32211429291938687 0.09934844970703127 0.12876788917203646
31 0.25448312079431756 0.5463220393680253 0.09578123478379053 0.03368501608104424
24 0.7008718064286177 0.5037167415099075 0.10215306868680518 0.05108259278764077
35 0.5310723095657834 0.40762009447518166 0.06745179038352 0.05231373837088532
11 0.9017252187870581 0.19518936192675476 0.06997010731441267 0.031147983256094136
11 0.16730121790194658 0.19556651727708693 0.07100406564774564 0.0295031395060949
