15 0.9419440554873375 0.722638527875255 0.06818081776728484 0.067439878967735
15 0.0812027441641456 0.7227289364694772 0.06815361210460971 0.06732017079682973
20 0.543982291786165 0.5698920678297704 0.027698480640657004 0.0588251484978539
17 0.15007517680696772 0.7067745846118847 0.01233707069029567 0.029610851577944634
20 0.4772426413855601 0.5695785706432158 0.02683354369750592 0.05865854305444311
13 0.6515261321773289 0.10964790521794054 0.02679849454244334 0.04213487471237851
12 0.5760818797773999 0.3181590216177772 0.028159091635309778 0.037057462363318146
23 0.2828069036631472 0.6328169965406188 0.01095043061678043 0.0108731669024555
14 0.07671795689823928 0.5562380673447866 0.004982042585799041 0.03167533266546503
32 0.1521933789097597 0.6854908608604298 0.004210940167330389 0.004996556577563977
18 0.7599789832275978 0.6989836681489153 0.006295886382916629 0.011576505004829096
23 0.7905013694337157 0.6328019736466746 0.010792425335304027 0.010943994246503995
1 0.6375027431305809 0.42849740755476085 0.024159182493646236 0.03387072928677754
31 0.6360020735493866 0.4866663173253678 0.010748203295806169 0.010002715866095352
29 0.6678708324105321 0.2196309647149517 0.013419102790139864 0.017240306718211203
18 0.07007911338793547 0.6406340112873553 0.00676074556698668 0.012869193944683005
18 0.44943998531408047 0.6406356370032721 0.006757072436101847 0.01284810705531999
32 0.45676825991646836 0.7185427085460075 0.004293083049623857 0.005399541842859131
23 0.494758825190638 0.6198301383792509 0.011423553287831598 0.011244171343063285
32 0.07751300548560561 0.6841043185952393 0.004415263341588878 0.005425445565617918
24 0.6920377430713316 0.47756263114905884 0.011862840177735683 0.011078967977433013
16 0.4552828158906095 0.5590347663792274 0.006588220152359301 0.03698013840526147
23 0.6382388327525471 0.6143124236156978 0.01100530049434718 0.010908735731121229
24 0.6938319981172845 0.09791186164349057 0.009755625613560288 0.00921444144236671
3 0.6310246876231813 0.08279051286350506 0.023876583798222252 0.010886710374397124
11 0.6204169182628132 0.11211914338828548 0.013455034542655932 0.0097677666108681
23 0.7433907814306175 0.16829238110633568 0.011526082687867928 0.011071819590008757
4 0.6314559825120424 0.2341820390529831 0.005477926737910365 0.009464350663138046
3 0.6309421054747364 0.24804037255977154 0.02369514932733195 0.01375346448082012
2 0.5458392897120258 0.2746053321810068 0.007527902480955415 0.016566107684430936
24 0.5952763600742237 0.36736183567352226 0.011657060900229865 0.010806293520644345
36 0.5973501817699577 0.379464884416644 0.028465931486703865 0.011176795012780759
3 0.630874106611195 0.30289719944664345 0.02390646084327351 0.020403348762182937
4 0.6312793825919045 0.3237448861504776 0.005522914621269987 0.009509538298167038
11 0.6202784137917439 0.396036433628788 0.013296637399849862 0.009792947013486347
35 0.6712333768003244 0.45652621761399265 0.007984848918616392 0.011188906184599999
26 0.6946584090068144 0.4374844527224275 0.027106344065109474 0.010712767684656505
19 0.08320823217962904 0.6324011712354547 0.006259727238667369 0.0045313327227358025
34 0.08062512123215938 0.6436812792052029 0.01072623978021988 0.009232381284139564
27 0.10970852995939408 0.7161971981250903 0.009512567389185525 0.009139593532533517
14 0.15145163555031174 0.5561960376655777 0.004982042585799041 0.03167533266546503
18 0.14481279204000796 0.6405919816081463 0.00676074556698668 0.012869193944683005
19 0.15794191083170145 0.6323591415562457 0.006259727238667369 0.0045313327227358025
34 0.1553587998842319 0.643639249525994 0.01072623978021988 0.009232381284139564
23 0.16655362778870958 0.6143348506343677 0.01092305151930649 0.011134530191927111
17 0.22186065063470012 0.7068396635927158 0.01233707069029567 0.029610851577944634
32 0.22397885273749205 0.685555939841261 0.004210940167330389 0.004996556577563977
14 0.22323710937804414 0.5562611166464088 0.004982042585799041 0.03167533266546503
18 0.21659826586774023 0.6406570605889773 0.00676074556698668 0.012869193944683005
19 0.22972738465943374 0.6324242205370766 0.006259727238667369 0.0045313327227358025
34 0.22714427371196422 0.6437043285068255 0.01072623978021988 0.009232381284139564
14 0.2586312842180353 0.5568827787789622 0.005220184790093691 0.0318794657189836
18 0.25285323787677927 0.699014191011624 0.006015246555295106 0.011603906422873256
19 0.2644983943998901 0.6916799537120937 0.005789239507772666 0.004277831591394435
31 0.2625162488774871 0.7124982252741556 0.010134769489953 0.009023242850781652
17 0.34849151298646447 0.7067987476937144 0.01233707069029567 0.029610851577944634
32 0.3506097150892566 0.685515023942259 0.004210940167330389 0.004996556577563977
14 0.3498679717298087 0.5562202007474071 0.004982042585799041 0.03167533266546503
18 0.34322912821950474 0.6406161446899756 0.00676074556698668 0.012869193944683005
19 0.3563582470111982 0.6323833046380752 0.006259727238667369 0.0045313327227358025
34 0.35377513606372873 0.6436634126078238 0.01072623978021988 0.009232381284139564
17 0.3852283738628177 0.7068733260806839 0.01233707069029567 0.029610851577944634
32 0.3873465759656098 0.6855896023292289 0.004210940167330389 0.004996556577563977
14 0.38660483260616196 0.5562947791343769 0.004982042585799041 0.03167533266546503
18 0.37996598909585805 0.6406907230769453 0.00676074556698668 0.012869193944683005
19 0.39309510788755153 0.6324578830250449 0.006259727238667369 0.0045313327227358025
34 0.390511996940082 0.6437379909947932 0.01072623978021988 0.009232381284139564
17 0.4176468590757472 0.7067993861909332 0.01233707069029567 0.029610851577944634
32 0.41976506117853923 0.6855156624394784 0.004210940167330389 0.004996556577563977
14 0.4190233178190914 0.5562208392446266 0.004982042585799041 0.03167533266546503
18 0.4123844743087874 0.6406167831871947 0.00676074556698668 0.012869193944683005
19 0.42551359310048104 0.6323839431352942 0.006259727238667369 0.0045313327227358025
34 0.4229304821530115 0.6436640511050429 0.01072623978021988 0.009232381284139564
34 0.45990483339002 0.643637017848772 0.010591814714249937 0.00923238128413956
19 0.4623710751571846 0.6323839431352942 0.006259727238667369 0.0045313327227358025
14 0.4847798270433152 0.5229911396311935 0.017193354521024672 0.005434287508969857
24 0.48852118390348054 0.6458990291416518 0.011751572852976042 0.011412876345971497
24 0.5134031149059152 0.645973746942566 0.011751572852976042 0.011412876345971497
18 0.5772250082320545 0.6406770435209665 0.006757072436101847 0.012848107055319991
32 0.5845532828344425 0.7185841150637019 0.004293083049623857 0.005399541842859131
16 0.5830678388085837 0.5590761728969216 0.006588220152359301 0.03698013840526147
34 0.5876898563079941 0.6436784243664667 0.010591814714249937 0.00923238128413956
19 0.5901560980751587 0.6324253496529887 0.006259727238667369 0.0045313327227358025
17 0.6217547016782821 0.7067483529275536 0.01233707069029567 0.029610851577944634
32 0.6238729037810739 0.6854646291760986 0.004210940167330389 0.004996556577563977
14 0.6231311604216263 0.5561698059812467 0.004982042585799041 0.03167533266546503
18 0.6164923169113222 0.640565749923815 0.00676074556698668 0.012869193944683005
19 0.6296214357030155 0.6323329098719145 0.006259727238667369 0.0045313327227358025
34 0.6270383247555464 0.6436130178416631 0.01072623978021988 0.009232381284139564
17 0.6936015770221386 0.706863486300656 0.01233707069029567 0.029610851577944634
32 0.6957197791249304 0.6855797625492008 0.004210940167330389 0.004996556577563977
14 0.6949780357654829 0.5562849393543489 0.004982042585799041 0.03167533266546503
18 0.6883391922551789 0.6406808832969172 0.00676074556698668 0.012869193944683005
19 0.7014683110468719 0.6324480432450169 0.006259727238667369 0.0045313327227358025
34 0.698885200099403 0.6437281512147652 0.01072623978021988 0.009232381284139564
17 0.7294908282614857 0.706833122887539 0.01233707069029567 0.029610851577944634
32 0.7316090303642772 0.685549399136084 0.004210940167330389 0.004996556577563977
14 0.7308672870048302 0.556254575941232 0.004982042585799041 0.03167533266546503
18 0.7242284434945259 0.6406505198838005 0.00676074556698668 0.012869193944683005
19 0.737357562286219 0.6324176798319001 0.006259727238667369 0.0045313327227358025
34 0.7347744513387501 0.6436977878016487 0.01072623978021988 0.009232381284139564
14 0.7657220418709698 0.5566888937340339 0.005080448455342093 0.031350575534866976
19 0.7717195495725149 0.6917176980098556 0.005544048187442272 0.00436262771982781
31 0.7697239813061388 0.7124860284006538 0.010278940373205522 0.00910585253195872
17 0.8554678565416467 0.7068702032005304 0.01233707069029567 0.029610851577944634
32 0.8575860586444379 0.6855864794490756 0.004210940167330389 0.004996556577563977
14 0.856844315284991 0.5562916562542234 0.004982042585799041 0.03167533266546503
18 0.8502054717746867 0.6406876001967919 0.00676074556698668 0.012869193944683005
19 0.8633345905663801 0.6324547601448917 0.006259727238667369 0.0045313327227358025
34 0.8607514796189105 0.6437348681146398 0.01072623978021988 0.009232381284139564
17 0.8913168490804059 0.7068244042046358 0.01233707069029567 0.029610851577944634
32 0.8934350511831971 0.6855406804531812 0.004210940167330389 0.004996556577563977
14 0.8926933078237501 0.5562458572583288 0.004982042585799041 0.03167533266546503
18 0.8860544643134457 0.6406418012008973 0.00676074556698668 0.012869193944683005
19 0.8991835831051391 0.6324089611489974 0.006259727238667369 0.0045313327227358025
34 0.8966004721576691 0.6436890691187451 0.01072623978021988 0.009232381284139564
14 0.9374778580151716 0.5562284847662599 0.004982042585799041 0.03167533266546503
18 0.9308390145048672 0.6406244287088286 0.00676074556698668 0.012869193944683005
19 0.9439681332965607 0.6323915886569289 0.006259727238667369 0.0045313327227358025
34 0.9413850223490905 0.6436716966266763 0.01072623978021988 0.009232381284139564
32 0.9381808220730348 0.6839983664156875 0.004210940167330389 0.004996556577563977
27 0.9700540329447337 0.7161378604425773 0.009512567389185525 0.009139593532533517
